,A,Epeak,TS,bkg_nllh,dur,gamma,imx,imy,nllh,phi,theta,time,timeID,squareID
0,0.008906207036663099,290.605030894529,14.9284334618945,46039.4403494695,2.0479999780654907,-0.10000000000000003,-0.3639999999999999,-0.522,45928.011286656394,124.88875809187863,32.471875492731016,646018382.6667001,-5122048.0,2012
1,0.008009528060527866,290.605030894529,14.736244205464468,46039.4403494695,2.0479999780654907,0.09999999999999998,-0.3639999999999999,-0.522,45930.86190282796,124.88875809187863,32.471875492731016,646018382.6667001,-5122048.0,2012
2,0.007097888571934708,290.605030894529,14.49643393643206,46039.4403494695,2.0479999780654907,0.3,-0.3639999999999999,-0.522,45934.36705103283,124.88875809187863,32.471875492731016,646018382.6667001,-5122048.0,2012
3,0.006470519367033404,460.57793515969075,15.904134318027632,46039.4403494695,2.0479999780654907,-0.10000000000000003,-0.3639999999999999,-0.522,45912.96960526657,124.88875809187863,32.471875492731016,646018382.6667001,-5122048.0,2012
4,0.006198693007772166,460.57793515969075,15.700021836671464,46039.4403494695,2.0479999780654907,0.09999999999999998,-0.3639999999999999,-0.522,45916.19500663352,124.88875809187863,32.471875492731016,646018382.6667001,-5122048.0,2012
5,0.005817832414975446,460.57793515969075,15.428510579781264,46039.4403494695,2.0479999780654907,0.3,-0.3639999999999999,-0.522,45920.42088011429,124.88875809187863,32.471875492731016,646018382.6667001,-5122048.0,2012
6,0.004753480904301531,729.9668340323904,16.46929247866154,46039.4403494695,2.0479999780654907,-0.10000000000000003,-0.3639999999999999,-0.522,45903.82155209565,124.88875809187863,32.471875492731016,646018382.6667001,-5122048.0,2012
7,0.00487040192750276,729.9668340323904,16.32374604555738,46039.4403494695,2.0479999780654907,0.09999999999999998,-0.3639999999999999,-0.522,45906.208006989575,124.88875809187863,32.471875492731016,646018382.6667001,-5122048.0,2012
8,0.004854331268786088,729.9668340323904,16.082913719714174,46039.4403494695,2.0479999780654907,0.3,-0.3639999999999999,-0.522,45910.110292611615,124.88875809187863,32.471875492731016,646018382.6667001,-5122048.0,2012
9,0.008716916329120307,290.605030894529,14.724408837597096,46039.4403494695,2.0479999780654907,-0.10000000000000003,-0.3619999999999999,-0.522,45931.036241661146,124.74078934755961,32.425286137346376,646018382.6667001,-5122048.0,2012
10,0.007826000000878889,290.605030894529,14.516829696481334,46039.4403494695,2.0479999780654907,0.09999999999999998,-0.3619999999999999,-0.522,45934.07117725118,124.74078934755961,32.425286137346376,646018382.6667001,-5122048.0,2012
11,0.006922732608024628,290.605030894529,14.261069143444107,46039.4403494695,2.0479999780654907,0.3,-0.3619999999999999,-0.522,45937.75130291245,124.74078934755961,32.425286137346376,646018382.6667001,-5122048.0,2012
12,0.006365305072846174,460.57793515969075,15.741105530679087,46039.4403494695,2.0479999780654907,-0.10000000000000003,-0.3619999999999999,-0.522,45915.54914780551,124.74078934755961,32.425286137346376,646018382.6667001,-5122048.0,2012
13,0.006085103274993565,460.57793515969075,15.516334925442814,46039.4403494695,2.0479999780654907,0.09999999999999998,-0.3619999999999999,-0.522,45919.06202471024,124.74078934755961,32.425286137346376,646018382.6667001,-5122048.0,2012
14,0.005698177790558381,460.57793515969075,15.223052868388226,46039.4403494695,2.0479999780654907,0.3,-0.3619999999999999,-0.522,45923.56968015263,124.74078934755961,32.425286137346376,646018382.6667001,-5122048.0,2012
15,0.00469487606363338,729.9668340323904,16.343720432744377,46039.4403494695,2.0479999780654907,-0.10000000000000003,-0.3619999999999999,-0.522,45905.88175067765,124.74078934755961,32.425286137346376,646018382.6667001,-5122048.0,2012
16,0.004799314826565557,729.9668340323904,16.173694665522707,46039.4403494695,2.0479999780654907,0.09999999999999998,-0.3619999999999999,-0.522,45908.64614990272,124.74078934755961,32.425286137346376,646018382.6667001,-5122048.0,2012
17,0.004771049218557571,729.9668340323904,15.90616182268314,46039.4403494695,2.0479999780654907,0.3,-0.3619999999999999,-0.522,45912.93735750481,124.74078934755961,32.425286137346376,646018382.6667001,-5122048.0,2012
18,0.008527476847447542,290.605030894529,14.399464038070182,46039.4403494695,2.0479999780654907,-0.10000000000000003,-0.3599999999999999,-0.522,45935.76806717766,124.59228868750995,32.37882235831804,646018382.6667001,-5122048.0,2012
19,0.0076381603481830065,290.605030894529,14.16021448165023,46039.4403494695,2.0479999780654907,0.09999999999999998,-0.3599999999999999,-0.522,45939.18451238633,124.59228868750995,32.37882235831804,646018382.6667001,-5122048.0,2012
20,0.006739657094351456,290.605030894529,13.872423680289831,46039.4403494695,2.0479999780654907,0.3,-0.3599999999999999,-0.522,45943.21828008677,124.59228868750995,32.37882235831804,646018382.6667001,-5122048.0,2012
21,0.0062647157704694085,460.57793515969075,15.488397372866034,46039.4403494695,2.0479999780654907,-0.10000000000000003,-0.3599999999999999,-0.522,45919.4951228796,124.59228868750995,32.37882235831804,646018382.6667001,-5122048.0,2012
22,0.0059738538763466345,460.57793515969075,15.225449292889833,46039.4403494695,2.0479999780654907,0.09999999999999998,-0.3599999999999999,-0.522,45923.53319638432,124.59228868750995,32.37882235831804,646018382.6667001,-5122048.0,2012
23,0.005578353631714837,460.57793515969075,14.89222736292304,46039.4403494695,2.0479999780654907,0.3,-0.3599999999999999,-0.522,45928.551131555,124.59228868750995,32.37882235831804,646018382.6667001,-5122048.0,2012
24,0.004639528765041494,729.9668340323904,16.14753212992608,46039.4403494695,2.0479999780654907,-0.10000000000000003,-0.3599999999999999,-0.522,45909.068952526,124.59228868750995,32.37882235831804,646018382.6667001,-5122048.0,2012
25,0.004730612020120133,729.9668340323904,15.935681044416603,46039.4403494695,2.0479999780654907,0.09999999999999998,-0.3599999999999999,-0.522,45912.46738429481,124.59228868750995,32.37882235831804,646018382.6667001,-5122048.0,2012
26,0.00468903531932464,729.9668340323904,15.622682076277691,46039.4403494695,2.0479999780654907,0.3,-0.3599999999999999,-0.522,45917.406251841276,124.59228868750995,32.37882235831804,646018382.6667001,-5122048.0,2012
27,0.009215597436777535,290.605030894529,15.606858801963506,46039.4403494695,2.0479999780654907,-0.10000000000000003,-0.3639999999999999,-0.52,45917.65332863729,124.99202019855865,32.404966322137035,646018382.6667001,-5122048.0,2012
28,0.008301255936195752,290.605030894529,15.434275113791287,46039.4403494695,2.0479999780654907,0.09999999999999998,-0.3639999999999999,-0.52,45920.3319253254,124.99202019855865,32.404966322137035,646018382.6667001,-5122048.0,2012
29,0.007369673531320931,290.605030894529,15.213875258973562,46039.4403494695,2.0479999780654907,0.3,-0.3639999999999999,-0.52,45923.709349271696,124.99202019855865,32.404966322137035,646018382.6667001,-5122048.0,2012
30,0.0066566530347468384,460.57793515969075,16.507877793424885,46039.4403494695,2.0479999780654907,-0.10000000000000003,-0.3639999999999999,-0.52,45903.185334848175,124.99202019855865,32.404966322137035,646018382.6667001,-5122048.0,2012
31,0.006388831639049969,460.57793515969075,16.334491200694266,46039.4403494695,2.0479999780654907,0.09999999999999998,-0.3639999999999999,-0.52,45906.03254807672,124.99202019855865,32.404966322137035,646018382.6667001,-5122048.0,2012
32,0.006008913376207451,460.57793515969075,16.093715975829827,46039.4403494695,2.0479999780654907,0.3,-0.3639999999999999,-0.52,45909.93650251416,124.99202019855865,32.404966322137035,646018382.6667001,-5122048.0,2012
33,0.004870609069340314,729.9668340323904,16.995278163759806,46039.4403494695,2.0479999780654907,-0.10000000000000003,-0.3639999999999999,-0.52,45895.020609537714,124.99202019855865,32.404966322137035,646018382.6667001,-5122048.0,2012
34,0.005000068358459033,729.9668340323904,16.891659136754612,46039.4403494695,2.0479999780654907,0.09999999999999998,-0.3639999999999999,-0.52,45896.77627527335,124.99202019855865,32.404966322137035,646018382.6667001,-5122048.0,2012
35,0.004994661853052245,729.9668340323904,16.693234110940693,46039.4403494695,2.0479999780654907,0.3,-0.3639999999999999,-0.52,45900.10831692816,124.99202019855865,32.404966322137035,646018382.6667001,-5122048.0,2012
36,0.009317612286967251,290.605030894529,15.70189961789625,46039.4403494695,2.0479999780654907,-0.10000000000000003,-0.3619999999999999,-0.52,45916.165523664255,124.8438545616429,32.35818698862117,646018382.6667001,-5122048.0,2012
37,0.008394530804174091,290.605030894529,15.53078543728734,46039.4403494695,2.0479999780654907,0.09999999999999998,-0.3619999999999999,-0.52,45918.83770131997,124.8438545616429,32.35818698862117,646018382.6667001,-5122048.0,2012
38,0.007453999172687991,290.605030894529,15.311449911836466,46039.4403494695,2.0479999780654907,0.3,-0.3619999999999999,-0.52,45922.22010026816,124.8438545616429,32.35818698862117,646018382.6667001,-5122048.0,2012
39,0.006719229272896888,460.57793515969075,16.5914713367142,46039.4403494695,2.0479999780654907,-0.10000000000000003,-0.3619999999999999,-0.52,45901.801888910995,124.8438545616429,32.35818698862117,646018382.6667001,-5122048.0,2012
40,0.006451698858110019,460.57793515969075,16.42231464651926,46039.4403494695,2.0479999780654907,0.09999999999999998,-0.3619999999999999,-0.52,45904.59414029486,124.8438545616429,32.35818698862117,646018382.6667001,-5122048.0,2012
41,0.00607071545064667,460.57793515969075,16.185044019420584,46039.4403494695,2.0479999780654907,0.3,-0.3619999999999999,-0.52,45908.46252451421,124.8438545616429,32.35818698862117,646018382.6667001,-5122048.0,2012
42,0.004907425773781008,729.9668340323904,17.06317651193624,46039.4403494695,2.0479999780654907,-0.10000000000000003,-0.3619999999999999,-0.52,45893.86435313075,124.8438545616429,32.35818698862117,646018382.6667001,-5122048.0,2012
43,0.005041440925611644,729.9668340323904,16.96706012724318,46039.4403494695,2.0479999780654907,0.09999999999999998,-0.3619999999999999,-0.52,45895.49978478876,124.8438545616429,32.35818698862117,646018382.6667001,-5122048.0,2012
44,0.005039580148309471,729.9668340323904,16.775359115738134,46039.4403494695,2.0479999780654907,0.3,-0.3619999999999999,-0.52,45898.73401273851,124.8438545616429,32.35818698862117,646018382.6667001,-5122048.0,2012
45,0.009080709877344374,290.605030894529,15.449228865779478,46039.4403494695,2.0479999780654907,-0.10000000000000003,-0.3599999999999999,-0.52,45920.10101319588,124.69515353123396,32.311533237423845,646018382.6667001,-5122048.0,2012
46,0.008169673725007712,290.605030894529,15.264469027661777,46039.4403494695,2.0479999780654907,0.09999999999999998,-0.3599999999999999,-0.52,45922.93834212128,124.69515353123396,32.311533237423845,646018382.6667001,-5122048.0,2012
47,0.007243491365776199,290.605030894529,15.031898259986491,46039.4403494695,2.0479999780654907,0.3,-0.3599999999999999,-0.52,45926.46136682021,124.69515353123396,32.311533237423845,646018382.6667001,-5122048.0,2012
48,0.0065843201420658125,460.57793515969075,16.386044487205748,46039.4403494695,2.0479999780654907,-0.10000000000000003,-0.3599999999999999,-0.52,45905.18912250116,124.69515353123396,32.311533237423845,646018382.6667001,-5122048.0,2012
49,0.006309808988014753,460.57793515969075,16.195798705434417,46039.4403494695,2.0479999780654907,0.09999999999999998,-0.3599999999999999,-0.52,45908.288401616024,124.69515353123396,32.311533237423845,646018382.6667001,-5122048.0,2012
50,0.0059248310657642874,460.57793515969075,15.937669366547354,46039.4403494695,2.0479999780654907,0.3,-0.3599999999999999,-0.52,45912.43569705081,124.69515353123396,32.311533237423845,646018382.6667001,-5122048.0,2012
51,0.004831243615823318,729.9668340323904,16.902822203823938,46039.4403494695,2.0479999780654907,-0.10000000000000003,-0.3599999999999999,-0.52,45896.58765024246,124.69515353123396,32.311533237423845,646018382.6667001,-5122048.0,2012
52,0.004951524701561558,729.9668340323904,16.779685223539534,46039.4403494695,2.0479999780654907,0.09999999999999998,-0.3599999999999999,-0.52,45898.661431368964,124.69515353123396,32.311533237423845,646018382.6667001,-5122048.0,2012
53,0.004937040575797297,729.9668340323904,16.56022433282171,46039.4403494695,2.0479999780654907,0.3,-0.3599999999999999,-0.52,45902.31983449281,124.69515353123396,32.311533237423845,646018382.6667001,-5122048.0,2012
54,0.009415746074641893,290.605030894529,15.803702482340576,46039.4403494695,2.0479999780654907,-0.10000000000000003,-0.3639999999999999,-0.518,45914.56184339433,125.09581678702612,32.33804257766643,646018382.6667001,-5122048.0,2012
55,0.008486722942742086,290.605030894529,15.630871550479355,46039.4403494695,2.0479999780654907,0.09999999999999998,-0.3639999999999999,-0.518,45917.27827675571,125.09581678702612,32.33804257766643,646018382.6667001,-5122048.0,2012
56,0.007539355723875382,290.605030894529,15.409522497094612,46039.4403494695,2.0479999780654907,0.3,-0.3639999999999999,-0.518,45920.71365767527,125.09581678702612,32.33804257766643,646018382.6667001,-5122048.0,2012
57,0.006773375850207422,460.57793515969075,16.677468418285486,46039.4403494695,2.0479999780654907,-0.10000000000000003,-0.3639999999999999,-0.518,45900.371373048045,125.09581678702612,32.33804257766643,646018382.6667001,-5122048.0,2012
58,0.006508418193411392,460.57793515969075,16.510724655426237,46039.4403494695,2.0479999780654907,0.09999999999999998,-0.3639999999999999,-0.518,45903.13833514585,125.09581678702612,32.33804257766643,646018382.6667001,-5122048.0,2012
59,0.006128874777642509,460.57793515969075,16.275326518948145,46039.4403494695,2.0479999780654907,0.3,-0.3639999999999999,-0.518,45906.99722282031,125.09581678702612,32.33804257766643,646018382.6667001,-5122048.0,2012
60,0.004936884354326424,729.9668340323904,17.1316296514304,46039.4403494695,2.0479999780654907,-0.10000000000000003,-0.3639999999999999,-0.518,45892.693982212615,125.09581678702612,32.33804257766643,646018382.6667001,-5122048.0,2012
61,0.005076215390451889,729.9668340323904,17.041230087278272,46039.4403494695,2.0479999780654907,0.09999999999999998,-0.3639999999999999,-0.518,45894.23858802572,125.09581678702612,32.33804257766643,646018382.6667001,-5122048.0,2012
62,0.005079419893046288,729.9668340323904,16.85488213799311,46039.4403494695,2.0479999780654907,0.3,-0.3639999999999999,-0.518,45897.39682352668,125.09581678702612,32.33804257766643,646018382.6667001,-5122048.0,2012
63,0.009284984635034101,290.605030894529,15.66907986748727,46039.4403494695,2.0479999780654907,-0.10000000000000003,-0.3619999999999999,-0.518,45916.68031752265,124.94745517292313,32.29107249493369,646018382.6667001,-5122048.0,2012
64,0.008370071514076698,290.605030894529,15.510298874073586,46039.4403494695,2.0479999780654907,0.09999999999999998,-0.3619999999999999,-0.518,45919.155663887956,124.94745517292313,32.29107249493369,646018382.6667001,-5122048.0,2012
65,0.00743776404238856,290.605030894529,15.305011273837707,46039.4403494695,2.0479999780654907,0.3,-0.3619999999999999,-0.518,45922.31866442335,124.94745517292313,32.29107249493369,646018382.6667001,-5122048.0,2012
66,0.006690489607210587,460.57793515969075,16.541417897094483,46039.4403494695,2.0479999780654907,-0.10000000000000003,-0.3619999999999999,-0.518,45902.63109644634,124.94745517292313,32.29107249493369,646018382.6667001,-5122048.0,2012
67,0.006427675858815478,460.57793515969075,16.384066887305472,46039.4403494695,2.0479999780654907,0.09999999999999998,-0.3619999999999999,-0.518,45905.22152558565,124.94745517292313,32.29107249493369,646018382.6667001,-5122048.0,2012
68,0.006052199481423629,460.57793515969075,16.160947701929263,46039.4403494695,2.0479999780654907,0.3,-0.3619999999999999,-0.518,45908.85223415725,124.94745517292313,32.29107249493369,646018382.6667001,-5122048.0,2012
69,0.004885387483417014,729.9668340323904,17.00581268117308,46039.4403494695,2.0479999780654907,-0.10000000000000003,-0.3619999999999999,-0.518,45894.841516995926,124.94745517292313,32.29107249493369,646018382.6667001,-5122048.0,2012
70,0.005021028269579565,729.9668340323904,16.91959741990135,46039.4403494695,2.0479999780654907,0.09999999999999998,-0.3619999999999999,-0.518,45896.30396104373,124.94745517292313,32.29107249493369,646018382.6667001,-5122048.0,2012
71,0.0050220886128251865,729.9668340323904,16.74085466851529,46039.4403494695,2.0479999780654907,0.3,-0.3619999999999999,-0.518,45899.312241953325,124.94745517292313,32.29107249493369,646018382.6667001,-5122048.0,2012
72,0.009289239496840932,290.605030894529,15.606913326211696,46039.4403494695,2.0479999780654907,-0.10000000000000003,-0.3599999999999999,-0.518,45917.65247768356,124.79855466534194,32.24422799563777,646018382.6667001,-5122048.0,2012
73,0.00836262771496455,290.605030894529,15.424712342287997,46039.4403494695,2.0479999780654907,0.09999999999999998,-0.3599999999999999,-0.518,45920.479474048334,124.79855466534194,32.24422799563777,646018382.6667001,-5122048.0,2012
74,0.007420055098065833,290.605030894529,15.194613008973189,46039.4403494695,2.0479999780654907,0.3,-0.3599999999999999,-0.518,45924.00221722327,124.79855466534194,32.24422799563777,646018382.6667001,-5122048.0,2012
75,0.006706540443268278,460.57793515969075,16.51954857303125,46039.4403494695,2.0479999780654907,-0.10000000000000003,-0.3599999999999999,-0.518,45902.99260694113,124.79855466534194,32.24422799563777,646018382.6667001,-5122048.0,2012
76,0.0064355147748128986,460.57793515969075,16.337893189039843,46039.4403494695,2.0479999780654907,0.09999999999999998,-0.3599999999999999,-0.518,45905.97697254126,124.79855466534194,32.24422799563777,646018382.6667001,-5122048.0,2012
77,0.006051166151138234,460.57793515969075,16.087760848877544,46039.4403494695,2.0479999780654907,0.3,-0.3599999999999999,-0.518,45910.03232490416,124.79855466534194,32.24422799563777,646018382.6667001,-5122048.0,2012
78,0.004900120933253039,729.9668340323904,17.005982127950883,46039.4403494695,2.0479999780654907,-0.10000000000000003,-0.3599999999999999,-0.518,45894.83863540141,124.79855466534194,32.24422799563777,646018382.6667001,-5122048.0,2012
79,0.005031507307988069,729.9668340323904,16.897290865970646,46039.4403494695,2.0479999780654907,0.09999999999999998,-0.3599999999999999,-0.518,45896.68113016489,124.79855466534194,32.24422799563777,646018382.6667001,-5122048.0,2012
80,0.005026676407508391,729.9668340323904,16.691951891127317,46039.4403494695,2.0479999780654907,0.3,-0.3599999999999999,-0.518,45900.129720501645,124.79855466534194,32.24422799563777,646018382.6667001,-5122048.0,2012
81,0.005782625388778324,579.833266684221,16.974015509548025,46039.4403494695,2.0479999780654907,-0.20000000000000004,-0.3649999999999999,-0.519,45895.38174821031,125.1177821982333,32.39499015008561,646018382.6667001,-5122048.0,2012
82,0.005812907910916554,579.833266684221,16.931786747306056,46039.4403494695,2.0479999780654907,-0.10000000000000003,-0.3649999999999999,-0.519,45896.097648241375,125.1177821982333,32.39499015008561,646018382.6667001,-5122048.0,2012
83,0.00581434016335996,579.833266684221,16.873157029885085,46039.4403494695,2.0479999780654907,-2.7755575615628914e-17,-0.3649999999999999,-0.519,45897.08863539192,125.1177821982333,32.39499015008561,646018382.6667001,-5122048.0,2012
84,0.004844028665901167,729.9668340323904,17.113566371765305,46039.4403494695,2.0479999780654907,-0.20000000000000004,-0.3649999999999999,-0.519,45893.00327248909,125.1177821982333,32.39499015008561,646018382.6667001,-5122048.0,2012
85,0.00495948707092351,729.9668340323904,17.09890380428449,46039.4403494695,2.0479999780654907,-0.10000000000000003,-0.3649999999999999,-0.519,45893.25409381541,125.1177821982333,32.39499015008561,646018382.6667001,-5122048.0,2012
86,0.005048844958503975,729.9668340323904,17.065606259834304,46039.4403494695,2.0479999780654907,-2.7755575615628914e-17,-0.3649999999999999,-0.519,45893.82289096165,125.1177821982333,32.39499015008561,646018382.6667001,-5122048.0,2012
87,0.00406948677084313,918.9737971303117,17.155151495759387,46039.4403494695,2.0479999780654907,-0.20000000000000004,-0.3649999999999999,-0.519,45892.29073804827,125.1177821982333,32.39499015008561,646018382.6667001,-5122048.0,2012
88,0.0042446515880708675,918.9737971303117,17.174011798976803,46039.4403494695,2.0479999780654907,-0.10000000000000003,-0.3649999999999999,-0.519,45891.9670088338,125.1177821982333,32.39499015008561,646018382.6667001,-5122048.0,2012
89,0.00439897628632449,918.9737971303117,17.17251200444743,46039.4403494695,2.0479999780654907,-2.7755575615628914e-17,-0.3649999999999999,-0.519,45891.992765198054,125.1177821982333,32.39499015008561,646018382.6667001,-5122048.0,2012
90,0.005822603373238361,579.833266684221,17.115831701093686,46039.4403494695,2.0479999780654907,-0.20000000000000004,-0.3639999999999999,-0.519,45892.96450205942,125.04385146596451,32.37150620943987,646018382.6667001,-5122048.0,2012
91,0.005853944159843003,579.833266684221,17.078993698240694,46039.4403494695,2.0479999780654907,-0.10000000000000003,-0.3639999999999999,-0.519,45893.59433659723,125.04385146596451,32.37150620943987,646018382.6667001,-5122048.0,2012
92,0.005856242321145013,579.833266684221,17.025800957361895,46039.4403494695,2.0479999780654907,-2.7755575615628914e-17,-0.3639999999999999,-0.519,45894.50140034965,125.04385146596451,32.37150620943987,646018382.6667001,-5122048.0,2012
93,0.0048770985816998964,729.9668340323904,17.246991158017916,46039.4403494695,2.0479999780654907,-0.20000000000000004,-0.3639999999999999,-0.519,45890.710997467126,125.04385146596451,32.37150620943987,646018382.6667001,-5122048.0,2012
94,0.004994102416524032,729.9668340323904,17.23823895430503,46039.4403494695,2.0479999780654907,-0.10000000000000003,-0.3639999999999999,-0.519,45890.86190834664,125.04385146596451,32.37150620943987,646018382.6667001,-5122048.0,2012
95,0.005084843236060158,729.9668340323904,17.210911990508734,46039.4403494695,2.0479999780654907,-2.7755575615628914e-17,-0.3639999999999999,-0.519,45891.33260369698,125.04385146596451,32.37150620943987,646018382.6667001,-5122048.0,2012
96,0.004096834466470456,918.9737971303117,17.280299096182834,46039.4403494695,2.0479999780654907,-0.20000000000000004,-0.3639999999999999,-0.519,45890.13598104273,125.04385146596451,32.37150620943987,646018382.6667001,-5122048.0,2012
97,0.004273902629754267,918.9737971303117,17.305647750492774,46039.4403494695,2.0479999780654907,-0.10000000000000003,-0.3639999999999999,-0.519,45889.69762743743,125.04385146596451,32.37150620943987,646018382.6667001,-5122048.0,2012
98,0.004430014766375563,918.9737971303117,17.31070976707621,46039.4403494695,2.0479999780654907,-2.7755575615628914e-17,-0.3639999999999999,-0.519,45889.610013149526,125.04385146596451,32.37150620943987,646018382.6667001,-5122048.0,2012
99,0.005900146037726336,579.833266684221,17.228642820899005,46039.4403494695,2.0479999780654907,-0.20000000000000004,-0.3629999999999999,-0.519,45891.02728274444,124.96978668026716,32.348053297567645,646018382.6667001,-5122048.0,2012
100,0.005938012161378645,579.833266684221,17.202187441281158,46039.4403494695,2.0479999780654907,-0.10000000000000003,-0.3629999999999999,-0.519,45891.482723087014,124.96978668026716,32.348053297567645,646018382.6667001,-5122048.0,2012
101,0.005946767566247165,579.833266684221,17.15978298417061,46039.4403494695,2.0479999780654907,-2.7755575615628914e-17,-0.3629999999999999,-0.519,45892.211273437584,124.96978668026716,32.348053297567645,646018382.6667001,-5122048.0,2012
102,0.00493030590167843,729.9668340323904,17.33849462475288,46039.4403494695,2.0479999780654907,-0.20000000000000004,-0.3629999999999999,-0.519,45889.12865154321,124.96978668026716,32.348053297567645,646018382.6667001,-5122048.0,2012
103,0.005054054236644908,729.9668340323904,17.3408226451513,46039.4403494695,2.0479999780654907,-0.10000000000000003,-0.3629999999999999,-0.519,45889.088284464204,124.96978668026716,32.348053297567645,646018382.6667001,-5122048.0,2012
104,0.0051518098075568775,729.9668340323904,17.325202748727573,46039.4403494695,2.0479999780654907,-2.7755575615628914e-17,-0.3629999999999999,-0.519,45889.35902432724,124.96978668026716,32.348053297567645,646018382.6667001,-5122048.0,2012
105,0.004133065887064704,918.9737971303117,17.35287708924879,46039.4403494695,2.0479999780654907,-0.20000000000000004,-0.3629999999999999,-0.519,45888.87917783221,124.96978668026716,32.348053297567645,646018382.6667001,-5122048.0,2012
106,0.004316453464289231,918.9737971303117,17.389574852278137,46039.4403494695,2.0479999780654907,-0.10000000000000003,-0.3629999999999999,-0.519,45888.24169269801,124.96978668026716,32.348053297567645,646018382.6667001,-5122048.0,2012
107,0.004479438435735942,918.9737971303117,17.40686790048158,46039.4403494695,2.0479999780654907,-2.7755575615628914e-17,-0.3629999999999999,-0.519,45887.94082441709,124.96978668026716,32.348053297567645,646018382.6667001,-5122048.0,2012
108,0.005762917340795437,579.833266684221,16.917548061307897,46039.4403494695,2.0479999780654907,-0.20000000000000004,-0.3649999999999999,-0.518,45896.33863326617,125.16979580237731,32.36157425255469,646018382.6667001,-5122048.0,2012
109,0.0057899960405695715,579.833266684221,16.869639358615366,46039.4403494695,2.0479999780654907,-0.10000000000000003,-0.3649999999999999,-0.518,45897.14798342463,125.16979580237731,32.36157425255469,646018382.6667001,-5122048.0,2012
110,0.005788137159680127,579.833266684221,16.804991622520408,46039.4403494695,2.0479999780654907,-2.7755575615628914e-17,-0.3649999999999999,-0.518,45898.23647775301,125.16979580237731,32.36157425255469,646018382.6667001,-5122048.0,2012
111,0.004832763246269421,729.9668340323904,17.067891798897296,46039.4403494695,2.0479999780654907,-0.20000000000000004,-0.3649999999999999,-0.518,45893.78388424007,125.16979580237731,32.36157425255469,646018382.6667001,-5122048.0,2012
112,0.004945336212723192,729.9668340323904,17.04742304154692,46039.4403494695,2.0479999780654907,-0.10000000000000003,-0.3649999999999999,-0.518,45894.13303329077,125.16979580237731,32.36157425255469,646018382.6667001,-5122048.0,2012
113,0.005031554716858545,729.9668340323904,17.00783812913389,46039.4403494695,2.0479999780654907,-2.7755575615628914e-17,-0.3649999999999999,-0.518,45894.80707055609,125.16979580237731,32.36157425255469,646018382.6667001,-5122048.0,2012
114,0.004063512209907837,918.9737971303117,17.11880520748837,46039.4403494695,2.0479999780654907,-0.20000000000000004,-0.3649999999999999,-0.518,45892.913603603534,125.16979580237731,32.36157425255469,646018382.6667001,-5122048.0,2012
115,0.004236286014140136,918.9737971303117,17.13194767693461,46039.4403494695,2.0479999780654907,-0.10000000000000003,-0.3649999999999999,-0.518,45892.68853386689,125.16979580237731,32.36157425255469,646018382.6667001,-5122048.0,2012
116,0.004387853515773928,918.9737971303117,17.12410317667751,46039.4403494695,2.0479999780654907,-2.7755575615628914e-17,-0.3649999999999999,-0.518,45892.82289466675,125.16979580237731,32.36157425255469,646018382.6667001,-5122048.0,2012
117,0.005748663472392099,579.833266684221,16.998948046107074,46039.4403494695,2.0479999780654907,-0.20000000000000004,-0.3639999999999999,-0.518,45894.958232132376,125.09581678702612,32.33804257766643,646018382.6667001,-5122048.0,2012
118,0.005774674580635974,579.833266684221,16.956051642954254,46039.4403494695,2.0479999780654907,-0.10000000000000003,-0.3639999999999999,-0.518,45895.686505810234,125.09581678702612,32.33804257766643,646018382.6667001,-5122048.0,2012
119,0.005771798029105924,579.833266684221,16.89673945357372,46039.4403494695,2.0479999780654907,-2.7755575615628914e-17,-0.3639999999999999,-0.518,45896.69044738852,125.09581678702612,32.33804257766643,646018382.6667001,-5122048.0,2012
120,0.004825580382718086,729.9668340323904,17.147330888047957,46039.4403494695,2.0479999780654907,-0.20000000000000004,-0.3639999999999999,-0.518,45892.4248711774,125.09581678702612,32.33804257766643,646018382.6667001,-5122048.0,2012
121,0.004936884354326424,729.9668340323904,17.1316296514304,46039.4403494695,2.0479999780654907,-0.10000000000000003,-0.3639999999999999,-0.518,45892.693982212615,125.09581678702612,32.33804257766643,646018382.6667001,-5122048.0,2012
122,0.005021767732577846,729.9668340323904,17.09711946331326,46039.4403494695,2.0479999780654907,-2.7755575615628914e-17,-0.3639999999999999,-0.518,45893.2846024981,125.09581678702612,32.33804257766643,646018382.6667001,-5122048.0,2012
123,0.004061100842507096,918.9737971303117,17.196611186241377,46039.4403494695,2.0479999780654907,-0.20000000000000004,-0.3639999999999999,-0.518,45891.57863132412,125.09581678702612,32.33804257766643,646018382.6667001,-5122048.0,2012
124,0.0042327279909537205,918.9737971303117,17.214480851886993,46039.4403494695,2.0479999780654907,-0.10000000000000003,-0.3639999999999999,-0.518,45891.27117396951,125.09581678702612,32.33804257766643,646018382.6667001,-5122048.0,2012
125,0.004382979289882427,918.9737971303117,17.21162781754385,46039.4403494695,2.0479999780654907,-2.7755575615628914e-17,-0.3639999999999999,-0.518,45891.320283404675,125.09581678702612,32.33804257766643,646018382.6667001,-5122048.0,2012
126,0.005790991934324372,579.833266684221,17.055070211240476,46039.4403494695,2.0479999780654907,-0.20000000000000004,-0.3629999999999999,-0.518,45894.00263951433,125.02170328333376,32.314541930514466,646018382.6667001,-5122048.0,2012
127,0.00582180484691852,579.833266684221,17.020818373636967,46039.4403494695,2.0479999780654907,-0.10000000000000003,-0.3629999999999999,-0.518,45894.58622041533,125.02170328333376,32.314541930514466,646018382.6667001,-5122048.0,2012
128,0.005823778855777735,579.833266684221,16.97067385451527,46039.4403494695,2.0479999780654907,-2.7755575615628914e-17,-0.3629999999999999,-0.518,45895.438463931336,125.02170328333376,32.314541930514466,646018382.6667001,-5122048.0,2012
129,0.004852754851432906,729.9668340323904,17.188060782349126,46039.4403494695,2.0479999780654907,-0.20000000000000004,-0.3629999999999999,-0.518,45891.725632740636,125.02170328333376,32.314541930514466,646018382.6667001,-5122048.0,2012
130,0.004968738751263111,729.9668340323904,17.181229254942895,46039.4403494695,2.0479999780654907,-0.10000000000000003,-0.3629999999999999,-0.518,45891.84303011405,125.02170328333376,32.314541930514466,646018382.6667001,-5122048.0,2012
131,0.0050585946136809815,729.9668340323904,17.15630161954562,46039.4403494695,2.0479999780654907,-2.7755575615628914e-17,-0.3629999999999999,-0.518,45892.27100683909,125.02170328333376,32.314541930514466,646018382.6667001,-5122048.0,2012
132,0.004078073061752204,918.9737971303117,17.224103102702085,46039.4403494695,2.0479999780654907,-0.20000000000000004,-0.3629999999999999,-0.518,45891.105485623244,125.02170328333376,32.314541930514466,646018382.6667001,-5122048.0,2012
133,0.0042538745857672545,918.9737971303117,17.250736893857585,46039.4403494695,2.0479999780654907,-0.10000000000000003,-0.3629999999999999,-0.518,45890.64638777895,125.02170328333376,32.314541930514466,646018382.6667001,-5122048.0,2012
134,0.004408784180326859,918.9737971303117,17.257570763359414,46039.4403494695,2.0479999780654907,-2.7755575615628914e-17,-0.3629999999999999,-0.518,45890.52847514332,125.02170328333376,32.314541930514466,646018382.6667001,-5122048.0,2012
135,0.00578661547702196,579.833266684221,16.884991410766233,46039.4403494695,2.0479999780654907,-0.20000000000000004,-0.3649999999999999,-0.517,45896.888881998675,125.2219437753461,32.32815505727757,646018382.6667001,-5122048.0,2012
136,0.005817696332610613,579.833266684221,16.84270503713595,46039.4403494695,2.0479999780654907,-0.10000000000000003,-0.3649999999999999,-0.517,45897.60199298552,125.2219437753461,32.32815505727757,646018382.6667001,-5122048.0,2012
137,0.005819950437053814,579.833266684221,16.78399882744999,46039.4403494695,2.0479999780654907,-2.7755575615628914e-17,-0.3649999999999999,-0.517,45898.58904114958,125.2219437753461,32.32815505727757,646018382.6667001,-5122048.0,2012
138,0.004846023338144285,729.9668340323904,17.026788203901205,46039.4403494695,2.0479999780654907,-0.20000000000000004,-0.3649999999999999,-0.517,45894.484591199245,125.2219437753461,32.32815505727757,646018382.6667001,-5122048.0,2012
139,0.00496229105410713,729.9668340323904,17.01176765246685,46039.4403494695,2.0479999780654907,-0.10000000000000003,-0.3649999999999999,-0.517,45894.74023013874,125.2219437753461,32.32815505727757,646018382.6667001,-5122048.0,2012
140,0.005052512152755185,729.9668340323904,16.978112489426813,46039.4403494695,2.0479999780654907,-2.7755575615628914e-17,-0.3649999999999999,-0.517,45895.312197617684,125.2219437753461,32.32815505727757,646018382.6667001,-5122048.0,2012
141,0.004070010051861693,918.9737971303117,17.071403269326563,46039.4403494695,2.0479999780654907,-0.20000000000000004,-0.3649999999999999,-0.517,45893.72394467751,125.2219437753461,32.32815505727757,646018382.6667001,-5122048.0,2012
142,0.004245921601775612,918.9737971303117,17.08952398732286,46039.4403494695,2.0479999780654907,-0.10000000000000003,-0.3649999999999999,-0.517,45893.41443441286,125.2219437753461,32.32815505727757,646018382.6667001,-5122048.0,2012
143,0.004401081691913781,918.9737971303117,17.087310863009975,46039.4403494695,2.0479999780654907,-2.7755575615628914e-17,-0.3649999999999999,-0.517,45893.45225320493,125.2219437753461,32.32815505727757,646018382.6667001,-5122048.0,2012
144,0.0057240237050996635,579.833266684221,16.875788012736646,46039.4403494695,2.0479999780654907,-0.20000000000000004,-0.3639999999999999,-0.517,45897.04423894409,125.14791659665632,32.30457555204097,646018382.6667001,-5122048.0,2012
145,0.005750531531947167,579.833266684221,16.832185282692272,46039.4403494695,2.0479999780654907,-0.10000000000000003,-0.3639999999999999,-0.517,45897.77911877406,125.14791659665632,32.30457555204097,646018382.6667001,-5122048.0,2012
146,0.0057483167120994435,579.833266684221,16.772220021681274,46039.4403494695,2.0479999780654907,-2.7755575615628914e-17,-0.3639999999999999,-0.517,45898.78666724166,125.14791659665632,32.30457555204097,646018382.6667001,-5122048.0,2012
147,0.004803564602479631,729.9668340323904,17.026515745616397,46039.4403494695,2.0479999780654907,-0.20000000000000004,-0.3639999999999999,-0.517,45894.48923025164,125.14791659665632,32.30457555204097,646018382.6667001,-5122048.0,2012
148,0.00491485633269563,729.9668340323904,17.009575474524063,46039.4403494695,2.0479999780654907,-0.10000000000000003,-0.3639999999999999,-0.517,45894.777520557735,125.14791659665632,32.30457555204097,646018382.6667001,-5122048.0,2012
149,0.004999926775948591,729.9668340323904,16.973943976195287,46039.4403494695,2.0479999780654907,-2.7755575615628914e-17,-0.3639999999999999,-0.517,45895.38296241599,125.14791659665632,32.30457555204097,646018382.6667001,-5122048.0,2012
150,0.0040417711633945865,918.9737971303117,17.079394499360053,46039.4403494695,2.0479999780654907,-0.20000000000000004,-0.3639999999999999,-0.517,45893.587491237115,125.14791659665632,32.30457555204097,646018382.6667001,-5122048.0,2012
151,0.004212936787910355,918.9737971303117,17.095338233426553,46039.4403494695,2.0479999780654907,-0.10000000000000003,-0.3639999999999999,-0.517,45893.31505481187,125.14791659665632,32.30457555204097,646018382.6667001,-5122048.0,2012
152,0.004362932204807907,918.9737971303117,17.090740673248746,46039.4403494695,2.0479999780654907,-2.7755575615628914e-17,-0.3639999999999999,-0.517,45893.39364108938,125.14791659665632,32.30457555204097,646018382.6667001,-5122048.0,2012
153,0.0057753484952772355,579.833266684221,16.903044757132335,46039.4403494695,2.0479999780654907,-0.20000000000000004,-0.3629999999999999,-0.517,45896.58388843869,125.07375449334829,32.281027073194714,646018382.6667001,-5122048.0,2012
154,0.00580729213891359,579.833266684221,16.8668518179017,46039.4403494695,2.0479999780654907,-0.10000000000000003,-0.3629999999999999,-0.517,45897.19500434597,125.07375449334829,32.281027073194714,646018382.6667001,-5122048.0,2012
155,0.005810529915847153,579.833266684221,16.814722370502714,46039.4403494695,2.0479999780654907,-2.7755575615628914e-17,-0.3629999999999999,-0.517,45898.07290527096,125.07375449334829,32.281027073194714,646018382.6667001,-5122048.0,2012
156,0.004836773052816837,729.9668340323904,17.039647060670962,46039.4403494695,2.0479999780654907,-0.20000000000000004,-0.3629999999999999,-0.517,45894.26556349338,125.07375449334829,32.281027073194714,646018382.6667001,-5122048.0,2012
157,0.004953477192161304,729.9668340323904,17.030365270228838,46039.4403494695,2.0479999780654907,-0.10000000000000003,-0.3629999999999999,-0.517,45894.42367885079,125.07375449334829,32.281027073194714,646018382.6667001,-5122048.0,2012
158,0.005044266780113117,729.9668340323904,17.003013030527157,46039.4403494695,2.0479999780654907,-2.7755575615628914e-17,-0.3629999999999999,-0.517,45894.88912341136,125.07375449334829,32.281027073194714,646018382.6667001,-5122048.0,2012
159,0.004062629506804511,918.9737971303117,17.0804712896816,46039.4403494695,2.0479999780654907,-0.20000000000000004,-0.3629999999999999,-0.517,45893.56909973068,125.07375449334829,32.281027073194714,646018382.6667001,-5122048.0,2012
160,0.004238685527438023,918.9737971303117,17.103940617512198,46039.4403494695,2.0479999780654907,-0.10000000000000003,-0.3629999999999999,-0.517,45893.16795714581,125.07375449334829,32.281027073194714,646018382.6667001,-5122048.0,2012
161,0.004394113026291772,918.9737971303117,17.10771108538773,46039.4403494695,2.0479999780654907,-2.7755575615628914e-17,-0.3629999999999999,-0.517,45893.10346017895,125.07375449334829,32.281027073194714,646018382.6667001,-5122048.0,2012
162,0.009458192783685754,290.605030894529,15.824080911584018,46039.44034965513,2.0479999780654907,-0.10000000000000003,-0.3739999999999999,-0.519,45914.23958130695,125.77714631014925,32.60771184264668,646018382.6667001,-5122048.0,2012
163,0.008504393985827892,290.605030894529,15.603849804886478,46039.44034965513,2.0479999780654907,0.09999999999999998,-0.3739999999999999,-0.519,45917.7002852884,125.77714631014925,32.60771184264668,646018382.6667001,-5122048.0,2012
164,0.007533991998716619,290.605030894529,15.329661345998591,46039.44034965513,2.0479999780654907,0.3,-0.3739999999999999,-0.519,45921.94109116363,125.77714631014925,32.60771184264668,646018382.6667001,-5122048.0,2012
165,0.006795904148002509,460.57793515969075,16.719501749330714,46039.44034965513,2.0479999780654907,-0.10000000000000003,-0.3739999999999999,-0.519,45899.669480282195,125.77714631014925,32.60771184264668,646018382.6667001,-5122048.0,2012
166,0.0065206367963430685,460.57793515969075,16.514975097059782,46039.44034965513,2.0479999780654907,0.09999999999999998,-0.3739999999999999,-0.519,45903.06814842688,125.77714631014925,32.60771184264668,646018382.6667001,-5122048.0,2012
167,0.006128613221121943,460.57793515969075,16.233464564357618,46039.44034965513,2.0479999780654907,0.3,-0.3739999999999999,-0.519,45907.677663774004,125.77714631014925,32.60771184264668,646018382.6667001,-5122048.0,2012
168,0.004943348469246782,729.9668340323904,17.163332755585426,46039.44034965513,2.0479999780654907,-0.10000000000000003,-0.3739999999999999,-0.519,45892.150354015655,125.77714631014925,32.60771184264668,646018382.6667001,-5122048.0,2012
169,0.0050786451528835805,729.9668340323904,17.046317765964243,46039.44034965513,2.0479999780654907,0.09999999999999998,-0.3739999999999999,-0.519,45894.15187496602,125.77714631014925,32.60771184264668,646018382.6667001,-5122048.0,2012
170,0.005075495147640593,729.9668340323904,16.823311457158532,46039.44034965513,2.0479999780654907,0.3,-0.3739999999999999,-0.519,45897.92844546285,125.77714631014925,32.60771184264668,646018382.6667001,-5122048.0,2012
171,0.009162647500193011,290.605030894529,15.237231301782751,46039.44034965513,2.0479999780654907,-0.10000000000000003,-0.3719999999999999,-0.519,45923.35374078312,125.63155391689415,32.56023121742751,646018382.6667001,-5122048.0,2012
172,0.008231889143375111,290.605030894529,15.008613663294334,46039.44034965513,2.0479999780654907,0.09999999999999998,-0.3719999999999999,-0.519,45926.81110760812,125.63155391689415,32.56023121742751,646018382.6667001,-5122048.0,2012
173,0.0072858177441391895,290.605030894529,14.729061147083458,46039.44034965513,2.0479999780654907,0.3,-0.3719999999999999,-0.519,45930.96772851787,125.63155391689415,32.56023121742751,646018382.6667001,-5122048.0,2012
174,0.006619722129560298,460.57793515969075,16.195796535900577,46039.44034965513,2.0479999780654907,-0.10000000000000003,-0.3719999999999999,-0.519,45908.28843693899,125.63155391689415,32.56023121742751,646018382.6667001,-5122048.0,2012
175,0.006342818404818411,460.57793515969075,15.970797932554868,46039.44034965513,2.0479999780654907,0.09999999999999998,-0.3719999999999999,-0.519,45911.90715635388,125.63155391689415,32.56023121742751,646018382.6667001,-5122048.0,2012
176,0.0059531693847570955,460.57793515969075,15.671973771352318,46039.44034965513,2.0479999780654907,0.3,-0.3719999999999999,-0.519,45916.634968710154,125.63155391689415,32.56023121742751,646018382.6667001,-5122048.0,2012
177,0.004835998493065101,729.9668340323904,16.71072469945251,46039.44034965513,2.0479999780654907,-0.10000000000000003,-0.3719999999999999,-0.519,45899.816189664685,125.63155391689415,32.56023121742751,646018382.6667001,-5122048.0,2012
178,0.0049599213990242155,729.9668340323904,16.561044740029416,46039.44034965513,2.0479999780654907,0.09999999999999998,-0.3719999999999999,-0.519,45902.3062482145,125.63155391689415,32.56023121742751,646018382.6667001,-5122048.0,2012
179,0.004948109438738658,729.9668340323904,16.308147142209744,46039.44034965513,2.0479999780654907,0.3,-0.3719999999999999,-0.519,45906.46251804915,125.63155391689415,32.56023121742751,646018382.6667001,-5122048.0,2012
180,0.008648460341394057,290.605030894529,14.475518646644593,46039.44034965513,2.0479999780654907,-0.10000000000000003,-0.3699999999999999,-0.519,45934.670029610454,125.48542923859931,32.51286889398367,646018382.6667001,-5122048.0,2012
181,0.007758039602980825,290.605030894529,14.24480634967912,46039.44034965513,2.0479999780654907,0.09999999999999998,-0.3699999999999999,-0.519,45937.9830956852,125.48542923859931,32.51286889398367,646018382.6667001,-5122048.0,2012
182,0.0068567521948927485,290.605030894529,13.967191624072994,46039.44034965513,2.0479999780654907,0.3,-0.3699999999999999,-0.519,45941.899128723344,125.48542923859931,32.51286889398367,646018382.6667001,-5122048.0,2012
183,0.006315401478124244,460.57793515969075,15.520800930453795,46039.44034965513,2.0479999780654907,-0.10000000000000003,-0.3699999999999999,-0.519,45918.99271889374,125.48542923859931,32.51286889398367,646018382.6667001,-5122048.0,2012
184,0.006034788733650026,460.57793515969075,15.27338485102077,46039.44034965513,2.0479999780654907,0.09999999999999998,-0.3699999999999999,-0.519,45922.802207251436,125.48542923859931,32.51286889398367,646018382.6667001,-5122048.0,2012
185,0.005648362439391677,460.57793515969075,14.957299667987192,46039.44034965513,2.0479999780654907,0.3,-0.3699999999999999,-0.519,45927.57994297615,125.48542923859931,32.51286889398367,646018382.6667001,-5122048.0,2012
186,0.004655922253743611,729.9668340323904,16.14025798232634,46039.44034965513,2.0479999780654907,-0.10000000000000003,-0.3699999999999999,-0.519,45909.18638578711,125.48542923859931,32.51286889398367,646018382.6667001,-5122048.0,2012
187,0.004758194123630103,729.9668340323904,15.948103825281263,46039.44034965513,2.0479999780654907,0.09999999999999998,-0.3699999999999999,-0.519,45912.269341844156,125.48542923859931,32.51286889398367,646018382.6667001,-5122048.0,2012
188,0.004729025604542728,729.9668340323904,15.657560352132442,46039.44034965513,2.0479999780654907,0.3,-0.3699999999999999,-0.519,45916.8607515648,125.48542923859931,32.51286889398367,646018382.6667001,-5122048.0,2012
189,0.009633777833692094,290.605030894529,15.9429481460595,46039.44034965513,2.0479999780654907,-0.10000000000000003,-0.3739999999999999,-0.517,45912.35155186116,125.88213724620421,32.541736558330626,646018382.6667001,-5122048.0,2012
190,0.008682983799019819,290.605030894529,15.754244958932105,46039.44034965513,2.0479999780654907,0.09999999999999998,-0.3739999999999999,-0.517,45915.34223254211,125.88213724620421,32.541736558330626,646018382.6667001,-5122048.0,2012
191,0.007713009578256037,290.605030894529,15.514610968743337,46039.44034965513,2.0479999780654907,0.3,-0.3739999999999999,-0.517,45919.088772899406,125.88213724620421,32.541736558330626,646018382.6667001,-5122048.0,2012
192,0.006890483827546059,460.57793515969075,16.789676050136787,46039.44034965513,2.0479999780654907,-0.10000000000000003,-0.3739999999999999,-0.517,45898.49373872086,125.88213724620421,32.541736558330626,646018382.6667001,-5122048.0,2012
193,0.00662786675293718,460.57793515969075,16.618199875783237,46039.44034965513,2.0479999780654907,0.09999999999999998,-0.3739999999999999,-0.517,45901.35806609939,125.88213724620421,32.541736558330626,646018382.6667001,-5122048.0,2012
194,0.006247303059153197,460.57793515969075,16.374248672466614,46039.44034965513,2.0479999780654907,0.3,-0.3739999999999999,-0.517,45905.382339861244,125.88213724620421,32.541736558330626,646018382.6667001,-5122048.0,2012
195,0.004994796274740852,729.9668340323904,17.201387826191,46039.44034965513,2.0479999780654907,-0.10000000000000003,-0.3739999999999999,-0.517,45891.496478081615,125.88213724620421,32.541736558330626,646018382.6667001,-5122048.0,2012
196,0.0051446748479464935,729.9668340323904,17.116661183568397,46039.44034965513,2.0479999780654907,0.09999999999999998,-0.3739999999999999,-0.517,45892.95030461859,125.88213724620421,32.541736558330626,646018382.6667001,-5122048.0,2012
197,0.005157014323471376,729.9668340323904,16.932175164412786,46039.44034965513,2.0479999780654907,0.3,-0.3739999999999999,-0.517,45896.09107175595,125.88213724620421,32.541736558330626,646018382.6667001,-5122048.0,2012
198,0.009366047742356933,290.605030894529,15.602544515678641,46039.44034965513,2.0479999780654907,-0.10000000000000003,-0.3719999999999999,-0.517,45917.720651973264,125.73636650287654,32.49406492547903,646018382.6667001,-5122048.0,2012
199,0.008435903972970574,290.605030894529,15.414095586808115,46039.44034965513,2.0479999780654907,0.09999999999999998,-0.3719999999999999,-0.517,45920.6431782755,125.73636650287654,32.49406492547903,646018382.6667001,-5122048.0,2012
200,0.007488809063360536,290.605030894529,15.177341305900464,46039.44034965513,2.0479999780654907,0.3,-0.3719999999999999,-0.517,45924.264505097235,125.73636650287654,32.49406492547903,646018382.6667001,-5122048.0,2012
201,0.0067326041998782395,460.57793515969075,16.487418954277796,46039.44034965513,2.0479999780654907,-0.10000000000000003,-0.3719999999999999,-0.517,45903.52285776819,125.73636650287654,32.49406492547903,646018382.6667001,-5122048.0,2012
202,0.006467350071144256,460.57793515969075,16.30661839423579,46039.44034965513,2.0479999780654907,0.09999999999999998,-0.3719999999999999,-0.517,45906.48744792752,125.73636650287654,32.49406492547903,646018382.6667001,-5122048.0,2012
203,0.006087985539927488,460.57793515969075,16.056362382276333,46039.44034965513,2.0479999780654907,0.3,-0.3719999999999999,-0.517,45910.53696317964,125.73636650287654,32.49406492547903,646018382.6667001,-5122048.0,2012
204,0.004901991410408601,729.9668340323904,16.945971627160183,46039.44034965513,2.0479999780654907,-0.10000000000000003,-0.3719999999999999,-0.517,45895.85737246087,125.73636650287654,32.49406492547903,646018382.6667001,-5122048.0,2012
205,0.005040029776318199,729.9668340323904,16.842696837431504,46039.44034965513,2.0479999780654907,0.09999999999999998,-0.3719999999999999,-0.517,45897.60213127632,125.73636650287654,32.49406492547903,646018382.6667001,-5122048.0,2012
206,0.0050427532264108454,729.9668340323904,16.64234209141309,46039.44034965513,2.0479999780654907,0.3,-0.3719999999999999,-0.517,45900.95657451132,125.73636650287654,32.49406492547903,646018382.6667001,-5122048.0,2012
207,0.008857526907013432,290.605030894529,14.662453934197732,46039.44034965513,2.0479999780654907,-0.10000000000000003,-0.3699999999999999,-0.517,45931.946571968896,125.59006009545736,32.446511553049504,646018382.6667001,-5122048.0,2012
208,0.007968949761328253,290.605030894529,14.468059937866311,46039.44034965513,2.0479999780654907,0.09999999999999998,-0.3699999999999999,-0.517,45934.777970472285,125.59006009545736,32.446511553049504,646018382.6667001,-5122048.0,2012
209,0.007066126725721734,290.605030894529,14.230221696310302,46039.44034965513,2.0479999780654907,0.3,-0.3699999999999999,-0.517,45938.19074489206,125.59006009545736,32.446511553049504,646018382.6667001,-5122048.0,2012
210,0.006430306644199767,460.57793515969075,15.65200865728892,46039.44034965513,2.0479999780654907,-0.10000000000000003,-0.3699999999999999,-0.517,45916.94766215121,125.59006009545736,32.446511553049504,646018382.6667001,-5122048.0,2012
211,0.006163350443634732,460.57793515969075,15.443026228766794,46039.44034965513,2.0479999780654907,0.09999999999999998,-0.3699999999999999,-0.517,45920.19682010394,125.59006009545736,32.446511553049504,646018382.6667001,-5122048.0,2012
212,0.005788985458828398,460.57793515969075,15.170413474879098,46039.44034965513,2.0479999780654907,0.3,-0.3699999999999999,-0.517,45924.369627155735,125.59006009545736,32.446511553049504,646018382.6667001,-5122048.0,2012
213,0.0047195723596627,729.9668340323904,16.230630175527384,46039.44034965513,2.0479999780654907,-0.10000000000000003,-0.3699999999999999,-0.517,45907.72367170776,125.59006009545736,32.446511553049504,646018382.6667001,-5122048.0,2012
214,0.0048383877710611025,729.9668340323904,16.07715658596527,46039.44034965513,2.0479999780654907,0.09999999999999998,-0.3699999999999999,-0.517,45910.20286771031,125.59006009545736,32.446511553049504,646018382.6667001,-5122048.0,2012
215,0.004826510167201482,729.9668340323904,15.83219539273398,46039.44034965513,2.0479999780654907,0.3,-0.3699999999999999,-0.517,45914.11114417828,125.59006009545736,32.446511553049504,646018382.6667001,-5122048.0,2012
216,0.009438228280835329,290.605030894529,15.762923446249129,46039.44034965513,2.0479999780654907,-0.10000000000000003,-0.3739999999999999,-0.515,45915.205471868976,125.98766278997444,32.47575199409299,646018382.6667001,-5122048.0,2012
217,0.008500867886669384,290.605030894529,15.574604637008486,46039.44034965513,2.0479999780654907,0.09999999999999998,-0.3739999999999999,-0.515,45918.15619485557,125.98766278997444,32.47575199409299,646018382.6667001,-5122048.0,2012
218,0.007545891770698399,290.605030894529,15.335774742472324,46039.44034965513,2.0479999780654907,0.3,-0.3739999999999999,-0.515,45921.847356179205,125.98766278997444,32.47575199409299,646018382.6667001,-5122048.0,2012
219,0.006780960421544846,460.57793515969075,16.634658067673627,46039.44034965513,2.0479999780654907,-0.10000000000000003,-0.3739999999999999,-0.515,45901.08442514092,125.98766278997444,32.47575199409299,646018382.6667001,-5122048.0,2012
220,0.006514004486052067,460.57793515969075,16.45697712208402,46039.44034965513,2.0479999780654907,0.09999999999999998,-0.3739999999999999,-0.515,45904.02430165673,125.98766278997444,32.47575199409299,646018382.6667001,-5122048.0,2012
221,0.006131674415429019,460.57793515969075,16.207700332215598,46039.44034965513,2.0479999780654907,0.3,-0.3739999999999999,-0.515,45908.09557462568,125.98766278997444,32.47575199409299,646018382.6667001,-5122048.0,2012
222,0.004935672574224217,729.9668340323904,17.080578279624103,46039.44034965513,2.0479999780654907,-0.10000000000000003,-0.3739999999999999,-0.515,45893.56727247195,125.98766278997444,32.47575199409299,646018382.6667001,-5122048.0,2012
223,0.005075056345312368,729.9668340323904,16.983167428392324,46039.44034965513,2.0479999780654907,0.09999999999999998,-0.3739999999999999,-0.515,45895.22636170473,125.98766278997444,32.47575199409299,646018382.6667001,-5122048.0,2012
224,0.005077776347231796,729.9668340323904,16.78653292549709,46039.44034965513,2.0479999780654907,0.3,-0.3739999999999999,-0.515,45898.54650582573,125.98766278997444,32.47575199409299,646018382.6667001,-5122048.0,2012
225,0.00945371006081098,290.605030894529,15.663709096262327,46039.44034965513,2.0479999780654907,-0.10000000000000003,-0.3719999999999999,-0.515,45916.764458328966,125.84171475630698,32.427888605437474,646018382.6667001,-5122048.0,2012
226,0.008533845896722838,290.605030894529,15.505701273230331,46039.44034965513,2.0479999780654907,0.09999999999999998,-0.3719999999999999,-0.515,45919.2269636678,125.84171475630698,32.427888605437474,646018382.6667001,-5122048.0,2012
227,0.007595312984454264,290.605030894529,15.303325547729413,46039.44034965513,2.0479999780654907,0.3,-0.3719999999999999,-0.515,45922.34446324524,125.84171475630698,32.427888605437474,646018382.6667001,-5122048.0,2012
228,0.00677806908052686,460.57793515969075,16.51724931200301,46039.44034965513,2.0479999780654907,-0.10000000000000003,-0.3719999999999999,-0.515,45903.0305872377,125.84171475630698,32.427888605437474,646018382.6667001,-5122048.0,2012
229,0.006524110918728939,460.57793515969075,16.364719795038283,46039.44034965513,2.0479999780654907,0.09999999999999998,-0.3719999999999999,-0.515,45905.53832267007,125.84171475630698,32.427888605437474,646018382.6667001,-5122048.0,2012
230,0.006156379999630606,460.57793515969075,16.148258865838482,46039.44034965513,2.0479999780654907,0.3,-0.3719999999999999,-0.515,45909.057217456066,125.84171475630698,32.427888605437474,646018382.6667001,-5122048.0,2012
231,0.004927354453430847,729.9668340323904,16.96030916737214,46039.44034965513,2.0479999780654907,-0.10000000000000003,-0.3719999999999999,-0.515,45895.61430612871,125.84171475630698,32.427888605437474,646018382.6667001,-5122048.0,2012
232,0.005075311316667674,729.9668340323904,16.881770357336347,46039.44034965513,2.0479999780654907,0.09999999999999998,-0.3719999999999999,-0.515,45896.94326445621,125.84171475630698,32.427888605437474,646018382.6667001,-5122048.0,2012
233,0.005089698160882541,729.9668340323904,16.713064661006197,46039.44034965513,2.0479999780654907,0.3,-0.3719999999999999,-0.515,45899.777084473644,125.84171475630698,32.427888605437474,646018382.6667001,-5122048.0,2012
234,0.009038638992771564,290.605030894529,15.083200759804466,46039.44034965513,2.0479999780654907,-0.10000000000000003,-0.3699999999999999,-0.515,45925.68887707485,125.69522765935668,32.38014343079262,646018382.6667001,-5122048.0,2012
235,0.008157763541356085,290.605030894529,14.937477393838067,46039.44034965513,2.0479999780654907,0.09999999999999998,-0.3699999999999999,-0.515,45927.87623420942,125.69522765935668,32.38014343079262,646018382.6667001,-5122048.0,2012
236,0.007259907702144455,290.605030894529,14.752083715077589,46039.44034965513,2.0479999780654907,0.3,-0.3699999999999999,-0.515,45930.6283626868,125.69522765935668,32.38014343079262,646018382.6667001,-5122048.0,2012
237,0.006526368925475486,460.57793515969075,15.987722205389524,46039.44034965513,2.0479999780654907,-0.10000000000000003,-0.3699999999999999,-0.515,45911.63671899678,125.69522765935668,32.38014343079262,646018382.6667001,-5122048.0,2012
238,0.00627390358146486,460.57793515969075,15.830881672821642,46039.44034965513,2.0479999780654907,0.09999999999999998,-0.3699999999999999,-0.515,45914.13194238569,125.69522765935668,32.38014343079262,646018382.6667001,-5122048.0,2012
239,0.005913371524132181,460.57793515969075,15.616510143904556,46039.44034965513,2.0479999780654907,0.3,-0.3699999999999999,-0.515,45917.502655117794,125.69522765935668,32.38014343079262,646018382.6667001,-5122048.0,2012
240,0.004776191852053507,729.9668340323904,16.503131601628734,46039.44034965513,2.0479999780654907,-0.10000000000000003,-0.3699999999999999,-0.515,45903.26367332479,125.69522765935668,32.38014343079262,646018382.6667001,-5122048.0,2012
241,0.004909189755904409,729.9668340323904,16.403051774833493,46039.44034965513,2.0479999780654907,0.09999999999999998,-0.3699999999999999,-0.515,45904.9102958912,125.69522765935668,32.38014343079262,646018382.6667001,-5122048.0,2012
242,0.004912864459055088,729.9668340323904,16.219728140011096,46039.44034965513,2.0479999780654907,0.3,-0.3699999999999999,-0.515,45907.9005591872,125.69522765935668,32.38014343079262,646018382.6667001,-5122048.0,2012
243,0.00578392319534151,579.833266684221,17.012704146734645,46039.44034965513,2.0479999780654907,-0.20000000000000004,-0.3749999999999999,-0.518,45894.72429846297,125.90221609845725,32.598557346341494,646018382.6667001,-5122048.0,2012
244,0.0058127137615077325,579.833266684221,16.968537061059745,46039.44034965513,2.0479999780654907,-0.10000000000000003,-0.3749999999999999,-0.518,45895.47472465885,125.90221609845725,32.598557346341494,646018382.6667001,-5122048.0,2012
245,0.005812489642450755,579.833266684221,16.907562996310926,46039.44034965513,2.0479999780654907,-2.7755575615628914e-17,-0.3749999999999999,-0.518,45896.50750641802,125.90221609845725,32.598557346341494,646018382.6667001,-5122048.0,2012
246,0.004846039286606962,729.9668340323904,17.147725115650037,46039.44034965513,2.0479999780654907,-0.20000000000000004,-0.3749999999999999,-0.518,45892.418111334184,125.90221609845725,32.598557346341494,646018382.6667001,-5122048.0,2012
247,0.004960412204902543,729.9668340323904,17.132126655825648,46039.44034965513,2.0479999780654907,-0.10000000000000003,-0.3749999999999999,-0.518,45892.685467779505,125.90221609845725,32.598557346341494,646018382.6667001,-5122048.0,2012
248,0.005048470104877843,729.9668340323904,17.097393314547567,46039.44034965513,2.0479999780654907,-2.7755575615628914e-17,-0.3749999999999999,-0.518,45893.27992057896,125.90221609845725,32.598557346341494,646018382.6667001,-5122048.0,2012
249,0.004071875434053257,918.9737971303117,17.184515486547383,46039.44034965513,2.0479999780654907,-0.20000000000000004,-0.3749999999999999,-0.518,45891.78656340144,125.90221609845725,32.598557346341494,646018382.6667001,-5122048.0,2012
250,0.004246294845376324,918.9737971303117,17.203382779407026,46039.44034965513,2.0479999780654907,-0.10000000000000003,-0.3749999999999999,-0.518,45891.46216012773,125.90221609845725,32.598557346341494,646018382.6667001,-5122048.0,2012
251,0.004399633744503658,918.9737971303117,17.201319827677647,46039.44034965513,2.0479999780654907,-2.7755575615628914e-17,-0.3749999999999999,-0.518,45891.4976477481,125.90221609845725,32.598557346341494,646018382.6667001,-5122048.0,2012
252,0.00572631961210027,579.833266684221,16.92521375001267,46039.44034965513,2.0479999780654907,-0.20000000000000004,-0.3739999999999999,-0.518,45896.20891941332,125.82957516221097,32.57472542388821,646018382.6667001,-5122048.0,2012
253,0.005749561137898546,579.833266684221,16.872160940137473,46039.44034965513,2.0479999780654907,-0.10000000000000003,-0.3739999999999999,-0.518,45897.10544226018,125.82957516221097,32.57472542388821,646018382.6667001,-5122048.0,2012
254,0.00574366259381013,579.833266684221,16.80141454641237,46039.44034965513,2.0479999780654907,-2.7755575615628914e-17,-0.3739999999999999,-0.518,45898.29658427493,125.82957516221097,32.57472542388821,646018382.6667001,-5122048.0,2012
255,0.00480633514807259,729.9668340323904,17.073315259298724,46039.44034965513,2.0479999780654907,-0.20000000000000004,-0.3739999999999999,-0.518,45893.69130268343,125.82957516221097,32.57472542388821,646018382.6667001,-5122048.0,2012
256,0.004915220549068693,729.9668340323904,17.048834257794645,46039.44034965513,2.0479999780654907,-0.10000000000000003,-0.3739999999999999,-0.518,45894.108974880255,125.82957516221097,32.57472542388821,646018382.6667001,-5122048.0,2012
257,0.004997409466850614,729.9668340323904,17.004167207413516,46039.44034965513,2.0479999780654907,-2.7755575615628914e-17,-0.3739999999999999,-0.518,45894.86949844629,125.82957516221097,32.57472542388821,646018382.6667001,-5122048.0,2012
258,0.004044700523742765,918.9737971303117,17.122033956394063,46039.44034965513,2.0479999780654907,-0.20000000000000004,-0.3739999999999999,-0.518,45892.858326253176,125.82957516221097,32.57472542388821,646018382.6667001,-5122048.0,2012
259,0.0042141092255766725,918.9737971303117,17.13221155148415,46039.44034965513,2.0479999780654907,-0.10000000000000003,-0.3739999999999999,-0.518,45892.68401333273,125.82957516221097,32.57472542388821,646018382.6667001,-5122048.0,2012
260,0.004361853025649971,918.9737971303117,17.120231895612847,46039.44034965513,2.0479999780654907,-2.7755575615628914e-17,-0.3739999999999999,-0.518,45892.88917957535,125.82957516221097,32.57472542388821,646018382.6667001,-5122048.0,2012
261,0.005762856124280426,579.833266684221,16.913314241235224,46039.44034965513,2.0479999780654907,-0.20000000000000004,-0.3729999999999999,-0.518,45896.410250343746,125.7568009942386,32.55092271117379,646018382.6667001,-5122048.0,2012
262,0.005789806105516502,579.833266684221,16.86222641834826,46039.44034965513,2.0479999780654907,-0.10000000000000003,-0.3729999999999999,-0.518,45897.27300976331,125.7568009942386,32.55092271117379,646018382.6667001,-5122048.0,2012
263,0.005787620277547452,579.833266684221,16.793533844012273,46039.44034965513,2.0479999780654907,-2.7755575615628914e-17,-0.3729999999999999,-0.518,45898.42896017014,125.7568009942386,32.55092271117379,646018382.6667001,-5122048.0,2012
264,0.004829276514070502,729.9668340323904,17.054431086098866,46039.44034965513,2.0479999780654907,-0.20000000000000004,-0.3729999999999999,-0.518,45894.01353981988,125.7568009942386,32.55092271117379,646018382.6667001,-5122048.0,2012
265,0.004941897554706029,729.9668340323904,17.03212515182058,46039.44034965513,2.0479999780654907,-0.10000000000000003,-0.3729999999999999,-0.518,45894.39370606149,125.7568009942386,32.55092271117379,646018382.6667001,-5122048.0,2012
266,0.005028047185905901,729.9668340323904,16.989846867924673,46039.44034965513,2.0479999780654907,-2.7755575615628914e-17,-0.3729999999999999,-0.518,45895.112901357366,125.7568009942386,32.55092271117379,646018382.6667001,-5122048.0,2012
267,0.004058401259778448,918.9737971303117,17.09718490969452,46039.44034965513,2.0479999780654907,-0.20000000000000004,-0.3729999999999999,-0.518,45893.28348373699,125.7568009942386,32.55092271117379,646018382.6667001,-5122048.0,2012
268,0.004231164748453301,918.9737971303117,17.109452997347457,46039.44034965513,2.0479999780654907,-0.10000000000000003,-0.3729999999999999,-0.518,45893.07365872091,125.7568009942386,32.55092271117379,646018382.6667001,-5122048.0,2012
269,0.004382666530375104,918.9737971303117,17.099923715749302,46039.44034965513,2.0479999780654907,-2.7755575615628914e-17,-0.3729999999999999,-0.518,45893.23665411291,125.7568009942386,32.55092271117379,646018382.6667001,-5122048.0,2012
270,0.005837935534645422,579.833266684221,16.978066755540407,46039.44034965513,2.0479999780654907,-0.20000000000000004,-0.3749999999999999,-0.517,45895.31297427734,125.95482207420322,32.56561627022143,646018382.6667001,-5122048.0,2012
271,0.005872252432054586,579.833266684221,16.939183399880815,46039.44034965513,2.0479999780654907,-0.10000000000000003,-0.3749999999999999,-0.517,45895.97238252773,125.95482207420322,32.56561627022143,646018382.6667001,-5122048.0,2012
272,0.0058775803267320645,579.833266684221,16.883818258842446,46039.44034965513,2.0479999780654907,-2.7755575615628914e-17,-0.3749999999999999,-0.517,45896.90869015632,125.95482207420322,32.56561627022143,646018382.6667001,-5122048.0,2012
273,0.004881611114396919,729.9668340323904,17.10423452114568,46039.44034965513,2.0479999780654907,-0.20000000000000004,-0.3749999999999999,-0.517,45893.162930377955,125.95482207420322,32.56561627022143,646018382.6667001,-5122048.0,2012
274,0.005001518674896194,729.9668340323904,17.09383759792869,46039.44034965513,2.0479999780654907,-0.10000000000000003,-0.3749999999999999,-0.517,45893.34070774295,125.95482207420322,32.56561627022143,646018382.6667001,-5122048.0,2012
275,0.005095427438090849,729.9668340323904,17.064813456699248,46039.44034965513,2.0479999780654907,-2.7755575615628914e-17,-0.3749999999999999,-0.517,45893.83642049916,125.95482207420322,32.56561627022143,646018382.6667001,-5122048.0,2012
276,0.004094655855942953,918.9737971303117,17.13413971698547,46039.44034965513,2.0479999780654907,-0.20000000000000004,-0.3749999999999999,-0.517,45892.65097773454,125.95482207420322,32.56561627022143,646018382.6667001,-5122048.0,2012
277,0.00427411889093686,918.9737971303117,17.157783240736975,46039.44034965513,2.0479999780654907,-0.10000000000000003,-0.3749999999999999,-0.517,45892.245586787074,125.95482207420322,32.56561627022143,646018382.6667001,-5122048.0,2012
278,0.004433056567142912,918.9737971303117,17.161204318730384,46039.44034965513,2.0479999780654907,-2.7755575615628914e-17,-0.3749999999999999,-0.517,45892.186882820526,125.95482207420322,32.56561627022143,646018382.6667001,-5122048.0,2012
279,0.005827084373876465,579.833266684221,17.08851920756386,46039.44034965513,2.0479999780654907,-0.20000000000000004,-0.3739999999999999,-0.517,45893.43160530149,125.88213724620421,32.541736558330626,646018382.6667001,-5122048.0,2012
280,0.0058576708568677345,579.833266684221,17.04735774165141,46039.44034965513,2.0479999780654907,-0.10000000000000003,-0.3739999999999999,-0.517,45894.13414666921,125.88213724620421,32.541736558330626,646018382.6667001,-5122048.0,2012
281,0.005858990672480524,579.833266684221,16.988955551710628,46039.44034965513,2.0479999780654907,-2.7755575615628914e-17,-0.3739999999999999,-0.517,45895.12804428613,125.88213724620421,32.541736558330626,646018382.6667001,-5122048.0,2012
282,0.004878098200794618,729.9668340323904,17.21314403060087,46039.44034965513,2.0479999780654907,-0.20000000000000004,-0.3739999999999999,-0.517,45891.294185946026,125.88213724620421,32.541736558330626,646018382.6667001,-5122048.0,2012
283,0.004994796274740852,729.9668340323904,17.201387826191,46039.44034965513,2.0479999780654907,-0.10000000000000003,-0.3739999999999999,-0.517,45891.496478081615,125.88213724620421,32.541736558330626,646018382.6667001,-5122048.0,2012
284,0.0050850416640808,729.9668340323904,17.17012467048314,46039.44034965513,2.0479999780654907,-2.7755575615628914e-17,-0.3739999999999999,-0.517,45892.033759055164,125.88213724620421,32.541736558330626,646018382.6667001,-5122048.0,2012
285,0.004095717904498208,918.9737971303117,17.240639006450703,46039.44034965513,2.0479999780654907,-0.20000000000000004,-0.3739999999999999,-0.517,45890.82053297976,125.88213724620421,32.541736558330626,646018382.6667001,-5122048.0,2012
286,0.004272657548574397,918.9737971303117,17.263976211430297,46039.44034965513,2.0479999780654907,-0.10000000000000003,-0.3739999999999999,-0.517,45890.417912340716,125.88213724620421,32.541736558330626,646018382.6667001,-5122048.0,2012
287,0.004428496890815326,918.9737971303117,17.266094177973116,46039.44034965513,2.0479999780654907,-2.7755575615628914e-17,-0.3739999999999999,-0.517,45890.38134557381,125.88213724620421,32.541736558330626,646018382.6667001,-5122048.0,2012
288,0.0058756409407333555,579.833266684221,17.118452979818755,46039.44034965513,2.0479999780654907,-0.20000000000000004,-0.3729999999999999,-0.517,45892.919633444,125.80931876678997,32.517886049886414,646018382.6667001,-5122048.0,2012
289,0.005910867806299475,579.833266684221,17.08187813897486,46039.44034965513,2.0479999780654907,-0.10000000000000003,-0.3729999999999999,-0.517,45893.54506927774,125.80931876678997,32.517886049886414,646018382.6667001,-5122048.0,2012
290,0.005916870772126259,579.833266684221,17.02834490577417,46039.44034965513,2.0479999780654907,-2.7755575615628914e-17,-0.3729999999999999,-0.517,45894.45808454013,125.80931876678997,32.517886049886414,646018382.6667001,-5122048.0,2012
291,0.004909994061845136,729.9668340323904,17.231842328345536,46039.44034965513,2.0479999780654907,-0.20000000000000004,-0.3729999999999999,-0.517,45890.97215464065,125.80931876678997,32.517886049886414,646018382.6667001,-5122048.0,2012
292,0.005031348845821616,729.9668340323904,17.224975298429683,46039.44034965513,2.0479999780654907,-0.10000000000000003,-0.3729999999999999,-0.517,45891.090462639375,125.80931876678997,32.517886049886414,646018382.6667001,-5122048.0,2012
293,0.0051265381564950824,729.9668340323904,17.199026282399274,46039.44034965513,2.0479999780654907,-2.7755575615628914e-17,-0.3729999999999999,-0.517,45891.5370971238,125.80931876678997,32.517886049886414,646018382.6667001,-5122048.0,2012
294,0.004116199153306921,918.9737971303117,17.24954483554654,46039.44034965513,2.0479999780654907,-0.20000000000000004,-0.3729999999999999,-0.517,45890.666951138366,125.80931876678997,32.517886049886414,646018382.6667001,-5122048.0,2012
295,0.004297366277042697,918.9737971303117,17.277760295730708,46039.44034965513,2.0479999780654907,-0.10000000000000003,-0.3729999999999999,-0.517,45890.17984923677,125.80931876678997,32.517886049886414,646018382.6667001,-5122048.0,2012
296,0.00445791581738641,918.9737971303117,17.285345531799678,46039.44034965513,2.0479999780654907,-2.7755575615628914e-17,-0.3729999999999999,-0.517,45890.04876457828,125.80931876678997,32.517886049886414,646018382.6667001,-5122048.0,2012
297,0.005736086922238248,579.833266684221,16.800210084791555,46039.44034965513,2.0479999780654907,-0.20000000000000004,-0.3749999999999999,-0.516,45898.316820208565,126.00756156725106,32.53267296700253,646018382.6667001,-5122048.0,2012
298,0.005763623287303961,579.833266684221,16.752705819423152,46039.44034965513,2.0479999780654907,-0.10000000000000003,-0.3749999999999999,-0.516,45899.113773519064,126.00756156725106,32.53267296700253,646018382.6667001,-5122048.0,2012
299,0.005762417330555899,579.833266684221,16.68867036402163,46039.44034965513,2.0479999780654907,-2.7755575615628914e-17,-0.3749999999999999,-0.516,45900.184490395644,126.00756156725106,32.53267296700253,646018382.6667001,-5122048.0,2012
300,0.004810410778744535,729.9668340323904,16.952251720552653,46039.44034965513,2.0479999780654907,-0.20000000000000004,-0.3749999999999999,-0.516,45895.75093045664,126.00756156725106,32.53267296700253,646018382.6667001,-5122048.0,2012
301,0.004922883112809896,729.9668340323904,16.93173077551023,46039.44034965513,2.0479999780654907,-0.10000000000000003,-0.3749999999999999,-0.516,45896.09859612795,126.00756156725106,32.53267296700253,646018382.6667001,-5122048.0,2012
302,0.0050092053342925495,729.9668340323904,16.8923270275529,46039.44034965513,2.0479999780654907,-2.7755575615628914e-17,-0.3749999999999999,-0.516,45896.764993452234,126.00756156725106,32.53267296700253,646018382.6667001,-5122048.0,2012
303,0.004045078559114273,918.9737971303117,17.00621480150353,46039.44034965513,2.0479999780654907,-0.20000000000000004,-0.3749999999999999,-0.516,45894.83467871769,126.00756156725106,32.53267296700253,646018382.6667001,-5122048.0,2012
304,0.0042173372873287535,918.9737971303117,17.01874490304819,46039.44034965513,2.0479999780654907,-0.10000000000000003,-0.3749999999999999,-0.516,45894.62151061762,126.00756156725106,32.53267296700253,646018382.6667001,-5122048.0,2012
305,0.00436857558805341,918.9737971303117,17.010540408888247,46039.44034965513,2.0479999780654907,-2.7755575615628914e-17,-0.3749999999999999,-0.516,45894.76110715392,126.00756156725106,32.53267296700253,646018382.6667001,-5122048.0,2012
306,0.005732980845026672,579.833266684221,16.9514425036649,46039.44034965513,2.0479999780654907,-0.20000000000000004,-0.3739999999999999,-0.516,45895.7646481776,125.93483298181809,32.50874537262804,646018382.6667001,-5122048.0,2012
307,0.005757526941488446,579.833266684221,16.904542454043558,46039.44034965513,2.0479999780654907,-0.10000000000000003,-0.3739999999999999,-0.516,45896.55857186485,125.93483298181809,32.50874537262804,646018382.6667001,-5122048.0,2012
308,0.005753118009377285,579.833266684221,16.84061708272131,46039.44034965513,2.0479999780654907,-2.7755575615628914e-17,-0.3739999999999999,-0.516,45897.63715779171,125.93483298181809,32.50874537262804,646018382.6667001,-5122048.0,2012
309,0.004812981812346736,729.9668340323904,17.098643685263404,46039.44034965513,2.0479999780654907,-0.20000000000000004,-0.3739999999999999,-0.516,45893.25854171733,125.93483298181809,32.50874537262804,646018382.6667001,-5122048.0,2012
310,0.004922913359326564,729.9668340323904,17.079612887962117,46039.44034965513,2.0479999780654907,-0.10000000000000003,-0.3739999999999999,-0.516,45893.58376145381,125.93483298181809,32.50874537262804,646018382.6667001,-5122048.0,2012
311,0.005006312627110031,729.9668340323904,17.041099062754373,46039.44034965513,2.0479999780654907,-2.7755575615628914e-17,-0.3739999999999999,-0.516,45894.24082102183,125.93483298181809,32.50874537262804,646018382.6667001,-5122048.0,2012
312,0.004051035081542274,918.9737971303117,17.147265021890348,46039.44034965513,2.0479999780654907,-0.20000000000000004,-0.3739999999999999,-0.516,45892.42600078966,125.93483298181809,32.50874537262804,646018382.6667001,-5122048.0,2012
313,0.0042213830905161835,918.9737971303117,17.162322860155616,46039.44034965513,2.0479999780654907,-0.10000000000000003,-0.3739999999999999,-0.516,45892.16768667702,125.93483298181809,32.50874537262804,646018382.6667001,-5122048.0,2012
314,0.004370208213129449,918.9737971303117,17.155938731086984,46039.44034965513,2.0479999780654907,-2.7755575615628914e-17,-0.3739999999999999,-0.516,45892.277232782726,125.93483298181809,32.50874537262804,646018382.6667001,-5122048.0,2012
315,0.005772776585195155,579.833266684221,16.99244070834302,46039.44034965513,2.0479999780654907,-0.20000000000000004,-0.3729999999999999,-0.516,45895.068829041855,125.86197032404817,32.484846975090626,646018382.6667001,-5122048.0,2012
316,0.005802388333122432,579.833266684221,16.954330235413938,46039.44034965513,2.0479999780654907,-0.10000000000000003,-0.3729999999999999,-0.516,45895.715692789396,125.86197032404817,32.484846975090626,646018382.6667001,-5122048.0,2012
317,0.005803209616934342,579.833266684221,16.899935559525044,46039.44034965513,2.0479999780654907,-2.7755575615628914e-17,-0.3729999999999999,-0.516,45896.63643869708,125.86197032404817,32.484846975090626,646018382.6667001,-5122048.0,2012
318,0.004838289859769502,729.9668340323904,17.12597855949977,46039.44034965513,2.0479999780654907,-0.20000000000000004,-0.3729999999999999,-0.516,45892.79077884491,125.86197032404817,32.484846975090626,646018382.6667001,-5122048.0,2012
319,0.0049530163565831755,729.9668340323904,17.11569533647973,46039.44034965513,2.0479999780654907,-0.10000000000000003,-0.3729999999999999,-0.516,45892.966836229534,125.86197032404817,32.484846975090626,646018382.6667001,-5122048.0,2012
320,0.005041605935612297,729.9668340323904,17.086851430204227,46039.44034965513,2.0479999780654907,-2.7755575615628914e-17,-0.3729999999999999,-0.516,45893.460103756195,125.86197032404817,32.484846975090626,646018382.6667001,-5122048.0,2012
321,0.004066631643554368,918.9737971303117,17.163123178560777,46039.44034965513,2.0479999780654907,-0.20000000000000004,-0.3729999999999999,-0.516,45892.153951033906,125.86197032404817,32.484846975090626,646018382.6667001,-5122048.0,2012
322,0.004241179988578164,918.9737971303117,17.186595161946308,46039.44034965513,2.0479999780654907,-0.10000000000000003,-0.3729999999999999,-0.516,45891.75082302481,125.86197032404817,32.484846975090626,646018382.6667001,-5122048.0,2012
323,0.0043947752548702665,918.9737971303117,17.18974215971769,46039.44034965513,2.0479999780654907,-2.7755575615628914e-17,-0.3729999999999999,-0.516,45891.69673189634,125.86197032404817,32.484846975090626,646018382.6667001,-5122048.0,2012
324,0.00908972176654513,290.605030894529,15.336948909120947,46039.44034958467,2.0479999780654907,-0.10000000000000003,-0.4019999999999999,-0.495,45921.82934866418,129.08078362869446,32.524626443791504,646018382.6667001,-5122048.0,2012
325,0.008168379769762436,290.605030894529,15.126624701870417,46039.44034958467,2.0479999780654907,0.09999999999999998,-0.4019999999999999,-0.495,45925.03296214905,129.08078362869446,32.524626443791504,646018382.6667001,-5122048.0,2012
326,0.007234602870830393,290.605030894529,14.868955760454611,46039.44034958467,2.0479999780654907,0.3,-0.4019999999999999,-0.495,45928.89742688149,129.08078362869446,32.524626443791504,646018382.6667001,-5122048.0,2012
327,0.006599870180574093,460.57793515969075,16.321288744405276,46039.44034958467,2.0479999780654907,-0.10000000000000003,-0.4019999999999999,-0.495,45906.248116445546,129.08078362869446,32.524626443791504,646018382.6667001,-5122048.0,2012
328,0.0063180350989502565,460.57793515969075,16.10297846492835,46039.44034958467,2.0479999780654907,0.09999999999999998,-0.4019999999999999,-0.495,45909.7873918637,129.08078362869446,32.524626443791504,646018382.6667001,-5122048.0,2012
329,0.005926377754110067,460.57793515969075,15.81590032512953,46039.44034958467,2.0479999780654907,0.3,-0.4019999999999999,-0.495,45914.368998037455,129.08078362869446,32.524626443791504,646018382.6667001,-5122048.0,2012
330,0.00484430897776648,729.9668340323904,16.86689970717228,46039.44034958467,2.0479999780654907,-0.10000000000000003,-0.4019999999999999,-0.495,45897.19419671877,129.08078362869446,32.524626443791504,646018382.6667001,-5122048.0,2012
331,0.004960102921377787,729.9668340323904,16.715571735166677,46039.44034958467,2.0479999780654907,0.09999999999999998,-0.4019999999999999,-0.495,45899.73518036792,129.08078362869446,32.524626443791504,646018382.6667001,-5122048.0,2012
332,0.004940850131644901,729.9668340323904,16.46575950016028,46039.44034958467,2.0479999780654907,0.3,-0.4019999999999999,-0.495,45903.87973162611,129.08078362869446,32.524626443791504,646018382.6667001,-5122048.0,2012
333,0.009209472794008652,290.605030894529,15.515320416827292,46039.44034958467,2.0479999780654907,-0.10000000000000003,-0.3999999999999999,-0.495,45919.07776576626,128.94101227602167,32.47331727341144,646018382.6667001,-5122048.0,2012
334,0.00828299354493045,290.605030894529,15.314801189174135,46039.44034958467,2.0479999780654907,0.09999999999999998,-0.3999999999999999,-0.495,45922.168781852706,128.94101227602167,32.47331727341144,646018382.6667001,-5122048.0,2012
335,0.007341588390704173,290.605030894529,15.065501324350613,46039.44034958467,2.0479999780654907,0.3,-0.3999999999999999,-0.495,45925.955684507666,128.94101227602167,32.47331727341144,646018382.6667001,-5122048.0,2012
336,0.006667482869015999,460.57793515969075,16.467062439828087,46039.44034958467,2.0479999780654907,-0.10000000000000003,-0.3999999999999999,-0.495,45903.85827688607,128.94101227602167,32.47331727341144,646018382.6667001,-5122048.0,2012
337,0.0063894881497547976,460.57793515969075,16.263081731798884,46039.44034958467,2.0479999780654907,0.09999999999999998,-0.3999999999999999,-0.495,45907.196435877086,128.94101227602167,32.47331727341144,646018382.6667001,-5122048.0,2012
338,0.005999682749706515,460.57793515969075,15.98946784390313,46039.44034958467,2.0479999780654907,0.3,-0.3999999999999999,-0.495,45911.608808619065,128.94101227602167,32.47331727341144,646018382.6667001,-5122048.0,2012
339,0.004883308254729235,729.9668340323904,16.98363549002082,46039.44034958467,2.0479999780654907,-0.10000000000000003,-0.3999999999999999,-0.495,45895.21841235572,128.94101227602167,32.47331727341144,646018382.6667001,-5122048.0,2012
340,0.005005943215758918,729.9668340323904,16.8500119531691,46039.44034958467,2.0479999780654907,0.09999999999999998,-0.3999999999999999,-0.495,45897.4788981737,128.94101227602167,32.47331727341144,646018382.6667001,-5122048.0,2012
341,0.0049926801864661145,729.9668340323904,16.617863209090974,46039.44034958467,2.0479999780654907,0.3,-0.3999999999999999,-0.495,45901.36366076664,128.94101227602167,32.47331727341144,646018382.6667001,-5122048.0,2012
342,0.008963146168987041,290.605030894529,15.173254049803583,46039.44034958467,2.0479999780654907,-0.10000000000000003,-0.3979999999999999,-0.495,45924.32653035473,128.80068768376256,32.422104784279504,646018382.6667001,-5122048.0,2012
343,0.008063123237290479,290.605030894529,14.984151569527436,46039.44034958467,2.0479999780654907,0.09999999999999998,-0.3979999999999999,-0.495,45927.177950455385,128.80068768376256,32.422104784279504,646018382.6667001,-5122048.0,2012
344,0.007148697381412468,290.605030894529,14.748268898087847,46039.44034958467,2.0479999780654907,0.3,-0.3979999999999999,-0.495,45930.68463183952,128.80068768376256,32.422104784279504,646018382.6667001,-5122048.0,2012
345,0.006507815221873261,460.57793515969075,16.13102037616702,46039.44034958467,2.0479999780654907,-0.10000000000000003,-0.3979999999999999,-0.495,45909.33544039651,128.80068768376256,32.422104784279504,646018382.6667001,-5122048.0,2012
346,0.006234057837695283,460.57793515969075,15.931480041507859,46039.44034958467,2.0479999780654907,0.09999999999999998,-0.3979999999999999,-0.495,45912.53432142819,128.80068768376256,32.422104784279504,646018382.6667001,-5122048.0,2012
347,0.00585204494591393,460.57793515969075,15.665621621698447,46039.44034958467,2.0479999780654907,0.3,-0.3979999999999999,-0.495,45916.73449918756,128.80068768376256,32.422104784279504,646018382.6667001,-5122048.0,2012
348,0.004782191734501002,729.9668340323904,16.676440405369167,46039.44034958467,2.0479999780654907,-0.10000000000000003,-0.3979999999999999,-0.495,45900.388517287756,128.80068768376256,32.422104784279504,646018382.6667001,-5122048.0,2012
349,0.004897760980276096,729.9668340323904,16.537590854630317,46039.44034958467,2.0479999780654907,0.09999999999999998,-0.3979999999999999,-0.495,45902.694393947095,128.80068768376256,32.422104784279504,646018382.6667001,-5122048.0,2012
350,0.004880649582809053,729.9668340323904,16.304426809282354,46039.44034958467,2.0479999780654907,0.3,-0.3979999999999999,-0.495,45906.52318279505,128.80068768376256,32.422104784279504,646018382.6667001,-5122048.0,2012
351,0.009332731580588761,290.605030894529,15.641526683349422,46039.44034958467,2.0479999780654907,-0.10000000000000003,-0.4019999999999999,-0.493,45917.111671091705,129.1943470345915,32.46139475867087,646018382.6667001,-5122048.0,2012
352,0.008411939775092574,290.605030894529,15.468334757720076,46039.44034958467,2.0479999780654907,0.09999999999999998,-0.4019999999999999,-0.493,45919.805659496225,129.1943470345915,32.46139475867087,646018382.6667001,-5122048.0,2012
353,0.007474714804243362,290.605030894529,15.24936511921343,46039.44034958467,2.0479999780654907,0.3,-0.4019999999999999,-0.493,45923.16878131513,129.1943470345915,32.46139475867087,646018382.6667001,-5122048.0,2012
354,0.0067281438431674645,460.57793515969075,16.544736396466313,46039.44034958467,2.0479999780654907,-0.10000000000000003,-0.4019999999999999,-0.493,45902.57619837039,129.1943470345915,32.46139475867087,646018382.6667001,-5122048.0,2012
355,0.006461765067334922,460.57793515969075,16.370112278787598,46039.44034958467,2.0479999780654907,0.09999999999999998,-0.4019999999999999,-0.493,45905.450061574615,129.1943470345915,32.46139475867087,646018382.6667001,-5122048.0,2012
356,0.006083357330541439,460.57793515969075,16.13009892362468,46039.44034958467,2.0479999780654907,0.3,-0.4019999999999999,-0.493,45909.35030394171,129.1943470345915,32.46139475867087,646018382.6667001,-5122048.0,2012
357,0.004913823825110468,729.9668340323904,17.02854296072969,46039.44034958467,2.0479999780654907,-0.10000000000000003,-0.4019999999999999,-0.493,45894.45471190196,129.1943470345915,32.46139475867087,646018382.6667001,-5122048.0,2012
358,0.005047913739809212,729.9668340323904,16.923945133404022,46039.44034958467,2.0479999780654907,0.09999999999999998,-0.4019999999999999,-0.493,45896.230390145436,129.1943470345915,32.46139475867087,646018382.6667001,-5122048.0,2012
359,0.005047631986024334,729.9668340323904,16.726546276163223,46039.44034958467,2.0479999780654907,0.3,-0.4019999999999999,-0.493,45899.551674420356,129.1943470345915,32.46139475867087,646018382.6667001,-5122048.0,2012
360,0.009181441471814223,290.605030894529,15.50303386040525,46039.44034958467,2.0479999780654907,-0.10000000000000003,-0.3999999999999999,-0.493,45919.268320146235,129.05445928855698,32.409887818941705,646018382.6667001,-5122048.0,2012
361,0.008265374657442174,290.605030894529,15.31977383926028,46039.44034958467,2.0479999780654907,0.09999999999999998,-0.3999999999999999,-0.493,45922.09261434163,129.05445928855698,32.409887818941705,646018382.6667001,-5122048.0,2012
362,0.007333777847979239,290.605030894529,15.089759863518845,46039.44034958467,2.0479999780654907,0.3,-0.3999999999999999,-0.493,45925.58992321534,129.05445928855698,32.409887818941705,646018382.6667001,-5122048.0,2012
363,0.006641190075448776,460.57793515969075,16.434998458491027,46039.44034958467,2.0479999780654907,-0.10000000000000003,-0.3999999999999999,-0.493,45904.38576241937,129.05445928855698,32.409887818941705,646018382.6667001,-5122048.0,2012
364,0.006369222245425493,460.57793515969075,16.246778034871515,46039.44034958467,2.0479999780654907,0.09999999999999998,-0.3999999999999999,-0.493,45907.46145132748,129.05445928855698,32.409887818941705,646018382.6667001,-5122048.0,2012
365,0.00598625651601222,460.57793515969075,15.992041656543778,46039.44034958467,2.0479999780654907,0.3,-0.3999999999999999,-0.493,45911.567651412355,129.05445928855698,32.409887818941705,646018382.6667001,-5122048.0,2012
366,0.004863685662307021,729.9668340323904,16.944049101880523,46039.44034958467,2.0479999780654907,-0.10000000000000003,-0.3999999999999999,-0.493,45895.8899496012,129.05445928855698,32.409887818941705,646018382.6667001,-5122048.0,2012
367,0.0049885737397294926,729.9668340323904,16.82316719156567,46039.44034958467,2.0479999780654907,0.09999999999999998,-0.3999999999999999,-0.493,45897.930872406985,129.05445928855698,32.409887818941705,646018382.6667001,-5122048.0,2012
368,0.0049790801473842804,729.9668340323904,16.607914065786236,46039.44034958467,2.0479999780654907,0.3,-0.3999999999999999,-0.493,45901.5289447764,129.05445928855698,32.409887818941705,646018382.6667001,-5122048.0,2012
369,0.00899464294307711,290.605030894529,15.069173065167568,46039.44034958467,2.0479999780654907,-0.10000000000000003,-0.3979999999999999,-0.493,45925.900361150685,128.9140151222482,32.35847735283032,646018382.6667001,-5122048.0,2012
370,0.008098847880335984,290.605030894529,14.890829901836323,46039.44034958467,2.0479999780654907,0.09999999999999998,-0.3979999999999999,-0.493,45928.57194200196,128.9140151222482,32.35847735283032,646018382.6667001,-5122048.0,2012
371,0.007187866105493921,290.605030894529,14.667921137206175,46039.44034958467,2.0479999780654907,0.3,-0.3979999999999999,-0.493,45931.86639434102,128.9140151222482,32.35847735283032,646018382.6667001,-5122048.0,2012
372,0.006519413944268899,460.57793515969075,16.024553344112675,46039.44034958467,2.0479999780654907,-0.10000000000000003,-0.3979999999999999,-0.493,45911.047194645515,128.9140151222482,32.35847735283032,646018382.6667001,-5122048.0,2012
373,0.006251932237641668,460.57793515969075,15.833810929691344,46039.44034958467,2.0479999780654907,0.09999999999999998,-0.3979999999999999,-0.493,45914.085565306064,128.9140151222482,32.35847735283032,646018382.6667001,-5122048.0,2012
374,0.00587597597989464,460.57793515969075,15.579548196285405,46039.44034958467,2.0479999780654907,0.3,-0.3979999999999999,-0.493,45918.07918858448,128.9140151222482,32.35847735283032,646018382.6667001,-5122048.0,2012
375,0.004783387804355272,729.9668340323904,16.57217704852049,46039.44034958467,2.0479999780654907,-0.10000000000000003,-0.3979999999999999,-0.493,45902.121823520916,128.9140151222482,32.35847735283032,646018382.6667001,-5122048.0,2012
376,0.004904669737671305,729.9668340323904,16.439324214222008,46039.44034958467,2.0479999780654907,0.09999999999999998,-0.3979999999999999,-0.493,45904.31465927452,128.9140151222482,32.35847735283032,646018382.6667001,-5122048.0,2012
377,0.004894202173389096,729.9668340323904,16.215827634757108,46039.44034958467,2.0479999780654907,0.3,-0.3979999999999999,-0.493,45907.963816644595,128.9140151222482,32.35847735283032,646018382.6667001,-5122048.0,2012
378,0.009187105678740193,290.605030894529,15.557190626872861,46039.44034958467,2.0479999780654907,-0.10000000000000003,-0.4019999999999999,-0.491,45918.42725948424,129.30846522065534,32.398176745848886,646018382.6667001,-5122048.0,2012
379,0.008280618949286077,290.605030894529,15.39091988486505,46039.44034958467,2.0479999780654907,0.09999999999999998,-0.4019999999999999,-0.491,45921.000142133504,129.30846522065534,32.398176745848886,646018382.6667001,-5122048.0,2012
380,0.007357856640521901,290.605030894529,15.178489019353904,46039.44034958467,2.0479999780654907,0.3,-0.4019999999999999,-0.491,45924.24708512935,129.30846522065534,32.398176745848886,646018382.6667001,-5122048.0,2012
381,0.006634594627267837,460.57793515969075,16.445772724002154,46039.44034958467,2.0479999780654907,-0.10000000000000003,-0.4019999999999999,-0.491,45904.208629339904,129.30846522065534,32.398176745848886,646018382.6667001,-5122048.0,2012
382,0.006368886741683209,460.57793515969075,16.27687503462804,46039.44034958467,2.0479999780654907,0.09999999999999998,-0.4019999999999999,-0.491,45906.97201913822,129.30846522065534,32.398176745848886,646018382.6667001,-5122048.0,2012
383,0.005993193220993292,460.57793515969075,16.043104718003015,46039.44034958467,2.0479999780654907,0.3,-0.4019999999999999,-0.491,45910.749745088266,129.30846522065534,32.398176745848886,646018382.6667001,-5122048.0,2012
384,0.004858284609514472,729.9668340323904,16.934249164334783,46039.44034958467,2.0479999780654907,-0.10000000000000003,-0.4019999999999999,-0.491,45896.055952204784,129.30846522065534,32.398176745848886,646018382.6667001,-5122048.0,2012
385,0.0049861281940004505,729.9668340323904,16.831365722674995,46039.44034958467,2.0479999780654907,0.09999999999999998,-0.4019999999999999,-0.491,45897.79291353945,129.30846522065534,32.398176745848886,646018382.6667001,-5122048.0,2012
386,0.00498106741332949,729.9668340323904,16.63677815333106,46039.44034958467,2.0479999780654907,0.3,-0.4019999999999999,-0.491,45901.049155923094,129.30846522065534,32.398176745848886,646018382.6667001,-5122048.0,2012
387,0.00901537353233975,290.605030894529,15.183972477056228,46039.44034958467,2.0479999780654907,-0.10000000000000003,-0.3999999999999999,-0.491,45924.16383949267,129.1684627236422,32.34647136280143,646018382.6667001,-5122048.0,2012
388,0.008106628833353988,290.605030894529,14.987114605412385,46039.44034958467,2.0479999780654907,0.09999999999999998,-0.3999999999999999,-0.491,45927.13354748679,129.1684627236422,32.34647136280143,646018382.6667001,-5122048.0,2012
389,0.007183623680686252,290.605030894529,14.742094691105478,46039.44034958467,2.0479999780654907,0.3,-0.3999999999999999,-0.491,45930.77567164391,129.1684627236422,32.34647136280143,646018382.6667001,-5122048.0,2012
390,0.00654326926112417,460.57793515969075,16.14643600336145,46039.44034958467,2.0479999780654907,-0.10000000000000003,-0.3999999999999999,-0.491,45909.08665177935,129.1684627236422,32.34647136280143,646018382.6667001,-5122048.0,2012
391,0.006266905728777364,460.57793515969075,15.940886193441031,46039.44034958467,2.0479999780654907,0.09999999999999998,-0.3999999999999999,-0.491,45912.38442326855,129.1684627236422,32.34647136280143,646018382.6667001,-5122048.0,2012
392,0.005881099682530862,460.57793515969075,15.667262593739148,46039.44034958467,2.0479999780654907,0.3,-0.3999999999999999,-0.491,45916.70879099408,129.1684627236422,32.34647136280143,646018382.6667001,-5122048.0,2012
393,0.004805855057716188,729.9668340323904,16.692988342283634,46039.44034958467,2.0479999780654907,-0.10000000000000003,-0.3999999999999999,-0.491,45900.11241968686,129.1684627236422,32.34647136280143,646018382.6667001,-5122048.0,2012
394,0.004921935554633603,729.9668340323904,16.54965376782492,46039.44034958467,2.0479999780654907,0.09999999999999998,-0.3999999999999999,-0.491,45902.49482966723,129.1684627236422,32.34647136280143,646018382.6667001,-5122048.0,2012
395,0.004904112361381241,729.9668340323904,16.310101676250824,46039.44034958467,2.0479999780654907,0.3,-0.3999999999999999,-0.491,45906.43064123985,129.1684627236422,32.34647136280143,646018382.6667001,-5122048.0,2012
396,0.008839255992988156,290.605030894529,14.952393524626194,46039.44034958467,2.0479999780654907,-0.10000000000000003,-0.3979999999999999,-0.491,45927.65331352703,129.02790061201276,32.294862239765315,646018382.6667001,-5122048.0,2012
397,0.007943888802564176,290.605030894529,14.75527966840189,46039.44034958467,2.0479999780654907,0.09999999999999998,-0.3979999999999999,-0.491,45930.581210538294,129.02790061201276,32.294862239765315,646018382.6667001,-5122048.0,2012
398,0.007034673553601267,290.605030894529,14.510632790662997,46039.44034958467,2.0479999780654907,0.3,-0.3979999999999999,-0.491,45934.16111759194,129.02790061201276,32.294862239765315,646018382.6667001,-5122048.0,2012
399,0.006437059993221403,460.57793515969075,15.941370206547848,46039.44034958467,2.0479999780654907,-0.10000000000000003,-0.3979999999999999,-0.491,45912.376707553565,129.02790061201276,32.294862239765315,646018382.6667001,-5122048.0,2012
400,0.006159172313042761,460.57793515969075,15.72919161483547,46039.44034958467,2.0479999780654907,0.09999999999999998,-0.3979999999999999,-0.491,45915.736615156566,129.02790061201276,32.294862239765315,646018382.6667001,-5122048.0,2012
401,0.0057739953259239255,460.57793515969075,15.450017524390145,46039.44034958467,2.0479999780654907,0.3,-0.3979999999999999,-0.491,45920.08882883269,129.02790061201276,32.294862239765315,646018382.6667001,-5122048.0,2012
402,0.004741501919311774,729.9668340323904,16.5199055771118,46039.44034958467,2.0479999780654907,-0.10000000000000003,-0.3979999999999999,-0.491,45902.986709446326,129.02790061201276,32.294862239765315,646018382.6667001,-5122048.0,2012
403,0.004849954673745212,729.9668340323904,16.363600730766578,46039.44034958467,2.0479999780654907,0.09999999999999998,-0.3979999999999999,-0.491,45905.5566351467,129.02790061201276,32.294862239765315,646018382.6667001,-5122048.0,2012
404,0.004825844822941515,729.9668340323904,16.11220017827074,46039.44034958467,2.0479999780654907,0.3,-0.3979999999999999,-0.491,45909.63885229234,129.02790061201276,32.294862239765315,646018382.6667001,-5122048.0,2012
405,0.005610881871251385,579.833266684221,16.634067376589723,46039.44034958467,2.0479999780654907,-0.20000000000000004,-0.4029999999999999,-0.494,45901.09425084021,129.20720350496785,32.51874871877565,646018382.6667001,-5122048.0,2012
406,0.005626993100372681,579.833266684221,16.568216893303727,46039.44034958467,2.0479999780654907,-0.10000000000000003,-0.4029999999999999,-0.494,45902.18744407289,129.20720350496785,32.51874871877565,646018382.6667001,-5122048.0,2012
407,0.005614772998430918,579.833266684221,16.485991175071174,46039.44034958467,2.0479999780654907,-2.7755575615628914e-17,-0.4029999999999999,-0.494,45903.54639707241,129.20720350496785,32.51874871877565,646018382.6667001,-5122048.0,2012
408,0.004726391861493434,729.9668340323904,16.828845002230416,46039.44034958467,2.0479999780654907,-0.20000000000000004,-0.4029999999999999,-0.494,45897.83533753012,129.20720350496785,32.51874871877565,646018382.6667001,-5122048.0,2012
409,0.0048268447994231295,729.9668340323904,16.787652000731587,46039.44034958467,2.0479999780654907,-0.10000000000000003,-0.4029999999999999,-0.494,45898.52771973584,129.20720350496785,32.51874871877565,646018382.6667001,-5122048.0,2012
410,0.00490090997266082,729.9668340323904,16.72736369643011,46039.44034958467,2.0479999780654907,-2.7755575615628914e-17,-0.4029999999999999,-0.494,45899.53800146835,129.20720350496785,32.51874871877565,646018382.6667001,-5122048.0,2012
411,0.00398972562610378,918.9737971303117,16.92054963801875,46039.44034958467,2.0479999780654907,-0.20000000000000004,-0.4029999999999999,-0.494,45896.28784955834,129.20720350496785,32.51874871877565,646018382.6667001,-5122048.0,2012
412,0.004150613338737765,918.9737971303117,16.911027652131,46039.44034958467,2.0479999780654907,-0.10000000000000003,-0.4029999999999999,-0.494,45896.4489214591,129.20720350496785,32.51874871877565,646018382.6667001,-5122048.0,2012
413,0.0042896788963317075,918.9737971303117,16.88010194805196,46039.44034958467,2.0479999780654907,-2.7755575615628914e-17,-0.4029999999999999,-0.494,45896.97142869636,129.20720350496785,32.51874871877565,646018382.6667001,-5122048.0,2012
414,0.0056359322580472595,579.833266684221,16.784711759062343,46039.44034958467,2.0479999780654907,-0.20000000000000004,-0.4019999999999999,-0.494,45898.57707516727,129.13749618130552,32.49300896381443,646018382.6667001,-5122048.0,2012
415,0.005650671038828734,579.833266684221,16.720413570218394,46039.44034958467,2.0479999780654907,-0.10000000000000003,-0.4019999999999999,-0.494,45899.6542346051,129.13749618130552,32.49300896381443,646018382.6667001,-5122048.0,2012
416,0.005636794394807589,579.833266684221,16.639411090985856,46039.44034958467,2.0479999780654907,-2.7755575615628914e-17,-0.4019999999999999,-0.494,45901.00534885726,129.13749618130552,32.49300896381443,646018382.6667001,-5122048.0,2012
417,0.004749569567727445,729.9668340323904,16.973880663802433,46039.44034958467,2.0479999780654907,-0.20000000000000004,-0.4019999999999999,-0.494,45895.38403719017,129.13749618130552,32.49300896381443,646018382.6667001,-5122048.0,2012
418,0.004849373579820154,729.9668340323904,16.93512531379359,46039.44034958467,2.0479999780654907,-0.10000000000000003,-0.4019999999999999,-0.494,45896.041114887725,129.13749618130552,32.49300896381443,646018382.6667001,-5122048.0,2012
419,0.004922428867942717,729.9668340323904,16.87686745096453,46039.44034958467,2.0479999780654907,-2.7755575615628914e-17,-0.4019999999999999,-0.494,45897.02602210596,129.13749618130552,32.49300896381443,646018382.6667001,-5122048.0,2012
420,0.004010601283609301,918.9737971303117,17.05909458975227,46039.44034958467,2.0479999780654907,-0.20000000000000004,-0.4019999999999999,-0.494,45893.93399547361,129.13749618130552,32.49300896381443,646018382.6667001,-5122048.0,2012
421,0.0041715050873406415,918.9737971303117,17.053027045346425,46039.44034958467,2.0479999780654907,-0.10000000000000003,-0.4019999999999999,-0.494,45894.03748388001,129.13749618130552,32.49300896381443,646018382.6667001,-5122048.0,2012
422,0.004310197335333332,918.9737971303117,17.0250790827007,46039.44034958467,2.0479999780654907,-2.7755575615628914e-17,-0.4019999999999999,-0.494,45894.513690698564,129.13749618130552,32.49300896381443,646018382.6667001,-5122048.0,2012
423,0.005699281419567683,579.833266684221,16.860769924356276,46039.44034958467,2.0479999780654907,-0.20000000000000004,-0.4009999999999999,-0.494,45897.29756836363,129.06765055710684,32.46729299572412,646018382.6667001,-5122048.0,2012
424,0.005719603009322758,579.833266684221,16.803998588110158,46039.44034958467,2.0479999780654907,-0.10000000000000003,-0.4009999999999999,-0.494,45898.25316531007,129.06765055710684,32.46729299572412,646018382.6667001,-5122048.0,2012
425,0.00571124372023045,579.833266684221,16.73086967857507,46039.44034958467,2.0479999780654907,-2.7755575615628914e-17,-0.4009999999999999,-0.494,45899.47934948394,129.06765055710684,32.46729299572412,646018382.6667001,-5122048.0,2012
426,0.004792490185645932,729.9668340323904,17.03372669983819,46039.44034958467,2.0479999780654907,-0.20000000000000004,-0.4009999999999999,-0.494,45894.36642694228,129.06765055710684,32.46729299572412,646018382.6667001,-5122048.0,2012
427,0.004898045951533723,729.9668340323904,17.003044058271893,46039.44034958467,2.0479999780654907,-0.10000000000000003,-0.4009999999999999,-0.494,45894.8885959609,129.06765055710684,32.46729299572412,646018382.6667001,-5122048.0,2012
428,0.004977099235929223,729.9668340323904,16.953397484852765,46039.44034958467,2.0479999780654907,-2.7755575615628914e-17,-0.4009999999999999,-0.494,45895.731506444965,129.06765055710684,32.46729299572412,646018382.6667001,-5122048.0,2012
429,0.004039280227983379,918.9737971303117,17.104376265853922,46039.44034958467,2.0479999780654907,-0.20000000000000004,-0.4009999999999999,-0.494,45893.16050586272,129.06765055710684,32.46729299572412,646018382.6667001,-5122048.0,2012
430,0.004205533651889833,918.9737971303117,17.106563038706582,46039.44034958467,2.0479999780654907,-0.10000000000000003,-0.4009999999999999,-0.494,45893.12310008605,129.06765055710684,32.46729299572412,646018382.6667001,-5122048.0,2012
431,0.004350080461663336,918.9737971303117,17.08762770081644,46039.44034958467,2.0479999780654907,-2.7755575615628914e-17,-0.4009999999999999,-0.494,45893.446839363816,129.06765055710684,32.46729299572412,646018382.6667001,-5122048.0,2012
432,0.0057502435304803675,579.833266684221,16.881372665134815,46039.44034958467,2.0479999780654907,-0.20000000000000004,-0.4029999999999999,-0.493,45896.94997805509,129.26408276270718,32.48718395789291,646018382.6667001,-5122048.0,2012
433,0.005776966560172537,579.833266684221,16.8351574666407,46039.44034958467,2.0479999780654907,-0.10000000000000003,-0.4029999999999999,-0.493,45897.72908612138,129.26408276270718,32.48718395789291,646018382.6667001,-5122048.0,2012
434,0.005775154824544657,579.833266684221,16.773119254609927,46039.44034958467,2.0479999780654907,-2.7755575615628914e-17,-0.4029999999999999,-0.493,45898.77158481999,129.26408276270718,32.48718395789291,646018382.6667001,-5122048.0,2012
435,0.00482554473605838,729.9668340323904,17.037999998236604,46039.44034958467,2.0479999780654907,-0.20000000000000004,-0.4029999999999999,-0.493,45894.293627614716,129.26408276270718,32.48718395789291,646018382.6667001,-5122048.0,2012
436,0.004937176913357397,729.9668340323904,17.01781182442336,46039.44034958467,2.0479999780654907,-0.10000000000000003,-0.4029999999999999,-0.493,45894.63738993893,129.26408276270718,32.48718395789291,646018382.6667001,-5122048.0,2012
437,0.005022743446460014,729.9668340323904,16.97943515962891,46039.44034958467,2.0479999780654907,-2.7755575615628914e-17,-0.4029999999999999,-0.493,45895.28974041465,129.26408276270718,32.48718395789291,646018382.6667001,-5122048.0,2012
438,0.004060253588646756,918.9737971303117,17.095851992847596,46039.44034958467,2.0479999780654907,-0.20000000000000004,-0.4029999999999999,-0.493,45893.306271903995,129.26408276270718,32.48718395789291,646018382.6667001,-5122048.0,2012
439,0.004231878320562106,918.9737971303117,17.10805865671667,46039.44034958467,2.0479999780654907,-0.10000000000000003,-0.4029999999999999,-0.493,45893.09751408384,129.26408276270718,32.48718395789291,646018382.6667001,-5122048.0,2012
440,0.004382454298452357,918.9737971303117,17.10016887583463,46039.44034958467,2.0479999780654907,-2.7755575615628914e-17,-0.4029999999999999,-0.493,45893.23246179364,129.26408276270718,32.48718395789291,646018382.6667001,-5122048.0,2012
441,0.005718695995898502,579.833266684221,16.88782307342374,46039.44034958467,2.0479999780654907,-0.20000000000000004,-0.4019999999999999,-0.493,45896.84106550504,129.1943470345915,32.46139475867087,646018382.6667001,-5122048.0,2012
442,0.005742118387370117,579.833266684221,16.838381525332505,46039.44034958467,2.0479999780654907,-0.10000000000000003,-0.4019999999999999,-0.493,45897.67480338834,129.1943470345915,32.46139475867087,646018382.6667001,-5122048.0,2012
443,0.005737051150005535,579.833266684221,16.773102762312938,46039.44034958467,2.0479999780654907,-2.7755575615628914e-17,-0.4019999999999999,-0.493,45898.771861447116,129.1943470345915,32.46139475867087,646018382.6667001,-5122048.0,2012
444,0.004805503371609773,729.9668340323904,17.052127620780603,46039.44034958467,2.0479999780654907,-0.20000000000000004,-0.4019999999999999,-0.493,45894.05282138698,129.1943470345915,32.46139475867087,646018382.6667001,-5122048.0,2012
445,0.004913823825110468,729.9668340323904,17.02854296072969,46039.44034958467,2.0479999780654907,-0.10000000000000003,-0.4019999999999999,-0.493,45894.45471190196,129.1943470345915,32.46139475867087,646018382.6667001,-5122048.0,2012
446,0.004995925976801068,729.9668340323904,16.98661936745796,46039.44034958467,2.0479999780654907,-2.7755575615628914e-17,-0.4019999999999999,-0.493,45895.16773081722,129.1943470345915,32.46139475867087,646018382.6667001,-5122048.0,2012
447,0.004048021255645314,918.9737971303117,17.116213492272312,46039.44034958467,2.0479999780654907,-0.20000000000000004,-0.4019999999999999,-0.493,45892.95796742815,129.1943470345915,32.46139475867087,646018382.6667001,-5122048.0,2012
448,0.004216658462809064,918.9737971303117,17.125136045280243,46039.44034958467,2.0479999780654907,-0.10000000000000003,-0.4019999999999999,-0.493,45892.80520729999,129.1943470345915,32.46139475867087,646018382.6667001,-5122048.0,2012
449,0.004363934277237945,918.9737971303117,17.1136596612546,46039.44034958467,2.0479999780654907,-2.7755575615628914e-17,-0.4019999999999999,-0.493,45893.001676084044,129.1943470345915,32.46139475867087,646018382.6667001,-5122048.0,2012
450,0.005769212673052221,579.833266684221,16.94533156716545,46039.44034958467,2.0479999780654907,-0.20000000000000004,-0.4009999999999999,-0.493,45895.868218624084,129.12447261177905,32.43562931937618,646018382.6667001,-5122048.0,2012
451,0.005796716887774387,579.833266684221,16.899944375165585,46039.44034958467,2.0479999780654907,-0.10000000000000003,-0.4009999999999999,-0.493,45896.636289642825,129.12447261177905,32.43562931937618,646018382.6667001,-5122048.0,2012
452,0.005795624219875656,579.833266684221,16.838830253498656,46039.44034958467,2.0479999780654907,-2.7755575615628914e-17,-0.4009999999999999,-0.493,45897.6672474316,129.12447261177905,32.43562931937618,646018382.6667001,-5122048.0,2012
453,0.004839412793069043,729.9668340323904,17.09776019884358,46039.44034958467,2.0479999780654907,-0.20000000000000004,-0.4009999999999999,-0.493,45893.27364767609,129.12447261177905,32.43562931937618,646018382.6667001,-5122048.0,2012
454,0.004952037025066371,729.9668340323904,17.078790854524357,46039.44034958467,2.0479999780654907,-0.10000000000000003,-0.4009999999999999,-0.493,45893.59780105838,129.12447261177905,32.43562931937618,646018382.6667001,-5122048.0,2012
455,0.005038590608608129,729.9668340323904,17.041734876881534,46039.44034958467,2.0479999780654907,-2.7755575615628914e-17,-0.4009999999999999,-0.493,45894.22998577771,129.12447261177905,32.43562931937618,646018382.6667001,-5122048.0,2012
456,0.004070397928049282,918.9737971303117,17.15088894350252,46039.44034958467,2.0479999780654907,-0.20000000000000004,-0.4009999999999999,-0.493,45892.36385380849,129.12447261177905,32.43562931937618,646018382.6667001,-5122048.0,2012
457,0.00424305988053399,918.9737971303117,17.16468689707615,46039.44034958467,2.0479999780654907,-0.10000000000000003,-0.4009999999999999,-0.493,45892.12711144734,129.12447261177905,32.43562931937618,646018382.6667001,-5122048.0,2012
458,0.004394720740643478,918.9737971303117,17.15850561554414,46039.44034958467,2.0479999780654907,-2.7755575615628914e-17,-0.4009999999999999,-0.493,45892.23319210534,129.12447261177905,32.43562931937618,646018382.6667001,-5122048.0,2012
459,0.00563916431013531,579.833266684221,16.65644492978034,46039.44034958467,2.0479999780654907,-0.20000000000000004,-0.4029999999999999,-0.492,45900.72177073527,129.32110050873845,32.45562269860471,646018382.6667001,-5122048.0,2012
460,0.005661854710822422,579.833266684221,16.610037788896054,46039.44034958467,2.0479999780654907,-0.10000000000000003,-0.4029999999999999,-0.492,45901.49367191039,129.32110050873845,32.45562269860471,646018382.6667001,-5122048.0,2012
461,0.005656636348248651,579.833266684221,16.54864445694067,46039.44034958467,2.0479999780654907,-2.7755575615628914e-17,-0.4029999999999999,-0.492,45902.511532903554,129.32110050873845,32.45562269860471,646018382.6667001,-5122048.0,2012
462,0.004744868150642094,729.9668340323904,16.832306527216264,46039.44034958467,2.0479999780654907,-0.20000000000000004,-0.4029999999999999,-0.492,45897.77707807159,129.32110050873845,32.45562269860471,646018382.6667001,-5122048.0,2012
463,0.004850934975318326,729.9668340323904,16.8095784185527,46039.44034958467,2.0479999780654907,-0.10000000000000003,-0.4029999999999999,-0.492,45898.159386279935,129.32110050873845,32.45562269860471,646018382.6667001,-5122048.0,2012
464,0.004931218907404472,729.9668340323904,16.769422591836214,46039.44034958467,2.0479999780654907,-2.7755575615628914e-17,-0.4029999999999999,-0.492,45898.83358255288,129.32110050873845,32.45562269860471,646018382.6667001,-5122048.0,2012
465,0.004001944491050021,918.9737971303117,16.910666184142165,46039.44034958467,2.0479999780654907,-0.20000000000000004,-0.4029999999999999,-0.492,45896.455034188926,129.32110050873845,32.45562269860471,646018382.6667001,-5122048.0,2012
466,0.004167540972438715,918.9737971303117,16.918358261815445,46039.44034958467,2.0479999780654907,-0.10000000000000003,-0.4029999999999999,-0.492,45896.3249264471,129.32110050873845,32.45562269860471,646018382.6667001,-5122048.0,2012
467,0.004312028014786612,918.9737971303117,16.906564836883252,46039.44034958467,2.0479999780654907,-2.7755575615628914e-17,-0.4029999999999999,-0.492,45896.5243822928,129.32110050873845,32.45562269860471,646018382.6667001,-5122048.0,2012
468,0.005606996716020924,579.833266684221,16.69132357726283,46039.44034958467,2.0479999780654907,-0.20000000000000004,-0.4019999999999999,-0.492,45900.140208204226,129.25133658271224,32.42978397143504,646018382.6667001,-5122048.0,2012
469,0.005625833400460986,579.833266684221,16.63917365495707,46039.44034958467,2.0479999780654907,-0.10000000000000003,-0.4019999999999999,-0.492,45901.00929962476,129.25133658271224,32.42978397143504,646018382.6667001,-5122048.0,2012
470,0.005616765912578106,579.833266684221,16.57182282417152,46039.44034958467,2.0479999780654907,-2.7755575615628914e-17,-0.4019999999999999,-0.492,45902.127693726805,129.25133658271224,32.42978397143504,646018382.6667001,-5122048.0,2012
471,0.004724279915920228,729.9668340323904,16.87595831428204,46039.44034958467,2.0479999780654907,-0.20000000000000004,-0.4019999999999999,-0.492,45897.04136507198,129.25133658271224,32.42978397143504,646018382.6667001,-5122048.0,2012
472,0.004826596488773451,729.9668340323904,16.847607385394326,46039.44034958467,2.0479999780654907,-0.10000000000000003,-0.4019999999999999,-0.492,45897.519412278474,129.25133658271224,32.42978397143504,646018382.6667001,-5122048.0,2012
473,0.004902928577298267,729.9668340323904,16.80143591071798,46039.44034958467,2.0479999780654907,-2.7755575615628914e-17,-0.4019999999999999,-0.492,45898.29622525369,129.25133658271224,32.42978397143504,646018382.6667001,-5122048.0,2012
474,0.003989184732500446,918.9737971303117,16.960672658978368,46039.44034958467,2.0479999780654907,-0.20000000000000004,-0.4019999999999999,-0.492,45895.60814106216,129.25133658271224,32.42978397143504,646018382.6667001,-5122048.0,2012
475,0.004151431983675769,918.9737971303117,16.963188026122246,46039.44034958467,2.0479999780654907,-0.10000000000000003,-0.4019999999999999,-0.492,45895.56547557988,129.25133658271224,32.42978397143504,646018382.6667001,-5122048.0,2012
476,0.004292204353915829,918.9737971303117,16.94563558704429,46039.44034958467,2.0479999780654907,-2.7755575615628914e-17,-0.4019999999999999,-0.492,45895.86306686022,129.25133658271224,32.42978397143504,646018382.6667001,-5122048.0,2012
477,0.0056452448723539736,579.833266684221,16.752530116941397,46039.44034958467,2.0479999780654907,-0.20000000000000004,-0.4009999999999999,-0.492,45899.11671692516,129.181433567001,32.403968976876016,646018382.6667001,-5122048.0,2012
478,0.005665907795817028,579.833266684221,16.702049054079197,46039.44034958467,2.0479999780654907,-0.10000000000000003,-0.4009999999999999,-0.492,45899.96112828224,129.181433567001,32.403968976876016,646018382.6667001,-5122048.0,2012
479,0.005658419945556481,579.833266684221,16.636056713789554,46039.44034958467,2.0479999780654907,-2.7755575615628914e-17,-0.4009999999999999,-0.492,45901.06115809246,129.181433567001,32.403968976876016,646018382.6667001,-5122048.0,2012
480,0.004751037258283597,729.9668340323904,16.92705475958566,46039.44034958467,2.0479999780654907,-0.20000000000000004,-0.4009999999999999,-0.492,45896.177758167665,129.181433567001,32.403968976876016,646018382.6667001,-5122048.0,2012
481,0.004855585314149851,729.9668340323904,16.90112710762401,46039.44034958467,2.0479999780654907,-0.10000000000000003,-0.4009999999999999,-0.492,45896.61630083064,129.181433567001,32.403968976876016,646018382.6667001,-5122048.0,2012
482,0.004934065679017407,729.9668340323904,16.85716986358962,46039.44034958467,2.0479999780654907,-2.7755575615628914e-17,-0.4009999999999999,-0.492,45897.358261679714,129.181433567001,32.403968976876016,646018382.6667001,-5122048.0,2012
483,0.00400786547740185,918.9737971303117,17.002392032757854,46039.44034958467,2.0479999780654907,-0.20000000000000004,-0.4009999999999999,-0.492,45894.89968216688,129.181433567001,32.403968976876016,646018382.6667001,-5122048.0,2012
484,0.004172366071931673,918.9737971303117,17.007827821295425,46039.44034958467,2.0479999780654907,-0.10000000000000003,-0.4009999999999999,-0.492,45894.807245985256,129.181433567001,32.403968976876016,646018382.6667001,-5122048.0,2012
485,0.004315451028727173,918.9737971303117,16.993108706780095,46039.44034958467,2.0479999780654907,-2.7755575615628914e-17,-0.4009999999999999,-0.492,45895.05747782445,129.181433567001,32.403968976876016,646018382.6667001,-5122048.0,2012
486,0.011206096740703372,290.605030894529,13.114209418965087,28498.047832085846,1.0240000486373901,-0.10000000000000003,-0.3639999999999999,-0.522,28412.05658774361,124.88875809187863,32.471875492731016,646018383.1786997,1024.0,2012
487,0.01004490489421533,290.605030894529,12.905477490005305,28498.047832085846,1.0240000486373901,0.09999999999999998,-0.3639999999999999,-0.522,28414.77215746333,124.88875809187863,32.471875492731016,646018383.1786997,1024.0,2012
488,0.008869362884233135,290.605030894529,12.651693198831765,28498.047832085846,1.0240000486373901,0.3,-0.3639999999999999,-0.522,28418.015161687163,124.88875809187863,32.471875492731016,646018383.1786997,1024.0,2012
489,0.008144683057188642,460.57793515969075,13.993320331017935,28498.047832085846,1.0240000486373901,-0.10000000000000003,-0.3639999999999999,-0.522,28400.141325142606,124.88875809187863,32.471875492731016,646018383.1786997,1024.0,2012
490,0.007784618266036847,460.57793515969075,13.780951259645901,28498.047832085846,1.0240000486373901,0.09999999999999998,-0.3639999999999999,-0.522,28403.090523275478,124.88875809187863,32.471875492731016,646018383.1786997,1024.0,2012
491,0.0072858759633034715,460.57793515969075,13.503403070483769,28498.047832085846,1.0240000486373901,0.3,-0.3639999999999999,-0.522,28406.87688484387,124.88875809187863,32.471875492731016,646018383.1786997,1024.0,2012
492,0.005974286566237858,729.9668340323904,14.485560171800131,28498.047832085846,1.0240000486373901,-0.10000000000000003,-0.3639999999999999,-0.522,28393.132105340424,124.88875809187863,32.471875492731016,646018383.1786997,1024.0,2012
493,0.006111298234100629,729.9668340323904,14.332730739744246,28498.047832085846,1.0240000486373901,0.09999999999999998,-0.3639999999999999,-0.522,28395.33424685684,124.88875809187863,32.471875492731016,646018383.1786997,1024.0,2012
494,0.006078545114288003,729.9668340323904,14.088713923951044,28498.047832085846,1.0240000486373901,0.3,-0.3639999999999999,-0.522,28398.80190207038,124.88875809187863,32.471875492731016,646018383.1786997,1024.0,2012
495,0.011077938410124418,290.605030894529,13.084491810257365,28498.047832085846,1.0240000486373901,-0.10000000000000003,-0.3619999999999999,-0.522,28412.4458691195,124.74078934755961,32.425286137346376,646018383.1786997,1024.0,2012
496,0.009906763451105608,290.605030894529,12.85176232770949,28498.047832085846,1.0240000486373901,0.09999999999999998,-0.3619999999999999,-0.522,28415.46393462188,124.74078934755961,32.425286137346376,646018383.1786997,1024.0,2012
497,0.008724172899268766,290.605030894529,12.571045156114446,28498.047832085846,1.0240000486373901,0.3,-0.3619999999999999,-0.522,28419.03224392731,124.74078934755961,32.425286137346376,646018383.1786997,1024.0,2012
498,0.008085783713559919,460.57793515969075,13.99983146961193,28498.047832085846,1.0240000486373901,-0.10000000000000003,-0.3619999999999999,-0.522,28400.050191497077,124.74078934755961,32.425286137346376,646018383.1786997,1024.0,2012
499,0.007709743940686226,460.57793515969075,13.762675828930615,28498.047832085846,1.0240000486373901,0.09999999999999998,-0.3619999999999999,-0.522,28403.34220909973,124.74078934755961,32.425286137346376,646018383.1786997,1024.0,2012
500,0.007195620416906162,460.57793515969075,13.456256629452689,28498.047832085846,1.0240000486373901,0.3,-0.3619999999999999,-0.522,28407.512410847,124.74078934755961,32.425286137346376,646018383.1786997,1024.0,2012
501,0.005948298452212379,729.9668340323904,14.514023407194836,28498.047832085846,1.0240000486373901,-0.10000000000000003,-0.3619999999999999,-0.522,28392.719394353546,124.74078934755961,32.425286137346376,646018383.1786997,1024.0,2012
502,0.006070395830001168,729.9668340323904,14.337894920039593,28498.047832085846,1.0240000486373901,0.09999999999999998,-0.3619999999999999,-0.522,28395.260216716797,124.74078934755961,32.425286137346376,646018383.1786997,1024.0,2012
503,0.006020711165303236,729.9668340323904,14.065049094758155,28498.047832085846,1.0240000486373901,0.3,-0.3619999999999999,-0.522,28399.135029066867,124.74078934755961,32.425286137346376,646018383.1786997,1024.0,2012
504,0.010709719142978353,290.605030894529,12.642342883255667,28498.047832085846,1.0240000486373901,-0.10000000000000003,-0.3599999999999999,-0.522,28418.133415296943,124.59228868750995,32.37882235831804,646018383.1786997,1024.0,2012
505,0.009538365128241409,290.605030894529,12.361881210155419,28498.047832085846,1.0240000486373901,0.09999999999999998,-0.3599999999999999,-0.522,28421.63977855885,124.59228868750995,32.37882235831804,646018383.1786997,1024.0,2012
506,0.008361683210568327,290.605030894529,12.032265177326929,28498.047832085846,1.0240000486373901,0.3,-0.3599999999999999,-0.522,28425.66012943709,124.59228868750995,32.37882235831804,646018383.1786997,1024.0,2012
507,0.007892436339317596,460.57793515969075,13.665045844517227,28498.047832085846,1.0240000486373901,-0.10000000000000003,-0.3599999999999999,-0.522,28404.681093119467,124.59228868750995,32.37882235831804,646018383.1786997,1024.0,2012
508,0.007493961990825128,460.57793515969075,13.371493809932977,28498.047832085846,1.0240000486373901,0.09999999999999998,-0.3599999999999999,-0.522,28408.649408731308,124.59228868750995,32.37882235831804,646018383.1786997,1024.0,2012
509,0.006960946019208983,460.57793515969075,13.005410304881709,28498.047832085846,1.0240000486373901,0.3,-0.3599999999999999,-0.522,28413.477483486684,124.59228868750995,32.37882235831804,646018383.1786997,1024.0,2012
510,0.005841646004602213,729.9668340323904,14.259240945622208,28498.047832085846,1.0240000486373901,-0.10000000000000003,-0.3599999999999999,-0.522,28396.38485591319,124.59228868750995,32.37882235831804,646018383.1786997,1024.0,2012
511,0.005937201256407251,729.9668340323904,14.022466378450298,28498.047832085846,1.0240000486373901,0.09999999999999998,-0.3599999999999999,-0.522,28399.73305041846,124.59228868750995,32.37882235831804,646018383.1786997,1024.0,2012
512,0.005860556920294407,729.9668340323904,13.683101987713501,28498.047832085846,1.0240000486373901,0.3,-0.3599999999999999,-0.522,28404.43419208276,124.59228868750995,32.37882235831804,646018383.1786997,1024.0,2012
513,0.011574437086789055,290.605030894529,13.674665324880948,28498.047832085846,1.0240000486373901,-0.10000000000000003,-0.3639999999999999,-0.52,28404.549596212095,124.99202019855865,32.404966322137035,646018383.1786997,1024.0,2012
514,0.0104043560168876,290.605030894529,13.49883588707959,28498.047832085846,1.0240000486373901,0.09999999999999998,-0.3639999999999999,-0.52,28406.93854693269,124.99202019855865,32.404966322137035,646018383.1786997,1024.0,2012
515,0.009215355425340119,290.605030894529,13.279370599824794,28498.047832085846,1.0240000486373901,0.3,-0.3639999999999999,-0.52,28409.8769903221,124.99202019855865,32.404966322137035,646018383.1786997,1024.0,2012
516,0.008357655733352691,460.57793515969075,14.479474567941017,28498.047832085846,1.0240000486373901,-0.10000000000000003,-0.3639999999999999,-0.52,28393.22024020402,124.99202019855865,32.404966322137035,646018383.1786997,1024.0,2012
517,0.008010666880457897,460.57793515969075,14.306864329110912,28498.047832085846,1.0240000486373901,0.09999999999999998,-0.3639999999999999,-0.52,28395.704648620052,124.99202019855865,32.404966322137035,646018383.1786997,1024.0,2012
518,0.007521736789624561,460.57793515969075,14.071812712240908,28498.047832085846,1.0240000486373901,0.3,-0.3639999999999999,-0.52,28399.039875581653,124.99202019855865,32.404966322137035,646018383.1786997,1024.0,2012
519,0.006105447995408737,729.9668340323904,14.903777108380378,28498.047832085846,1.0240000486373901,-0.10000000000000003,-0.3639999999999999,-0.52,28386.986546037704,124.99202019855865,32.404966322137035,646018383.1786997,1024.0,2012
520,0.006262110065706588,729.9668340323904,14.79683362441514,28498.047832085846,1.0240000486373901,0.09999999999999998,-0.3639999999999999,-0.52,28388.574689431534,124.99202019855865,32.404966322137035,646018383.1786997,1024.0,2012
521,0.006248283520429095,729.9668340323904,14.602815869515776,28498.047832085846,1.0240000486373901,0.3,-0.3639999999999999,-0.52,28391.426716426355,124.99202019855865,32.404966322137035,646018383.1786997,1024.0,2012
522,0.011764777149419484,290.605030894529,13.82055096688477,28498.047832085846,1.0240000486373901,-0.10000000000000003,-0.3619999999999999,-0.52,28402.544017571716,124.8438545616429,32.35818698862117,646018383.1786997,1024.0,2012
523,0.010571462469446265,290.605030894529,13.636941858880395,28498.047832085846,1.0240000486373901,0.09999999999999998,-0.3619999999999999,-0.52,28405.064740454603,124.8438545616429,32.35818698862117,646018383.1786997,1024.0,2012
524,0.009359259360191186,290.605030894529,13.408214474980408,28498.047832085846,1.0240000486373901,0.3,-0.3619999999999999,-0.52,28408.15772438231,124.8438545616429,32.35818698862117,646018383.1786997,1024.0,2012
525,0.008480234055577367,460.57793515969075,14.622928444333018,28498.047832085846,1.0240000486373901,-0.10000000000000003,-0.3619999999999999,-0.52,28391.132813941804,124.8438545616429,32.35818698862117,646018383.1786997,1024.0,2012
526,0.008128754895712015,460.57793515969075,14.446554311659929,28498.047832085846,1.0240000486373901,0.09999999999999998,-0.3619999999999999,-0.52,28393.696366345976,124.8438545616429,32.35818698862117,646018383.1786997,1024.0,2012
527,0.007632395942000543,460.57793515969075,14.205387583344919,28498.047832085846,1.0240000486373901,0.3,-0.3619999999999999,-0.52,28397.15131388932,124.8438545616429,32.35818698862117,646018383.1786997,1024.0,2012
528,0.0061805381777529245,729.9668340323904,15.032050345440343,28498.047832085846,1.0240000486373901,-0.10000000000000003,-0.3619999999999999,-0.52,28385.06656329192,124.8438545616429,32.35818698862117,646018383.1786997,1024.0,2012
529,0.0063424026154759745,729.9668340323904,14.926847199549194,28498.047832085846,1.0240000486373901,0.09999999999999998,-0.3619999999999999,-0.52,28386.6424484265,124.8438545616429,32.35818698862117,646018383.1786997,1024.0,2012
530,0.006331018893836556,729.9668340323904,14.73167038815596,28498.047832085846,1.0240000486373901,0.3,-0.3619999999999999,-0.52,28389.53677587321,124.8438545616429,32.35818698862117,646018383.1786997,1024.0,2012
531,0.01146167247997923,290.605030894529,13.618567867303373,28498.047832085846,1.0240000486373901,-0.10000000000000003,-0.3599999999999999,-0.52,28405.31513670767,124.69515353123396,32.311533237423845,646018383.1786997,1024.0,2012
532,0.010264599554718486,290.605030894529,13.395760135841966,28498.047832085846,1.0240000486373901,0.09999999999999998,-0.3599999999999999,-0.52,28408.32463727734,124.69515353123396,32.311533237423845,646018383.1786997,1024.0,2012
533,0.00905372134935515,290.605030894529,13.125197020068034,28498.047832085846,1.0240000486373901,0.3,-0.3599999999999999,-0.52,28411.912433678044,124.69515353123396,32.311533237423845,646018383.1786997,1024.0,2012
534,0.008322247463780137,460.57793515969075,14.49042733626417,28498.047832085846,1.0240000486373901,-0.10000000000000003,-0.3599999999999999,-0.52,28393.06158989207,124.69515353123396,32.311533237423845,646018383.1786997,1024.0,2012
535,0.007948618779837775,460.57793515969075,14.270784574942395,28498.047832085846,1.0240000486373901,0.09999999999999998,-0.3599999999999999,-0.52,28396.22018589364,124.69515353123396,32.311533237423845,646018383.1786997,1024.0,2012
536,0.007432822133879889,460.57793515969075,13.9819892990246,28498.047832085846,1.0240000486373901,0.3,-0.3599999999999999,-0.52,28400.299819706826,124.69515353123396,32.311533237423845,646018383.1786997,1024.0,2012
537,0.006097614247948529,729.9668340323904,14.949144134835496,28498.047832085846,1.0240000486373901,-0.10000000000000003,-0.3599999999999999,-0.52,28386.309376903802,124.69515353123396,32.311533237423845,646018383.1786997,1024.0,2012
538,0.006234183910709422,729.9668340323904,14.799807045908462,28498.047832085846,1.0240000486373901,0.09999999999999998,-0.3599999999999999,-0.52,28388.530687787785,124.69515353123396,32.311533237423845,646018383.1786997,1024.0,2012
539,0.006196285908232024,729.9668340323904,14.553883370633594,28498.047832085846,1.0240000486373901,0.3,-0.3599999999999999,-0.52,28392.140071502843,124.69515353123396,32.311533237423845,646018383.1786997,1024.0,2012
540,0.011720974371649599,290.605030894529,13.658453769144629,28498.047832085846,1.0240000486373901,-0.10000000000000003,-0.3639999999999999,-0.518,28404.771152403915,125.09581678702612,32.33804257766643,646018383.1786997,1024.0,2012
541,0.010553590270112129,290.605030894529,13.499245603370927,28498.047832085846,1.0240000486373901,0.09999999999999998,-0.3639999999999999,-0.518,28406.93301615578,125.09581678702612,32.33804257766643,646018383.1786997,1024.0,2012
542,0.009364517879725576,290.605030894529,13.298417188272538,28498.047832085846,1.0240000486373901,0.3,-0.3639999999999999,-0.518,28409.623882229174,125.09581678702612,32.33804257766643,646018383.1786997,1024.0,2012
543,0.008432181583119647,460.57793515969075,14.446162598930448,28498.047832085846,1.0240000486373901,-0.10000000000000003,-0.3639999999999999,-0.518,28393.702025168477,125.09581678702612,32.33804257766643,646018383.1786997,1024.0,2012
544,0.008097869781634596,460.57793515969075,14.289880057374914,28498.047832085846,1.0240000486373901,0.09999999999999998,-0.3639999999999999,-0.518,28395.947496058765,125.09581678702612,32.33804257766643,646018383.1786997,1024.0,2012
545,0.007620078973926561,460.57793515969075,14.074015243535962,28498.047832085846,1.0240000486373901,0.3,-0.3639999999999999,-0.518,28399.008879548204,125.09581678702612,32.33804257766643,646018383.1786997,1024.0,2012
546,0.006139584846622099,729.9668340323904,14.85781227602399,28498.047832085846,1.0240000486373901,-0.10000000000000003,-0.3639999999999999,-0.518,28387.67053927106,125.09581678702612,32.33804257766643,646018383.1786997,1024.0,2012
547,0.006310640491575965,729.9668340323904,14.766157136313385,28498.047832085846,1.0240000486373901,0.09999999999999998,-0.3639999999999999,-0.518,28389.028133798696,125.09581678702612,32.33804257766643,646018383.1786997,1024.0,2012
548,0.006312249454933303,729.9668340323904,14.591448028305884,28498.047832085846,1.0240000486373901,0.3,-0.3639999999999999,-0.518,28391.59265430447,125.09581678702612,32.33804257766643,646018383.1786997,1024.0,2012
549,0.011574556451740412,290.605030894529,13.587094626771602,28498.047832085846,1.0240000486373901,-0.10000000000000003,-0.3619999999999999,-0.518,28405.743261887423,124.94745517292313,32.29107249493369,646018383.1786997,1024.0,2012
550,0.010407364927236491,290.605030894529,13.418991583967983,28498.047832085846,1.0240000486373901,0.09999999999999998,-0.3619999999999999,-0.518,28408.013164520544,124.94745517292313,32.29107249493369,646018383.1786997,1024.0,2012
551,0.00922096038704529,290.605030894529,13.208518913060393,28498.047832085846,1.0240000486373901,0.3,-0.3619999999999999,-0.518,28410.81534614751,124.94745517292313,32.29107249493369,646018383.1786997,1024.0,2012
552,0.008356393095244552,460.57793515969075,14.3982052413304,28498.047832085846,1.0240000486373901,-0.10000000000000003,-0.3619999999999999,-0.518,28394.39367500011,124.94745517292313,32.29107249493369,646018383.1786997,1024.0,2012
553,0.008012390447971078,460.57793515969075,14.23053827645381,28498.047832085846,1.0240000486373901,0.09999999999999998,-0.3619999999999999,-0.518,28396.793722267037,124.94745517292313,32.29107249493369,646018383.1786997,1024.0,2012
554,0.007526207441092084,460.57793515969075,14.002034683592644,28498.047832085846,1.0240000486373901,0.3,-0.3619999999999999,-0.518,28400.01934444558,124.94745517292313,32.29107249493369,646018383.1786997,1024.0,2012
555,0.006099888701821092,729.9668340323904,14.828461941744438,28498.047832085846,1.0240000486373901,-0.10000000000000003,-0.3619999999999999,-0.518,28388.106190306964,124.94745517292313,32.29107249493369,646018383.1786997,1024.0,2012
556,0.006259699994167245,729.9668340323904,14.724403335305409,28498.047832085846,1.0240000486373901,0.09999999999999998,-0.3619999999999999,-0.518,28389.64380529547,124.94745517292313,32.29107249493369,646018383.1786997,1024.0,2012
557,0.006249310456799063,729.9668340323904,14.535224299005769,28498.047832085846,1.0240000486373901,0.3,-0.3619999999999999,-0.518,28392.41145937464,124.94745517292313,32.29107249493369,646018383.1786997,1024.0,2012
558,0.01170010160297536,290.605030894529,13.701370934742165,28498.047832085846,1.0240000486373901,-0.10000000000000003,-0.3599999999999999,-0.518,28404.184049340147,124.79855466534194,32.24422799563777,646018383.1786997,1024.0,2012
559,0.010491007477623784,290.605030894529,13.48835252359415,28498.047832085846,1.0240000486373901,0.09999999999999998,-0.3599999999999999,-0.518,28407.08000518547,124.79855466534194,32.24422799563777,646018383.1786997,1024.0,2012
560,0.009265748712391884,290.605030894529,13.227926578784698,28498.047832085846,1.0240000486373901,0.3,-0.3599999999999999,-0.518,28410.558811298986,124.79855466534194,32.24422799563777,646018383.1786997,1024.0,2012
561,0.008458496852218984,460.57793515969075,14.550967482304232,28498.047832085846,1.0240000486373901,-0.10000000000000003,-0.3599999999999999,-0.518,28392.182504750308,124.79855466534194,32.24422799563777,646018383.1786997,1024.0,2012
562,0.008092832509831544,460.57793515969075,14.344444328801297,28498.047832085846,1.0240000486373901,0.09999999999999998,-0.3599999999999999,-0.518,28395.166290534806,124.79855466534194,32.24422799563777,646018383.1786997,1024.0,2012
563,0.007581764205130601,460.57793515969075,14.069287374883004,28498.047832085846,1.0240000486373901,0.3,-0.3599999999999999,-0.518,28399.075408467324,124.79855466534194,32.24422799563777,646018383.1786997,1024.0,2012
564,0.006171905261413401,729.9668340323904,14.987685162392772,28498.047832085846,1.0240000486373901,-0.10000000000000003,-0.3599999999999999,-0.518,28385.73247882234,124.79855466534194,32.24422799563777,646018383.1786997,1024.0,2012
565,0.006323822331612838,729.9668340323904,14.854100523091187,28498.047832085846,1.0240000486373901,0.09999999999999998,-0.3599999999999999,-0.518,28387.725680910797,124.79855466534194,32.24422799563777,646018383.1786997,1024.0,2012
566,0.006300229727784748,729.9668340323904,14.625192363155996,28498.047832085846,1.0240000486373901,0.3,-0.3599999999999999,-0.518,28391.099706256187,124.79855466534194,32.24422799563777,646018383.1786997,1024.0,2012
567,0.007247915039359596,579.833266684221,14.865260549443423,28498.047832085846,1.0240000486373901,-0.20000000000000004,-0.3629999999999999,-0.521,28387.559846484426,124.866355550139,32.41506506100233,646018383.1786997,1024.0,2012
568,0.007280852763419005,579.833266684221,14.818018240616215,28498.047832085846,1.0240000486373901,-0.10000000000000003,-0.3629999999999999,-0.521,28388.260999796228,124.866355550139,32.41506506100233,646018383.1786997,1024.0,2012
569,0.0072768951112267,579.833266684221,14.754989628440052,28498.047832085846,1.0240000486373901,-2.7755575615628914e-17,-0.3629999999999999,-0.521,28389.19297261816,124.866355550139,32.41506506100233,646018383.1786997,1024.0,2012
570,0.006067956032007289,729.9668340323904,14.987423124566776,28498.047832085846,1.0240000486373901,-0.20000000000000004,-0.3629999999999999,-0.521,28385.736406128446,124.866355550139,32.41506506100233,646018383.1786997,1024.0,2012
571,0.006208695979502444,729.9668340323904,14.965407304528066,28498.047832085846,1.0240000486373901,-0.10000000000000003,-0.3629999999999999,-0.521,28386.066124190635,124.866355550139,32.41506506100233,646018383.1786997,1024.0,2012
572,0.006316080162035459,729.9668340323904,14.925653182412947,28498.047832085846,1.0240000486373901,-2.7755575615628914e-17,-0.3629999999999999,-0.521,28386.66027062501,124.866355550139,32.41506506100233,646018383.1786997,1024.0,2012
573,0.005095881856058729,918.9737971303117,15.022957822796766,28498.047832085846,1.0240000486373901,-0.20000000000000004,-0.3629999999999999,-0.521,28385.20320121308,124.866355550139,32.41506506100233,646018383.1786997,1024.0,2012
574,0.005311828699927515,918.9737971303117,15.031034397131526,28498.047832085846,1.0240000486373901,-0.10000000000000003,-0.3629999999999999,-0.521,28385.08183456197,124.866355550139,32.41506506100233,646018383.1786997,1024.0,2012
575,0.005501089034894638,918.9737971303117,15.019901930248531,28498.047832085846,1.0240000486373901,-2.7755575615628914e-17,-0.3629999999999999,-0.521,28385.249105088704,124.866355550139,32.41506506100233,646018383.1786997,1024.0,2012
576,0.007192105385047966,579.833266684221,14.783434410465928,28498.047832085846,1.0240000486373901,-0.20000000000000004,-0.3619999999999999,-0.521,28388.77286560157,124.79225524783257,32.39173854304202,646018383.1786997,1024.0,2012
577,0.007218356431384812,579.833266684221,14.72692295364314,28498.047832085846,1.0240000486373901,-0.10000000000000003,-0.3619999999999999,-0.521,28389.606702244575,124.79225524783257,32.39173854304202,646018383.1786997,1024.0,2012
578,0.007207598416070652,579.833266684221,14.65415600106488,28498.047832085846,1.0240000486373901,-2.7755575615628914e-17,-0.3619999999999999,-0.521,28390.675688034073,124.79225524783257,32.39173854304202,646018383.1786997,1024.0,2012
579,0.006031517065926138,729.9668340323904,14.921777031997545,28498.047832085846,1.0240000486373901,-0.20000000000000004,-0.3619999999999999,-0.521,28386.71811718952,124.79225524783257,32.39173854304202,646018383.1786997,1024.0,2012
580,0.006165927638772405,729.9668340323904,14.890266566712887,28498.047832085846,1.0240000486373901,-0.10000000000000003,-0.3619999999999999,-0.521,28387.18781287196,124.79225524783257,32.39173854304202,646018383.1786997,1024.0,2012
581,0.0062665546498595365,729.9668340323904,14.840365201007764,28498.047832085846,1.0240000486373901,-2.7755575615628914e-17,-0.3619999999999999,-0.521,28387.929612436204,124.79225524783257,32.39173854304202,646018383.1786997,1024.0,2012
582,0.005072278204032285,918.9737971303117,14.970972245454572,28498.047832085846,1.0240000486373901,-0.20000000000000004,-0.3619999999999999,-0.521,28385.98282709876,124.79225524783257,32.39173854304202,646018383.1786997,1024.0,2012
583,0.005282651744962321,918.9737971303117,14.969626294510391,28498.047832085846,1.0240000486373901,-0.10000000000000003,-0.3619999999999999,-0.521,28386.002976387197,124.79225524783257,32.39173854304202,646018383.1786997,1024.0,2012
584,0.005465681910362228,918.9737971303117,14.94822930920702,28498.047832085846,1.0240000486373901,-2.7755575615628914e-17,-0.3619999999999999,-0.521,28386.323052345528,124.79225524783257,32.39173854304202,646018383.1786997,1024.0,2012
585,0.007233212697546089,579.833266684221,14.81405835265145,28498.047832085846,1.0240000486373901,-0.20000000000000004,-0.3609999999999999,-0.521,28388.319669647964,124.71802153222006,32.368443419978284,646018383.1786997,1024.0,2012
586,0.007259939104680443,579.833266684221,14.752028364833894,28498.047832085846,1.0240000486373901,-0.10000000000000003,-0.3609999999999999,-0.521,28389.236661647414,124.71802153222006,32.368443419978284,646018383.1786997,1024.0,2012
587,0.007249318803631599,579.833266684221,14.673066582581738,28498.047832085846,1.0240000486373901,-2.7755575615628914e-17,-0.3609999999999999,-0.521,28390.398390617407,124.71802153222006,32.368443419978284,646018383.1786997,1024.0,2012
588,0.006059871227799964,729.9668340323904,14.950251464754961,28498.047832085846,1.0240000486373901,-0.20000000000000004,-0.3609999999999999,-0.521,28386.29282265614,124.71802153222006,32.368443419978284,646018383.1786997,1024.0,2012
589,0.006195548889710717,729.9668340323904,14.91414753088345,28498.047832085846,1.0240000486373901,-0.10000000000000003,-0.3609999999999999,-0.521,28386.831933799367,124.71802153222006,32.368443419978284,646018383.1786997,1024.0,2012
590,0.006297257196277889,729.9668340323904,14.8589688935325,28498.047832085846,1.0240000486373901,-2.7755575615628914e-17,-0.3609999999999999,-0.521,28387.653353796362,124.71802153222006,32.368443419978284,646018383.1786997,1024.0,2012
591,0.005091507408976099,918.9737971303117,14.996175467928495,28498.047832085846,1.0240000486373901,-0.20000000000000004,-0.3609999999999999,-0.521,28385.605192753395,124.71802153222006,32.368443419978284,646018383.1786997,1024.0,2012
592,0.005303393447640059,918.9737971303117,14.991007042426698,28498.047832085846,1.0240000486373901,-0.10000000000000003,-0.3609999999999999,-0.521,28385.682686012802,124.71802153222006,32.368443419978284,646018383.1786997,1024.0,2012
593,0.005487894934866235,918.9737971303117,14.965120896714128,28498.047832085846,1.0240000486373901,-2.7755575615628914e-17,-0.3609999999999999,-0.521,28386.07041035921,124.71802153222006,32.368443419978284,646018383.1786997,1024.0,2012
594,0.007297189921372172,579.833266684221,14.992767626261063,28498.047832085846,1.0240000486373901,-0.20000000000000004,-0.3629999999999999,-0.52,28385.656291538315,124.91800424759461,32.381561049219556,646018383.1786997,1024.0,2012
595,0.007332086727076419,579.833266684221,14.95181103107388,28498.047832085846,1.0240000486373901,-0.10000000000000003,-0.3629999999999999,-0.52,28386.269505531374,124.91800424759461,32.381561049219556,646018383.1786997,1024.0,2012
596,0.007330101825183457,579.833266684221,14.895661904058423,28498.047832085846,1.0240000486373901,-2.7755575615628914e-17,-0.3629999999999999,-0.52,28387.107460305837,124.91800424759461,32.381561049219556,646018383.1786997,1024.0,2012
597,0.00610955697609477,729.9668340323904,15.108326239603135,28498.047832085846,1.0240000486373901,-0.20000000000000004,-0.3629999999999999,-0.52,28383.917071204705,124.91800424759461,32.381561049219556,646018383.1786997,1024.0,2012
598,0.00625261823660797,729.9668340323904,15.092713146451484,28498.047832085846,1.0240000486373901,-0.10000000000000003,-0.3629999999999999,-0.52,28384.15283702531,124.91800424759461,32.381561049219556,646018383.1786997,1024.0,2012
599,0.006362337971774994,729.9668340323904,15.059944293634652,28498.047832085846,1.0240000486373901,-2.7755575615628914e-17,-0.3629999999999999,-0.52,28384.646871022156,124.91800424759461,32.381561049219556,646018383.1786997,1024.0,2012
600,0.005130938622761869,918.9737971303117,15.137325083726804,28498.047832085846,1.0240000486373901,-0.20000000000000004,-0.3629999999999999,-0.52,28383.478526740633,124.91800424759461,32.381561049219556,646018383.1786997,1024.0,2012
601,0.005349524740746001,918.9737971303117,15.152054757180291,28498.047832085846,1.0240000486373901,-0.10000000000000003,-0.3629999999999999,-0.52,28383.25545040355,124.91800424759461,32.381561049219556,646018383.1786997,1024.0,2012
602,0.005541458383150356,918.9737971303117,15.14813816553093,28498.047832085846,1.0240000486373901,-2.7755575615628914e-17,-0.3629999999999999,-0.52,28383.31478714484,124.91800424759461,32.381561049219556,646018383.1786997,1024.0,2012
603,0.007204169160812934,579.833266684221,14.92433751420987,28498.047832085846,1.0240000486373901,-0.20000000000000004,-0.3619999999999999,-0.52,28386.67990696682,124.8438545616429,32.35818698862117,646018383.1786997,1024.0,2012
604,0.007230185936203729,579.833266684221,14.874696015975552,28498.047832085846,1.0240000486373901,-0.10000000000000003,-0.3619999999999999,-0.52,28387.419541302006,124.8438545616429,32.35818698862117,646018383.1786997,1024.0,2012
605,0.007219251281106799,579.833266684221,14.80933849046717,28498.047832085846,1.0240000486373901,-2.7755575615628914e-17,-0.3619999999999999,-0.52,28388.38957882323,124.8438545616429,32.35818698862117,646018383.1786997,1024.0,2012
606,0.006046319933605662,729.9668340323904,15.056681748108375,28498.047832085846,1.0240000486373901,-0.20000000000000004,-0.3619999999999999,-0.52,28384.695999453936,124.8438545616429,32.35818698862117,646018383.1786997,1024.0,2012
607,0.0061805381777529245,729.9668340323904,15.032050345440343,28498.047832085846,1.0240000486373901,-0.10000000000000003,-0.3619999999999999,-0.52,28385.06656329192,124.8438545616429,32.35818698862117,646018383.1786997,1024.0,2012
608,0.006280904505793071,729.9668340323904,14.989543006642567,28498.047832085846,1.0240000486373901,-2.7755575615628914e-17,-0.3619999999999999,-0.52,28385.704632311852,124.8438545616429,32.35818698862117,646018383.1786997,1024.0,2012
609,0.005088234574620409,918.9737971303117,15.100097649449674,28498.047832085846,1.0240000486373901,-0.20000000000000004,-0.3619999999999999,-0.52,28384.041357574388,124.8438545616429,32.35818698862117,646018383.1786997,1024.0,2012
610,0.00529873254134944,918.9737971303117,15.105838344780858,28498.047832085846,1.0240000486373901,-0.10000000000000003,-0.3619999999999999,-0.52,28383.95465603652,124.8438545616429,32.35818698862117,646018383.1786997,1024.0,2012
611,0.0054817215555091085,918.9737971303117,15.092001674190207,28498.047832085846,1.0240000486373901,-2.7755575615628914e-17,-0.3619999999999999,-0.52,28384.163574818966,124.8438545616429,32.35818698862117,646018383.1786997,1024.0,2012
612,0.00724460977287686,579.833266684221,14.987627464063486,28498.047832085846,1.0240000486373901,-0.20000000000000004,-0.3609999999999999,-0.52,28385.73334358507,124.76957102697065,32.33484432351365,646018383.1786997,1024.0,2012
613,0.0072706872682976155,579.833266684221,14.933759967336766,28498.047832085846,1.0240000486373901,-0.10000000000000003,-0.3609999999999999,-0.52,28386.53923870483,124.76957102697065,32.33484432351365,646018383.1786997,1024.0,2012
614,0.007259448760457439,579.833266684221,14.86348994137718,28498.047832085846,1.0240000486373901,-2.7755575615628914e-17,-0.3609999999999999,-0.52,28387.586165467135,124.76957102697065,32.33484432351365,646018383.1786997,1024.0,2012
615,0.0060748521896130964,729.9668340323904,15.115100827280319,28498.047832085846,1.0240000486373901,-0.20000000000000004,-0.3609999999999999,-0.52,28383.81469557642,124.76957102697065,32.33484432351365,646018383.1786997,1024.0,2012
616,0.00620995836264432,729.9668340323904,15.087306913737331,28498.047832085846,1.0240000486373901,-0.10000000000000003,-0.3609999999999999,-0.52,28384.234417131192,124.76957102697065,32.33484432351365,646018383.1786997,1024.0,2012
617,0.00631096975200939,729.9668340323904,15.040943560857517,28498.047832085846,1.0240000486373901,-2.7755575615628914e-17,-0.3609999999999999,-0.52,28384.932840485395,124.76957102697065,32.33484432351365,646018383.1786997,1024.0,2012
618,0.005108218862082388,918.9737971303117,15.152810914724995,28498.047832085846,1.0240000486373901,-0.20000000000000004,-0.3609999999999999,-0.52,28383.24399277714,124.76957102697065,32.33484432351365,646018383.1786997,1024.0,2012
619,0.005319929939139035,918.9737971303117,15.156297589531441,28498.047832085846,1.0240000486373901,-0.10000000000000003,-0.3609999999999999,-0.52,28383.191153774627,124.76957102697065,32.33484432351365,646018383.1786997,1024.0,2012
620,0.005504010397197026,918.9737971303117,15.139531343603815,28498.047832085846,1.0240000486373901,-2.7755575615628914e-17,-0.3609999999999999,-0.52,28383.445127433864,124.76957102697065,32.33484432351365,646018383.1786997,1024.0,2012
621,0.007383731058206159,579.833266684221,15.056268394770209,28498.047832085846,1.0240000486373901,-0.20000000000000004,-0.3629999999999999,-0.519,28384.702223098167,124.96978668026716,32.348053297567645,646018383.1786997,1024.0,2012
622,0.007428103894475945,579.833266684221,15.024587044925045,28498.047832085846,1.0240000486373901,-0.10000000000000003,-0.3629999999999999,-0.519,28385.17872415058,124.96978668026716,32.348053297567645,646018383.1786997,1024.0,2012
623,0.007435690562336185,579.833266684221,14.978273211880257,28498.047832085846,1.0240000486373901,-2.7755575615628914e-17,-0.3629999999999999,-0.519,28385.87349788098,124.96978668026716,32.348053297567645,646018383.1786997,1024.0,2012
624,0.006166156994565157,729.9668340323904,15.154922127103754,28498.047832085846,1.0240000486373901,-0.20000000000000004,-0.3629999999999999,-0.519,28383.211999746556,124.96978668026716,32.348053297567645,646018383.1786997,1024.0,2012
625,0.006318444700771756,729.9668340323904,15.14881024425313,28498.047832085846,1.0240000486373901,-0.10000000000000003,-0.3629999999999999,-0.519,28383.30460617765,124.96978668026716,32.348053297567645,646018383.1786997,1024.0,2012
626,0.006437969124766179,729.9668340323904,15.126333419307299,28498.047832085846,1.0240000486373901,-2.7755575615628914e-17,-0.3629999999999999,-0.519,28383.64485072982,124.96978668026716,32.348053297567645,646018383.1786997,1024.0,2012
627,0.005167288989180915,918.9737971303117,15.1693904750439,28498.047832085846,1.0240000486373901,-0.20000000000000004,-0.3629999999999999,-0.519,28382.99262839367,124.96978668026716,32.348053297567645,646018383.1786997,1024.0,2012
628,0.005394121447633839,918.9737971303117,15.193456112844212,28498.047832085846,1.0240000486373901,-0.10000000000000003,-0.3629999999999999,-0.519,28382.627277759384,124.96978668026716,32.348053297567645,646018383.1786997,1024.0,2012
629,0.005595250700743832,918.9737971303117,15.199914200828234,28498.047832085846,1.0240000486373901,-2.7755575615628914e-17,-0.3629999999999999,-0.519,28382.529136229576,124.96978668026716,32.348053297567645,646018383.1786997,1024.0,2012
630,0.007243472244334296,579.833266684221,14.928341577913532,28498.047832085846,1.0240000486373901,-0.20000000000000004,-0.3619999999999999,-0.519,28386.620140952415,124.89558772440522,32.32463159779343,646018383.1786997,1024.0,2012
631,0.007276105173815353,579.833266684221,14.88536976714404,28498.047832085846,1.0240000486373901,-0.10000000000000003,-0.3619999999999999,-0.519,28387.260715533543,124.89558772440522,32.32463159779343,646018383.1786997,1024.0,2012
632,0.007271986462252876,579.833266684221,14.82725068062245,28498.047832085846,1.0240000486373901,-2.7755575615628914e-17,-0.3619999999999999,-0.519,28388.124150712836,124.89558772440522,32.32463159779343,646018383.1786997,1024.0,2012
633,0.006068527376854326,729.9668340323904,15.050556947585505,28498.047832085846,1.0240000486373901,-0.20000000000000004,-0.3619999999999999,-0.519,28384.78819986959,124.89558772440522,32.32463159779343,646018383.1786997,1024.0,2012
634,0.006208820152539831,729.9668340323904,15.032437745272262,28498.047832085846,1.0240000486373901,-0.10000000000000003,-0.3619999999999999,-0.519,28385.060739803102,124.89558772440522,32.32463159779343,646018383.1786997,1024.0,2012
635,0.006315795450650117,729.9668340323904,14.997194606349352,28498.047832085846,1.0240000486373901,-2.7755575615628914e-17,-0.3619999999999999,-0.519,28385.58990905549,124.89558772440522,32.32463159779343,646018383.1786997,1024.0,2012
636,0.005099424262839674,918.9737971303117,15.08572990536267,28498.047832085846,1.0240000486373901,-0.20000000000000004,-0.3619999999999999,-0.519,28384.25820869707,124.89558772440522,32.32463159779343,646018383.1786997,1024.0,2012
637,0.00531504831277259,918.9737971303117,15.0975365467735,28498.047832085846,1.0240000486373901,-0.10000000000000003,-0.3619999999999999,-0.519,28384.080027195265,124.89558772440522,32.32463159779343,646018383.1786997,1024.0,2012
638,0.005503941472290415,918.9737971303117,15.090710688130546,28498.047832085846,1.0240000486373901,-2.7755575615628914e-17,-0.3619999999999999,-0.519,28384.183057549417,124.89558772440522,32.32463159779343,646018383.1786997,1024.0,2012
639,0.007356304752314136,579.833266684221,15.101337590033388,28498.047832085846,1.0240000486373901,-0.20000000000000004,-0.3609999999999999,-0.519,28384.022633581768,124.82125448301943,32.30124129380162,646018383.1786997,1024.0,2012
640,0.007392854922069426,579.833266684221,15.059204996030749,28498.047832085846,1.0240000486373901,-0.10000000000000003,-0.3609999999999999,-0.519,28384.658004529607,124.82125448301943,32.30124129380162,646018383.1786997,1024.0,2012
641,0.0073920505238697564,579.833266684221,15.001232644654493,28498.047832085846,1.0240000486373901,-2.7755575615628914e-17,-0.3609999999999999,-0.519,28385.52934165632,124.82125448301943,32.30124129380162,646018383.1786997,1024.0,2012
642,0.006150731365861366,729.9668340323904,15.20702589844706,28498.047832085846,1.0240000486373901,-0.20000000000000004,-0.3609999999999999,-0.519,28382.421013747826,124.82125448301943,32.30124129380162,646018383.1786997,1024.0,2012
643,0.006296388665924972,729.9668340323904,15.191504016489693,28498.047832085846,1.0240000486373901,-0.10000000000000003,-0.3609999999999999,-0.519,28382.656934944334,124.82125448301943,32.30124129380162,646018383.1786997,1024.0,2012
644,0.006408448998348898,729.9668340323904,15.158228479416167,28498.047832085846,1.0240000486373901,-2.7755575615628914e-17,-0.3609999999999999,-0.519,28383.161886768754,124.82125448301943,32.30124129380162,646018383.1786997,1024.0,2012
645,0.005159372895573886,918.9737971303117,15.225639703392156,28498.047832085846,1.0240000486373901,-0.20000000000000004,-0.3609999999999999,-0.519,28382.13777989709,124.82125448301943,32.30124129380162,646018383.1786997,1024.0,2012
646,0.005380805027010046,918.9737971303117,15.24149183680426,28498.047832085846,1.0240000486373901,-0.10000000000000003,-0.3609999999999999,-0.519,28381.89629538016,124.82125448301943,32.30124129380162,646018383.1786997,1024.0,2012
647,0.005575536882753222,918.9737971303117,15.238186738191033,28498.047832085846,1.0240000486373901,-2.7755575615628914e-17,-0.3609999999999999,-0.519,28381.946664551855,124.82125448301943,32.30124129380162,646018383.1786997,1024.0,2012
648,0.011426702287361711,290.605030894529,13.737112635480768,28498.047832074782,1.0240000486373901,-0.10000000000000003,-0.3759999999999999,-0.504,28403.69370029484,126.72410717292479,32.16176501332213,646018383.1786997,1024.0,2012
649,0.010214150937943955,290.605030894529,13.498944049440569,28498.047832074782,1.0240000486373901,0.09999999999999998,-0.3759999999999999,-0.504,28406.93708684982,126.72410717292479,32.16176501332213,646018383.1786997,1024.0,2012
650,0.008988396290127404,290.605030894529,13.207513602393174,28498.047832074782,1.0240000486373901,0.3,-0.3759999999999999,-0.504,28410.828624296082,126.72410717292479,32.16176501332213,646018383.1786997,1024.0,2012
651,0.008306565081421594,460.57793515969075,14.598844122721257,28498.047832074782,1.0240000486373901,-0.10000000000000003,-0.3759999999999999,-0.504,28391.484707215026,126.72410717292479,32.16176501332213,646018383.1786997,1024.0,2012
652,0.007920022548257138,460.57793515969075,14.369514822258921,28498.047832074782,1.0240000486373901,0.09999999999999998,-0.3759999999999999,-0.504,28394.806353961223,126.72410717292479,32.16176501332213,646018383.1786997,1024.0,2012
653,0.007389858256373226,460.57793515969075,14.06492809280705,28498.047832074782,1.0240000486373901,0.3,-0.3759999999999999,-0.504,28399.136730946866,126.72410717292479,32.16176501332213,646018383.1786997,1024.0,2012
654,0.0060942886179177515,729.9668340323904,15.04840037770243,28498.047832074782,1.0240000486373901,-0.10000000000000003,-0.3759999999999999,-0.504,28384.820655110965,126.72410717292479,32.16176501332213,646018383.1786997,1024.0,2012
655,0.00622050494760974,729.9668340323904,14.893640284314701,28498.047832074782,1.0240000486373901,0.09999999999999998,-0.3759999999999999,-0.504,28387.1375716155,126.72410717292479,32.16176501332213,646018383.1786997,1024.0,2012
656,0.006169202349876914,729.9668340323904,14.635808695788292,28498.047832074782,1.0240000486373901,0.3,-0.3759999999999999,-0.504,28390.944383984926,126.72410717292479,32.16176501332213,646018383.1786997,1024.0,2012
657,0.011389435435986502,290.605030894529,13.695786371399588,28498.047832074782,1.0240000486373901,-0.10000000000000003,-0.3739999999999999,-0.504,28404.260549909275,126.57776108496553,32.11271718126721,646018383.1786997,1024.0,2012
658,0.01018033921574026,290.605030894529,13.455253944422372,28498.047832074782,1.0240000486373901,0.09999999999999998,-0.3739999999999999,-0.504,28407.525902720336,126.57776108496553,32.11271718126721,646018383.1786997,1024.0,2012
659,0.008958712043326196,290.605030894529,13.161265022358506,28498.047832074782,1.0240000486373901,0.3,-0.3739999999999999,-0.504,28411.438383580404,126.57776108496553,32.11271718126721,646018383.1786997,1024.0,2012
660,0.008286480031592922,460.57793515969075,14.56407981909198,28498.047832074782,1.0240000486373901,-0.10000000000000003,-0.3739999999999999,-0.504,28391.99162158634,126.57776108496553,32.11271718126721,646018383.1786997,1024.0,2012
661,0.007899213420848199,460.57793515969075,14.331277073401886,28498.047832074782,1.0240000486373901,0.09999999999999998,-0.3739999999999999,-0.504,28395.355080797475,126.57776108496553,32.11271718126721,646018383.1786997,1024.0,2012
662,0.0073692506872864985,460.57793515969075,14.02304352442466,28498.047832074782,1.0240000486373901,0.3,-0.3739999999999999,-0.504,28399.72495723083,126.57776108496553,32.11271718126721,646018383.1786997,1024.0,2012
663,0.006084177512893047,729.9668340323904,15.020998172760224,28498.047832074782,1.0240000486373901,-0.10000000000000003,-0.3739999999999999,-0.504,28385.23263902175,126.57776108496553,32.11271718126721,646018383.1786997,1024.0,2012
664,0.006208291329685296,729.9668340323904,14.861747804880247,28498.047832074782,1.0240000486373901,0.09999999999999998,-0.3739999999999999,-0.504,28387.61205816685,126.57776108496553,32.11271718126721,646018383.1786997,1024.0,2012
665,0.006155334475257776,729.9668340323904,14.599084005249935,28498.047832074782,1.0240000486373901,0.3,-0.3739999999999999,-0.504,28391.48120517861,126.57776108496553,32.11271718126721,646018383.1786997,1024.0,2012
666,0.010900922514141308,290.605030894529,13.165997546637323,28498.047832074782,1.0240000486373901,-0.10000000000000003,-0.3719999999999999,-0.504,28411.376086375752,126.43085812016236,32.06378571753842,646018383.1786997,1024.0,2012
667,0.009736898427274125,290.605030894529,12.930711290102387,28498.047832074782,1.0240000486373901,0.09999999999999998,-0.3719999999999999,-0.504,28414.446184840792,126.43085812016236,32.06378571753842,646018383.1786997,1024.0,2012
668,0.008563051860923213,290.605030894529,12.645196416738541,28498.047832074782,1.0240000486373901,0.3,-0.3719999999999999,-0.504,28418.097335865834,126.43085812016236,32.06378571753842,646018383.1786997,1024.0,2012
669,0.00798231801633045,460.57793515969075,14.071271756673314,28498.047832074782,1.0240000486373901,-0.10000000000000003,-0.3719999999999999,-0.504,28399.047487649706,126.43085812016236,32.06378571753842,646018383.1786997,1024.0,2012
670,0.00759774121283151,460.57793515969075,13.831973600263964,28498.047832074782,1.0240000486373901,0.09999999999999998,-0.3719999999999999,-0.504,28402.386085235583,126.43085812016236,32.06378571753842,646018383.1786997,1024.0,2012
671,0.007077413593217811,460.57793515969075,13.52148013613717,28498.047832074782,1.0240000486373901,0.3,-0.3719999999999999,-0.504,28406.632619538806,126.43085812016236,32.06378571753842,646018383.1786997,1024.0,2012
672,0.005895532903811947,729.9668340323904,14.58475559877864,28498.047832074782,1.0240000486373901,-0.10000000000000003,-0.3719999999999999,-0.504,28391.69028413673,126.43085812016236,32.06378571753842,646018383.1786997,1024.0,2012
673,0.006002910803703162,729.9668340323904,14.405765264019308,28498.047832074782,1.0240000486373901,0.09999999999999998,-0.3719999999999999,-0.504,28394.28479565377,126.43085812016236,32.06378571753842,646018383.1786997,1024.0,2012
674,0.005938595631329465,729.9668340323904,14.127961043515612,28498.047832074782,1.0240000486373901,0.3,-0.3719999999999999,-0.504,28398.248190451235,126.43085812016236,32.06378571753842,646018383.1786997,1024.0,2012
675,0.011419336785141612,290.605030894529,13.743100447978163,28498.047832074782,1.0240000486373901,-0.10000000000000003,-0.3759999999999999,-0.502,28403.611427113174,126.83335697508824,32.09594205210199,646018383.1786997,1024.0,2012
676,0.010199446806096192,290.605030894529,13.492596448156158,28498.047832074782,1.0240000486373901,0.09999999999999998,-0.3759999999999999,-0.502,28407.022752618384,126.83335697508824,32.09594205210199,646018383.1786997,1024.0,2012
677,0.008966777989346355,290.605030894529,13.184495045056176,28498.047832074782,1.0240000486373901,0.3,-0.3759999999999999,-0.502,28411.132377278227,126.83335697508824,32.09594205210199,646018383.1786997,1024.0,2012
678,0.008303317809354302,460.57793515969075,14.595903544386355,28498.047832074782,1.0240000486373901,-0.10000000000000003,-0.3759999999999999,-0.502,28391.527631936267,126.83335697508824,32.09594205210199,646018383.1786997,1024.0,2012
679,0.0079111630025697,460.57793515969075,14.358504420589167,28498.047832074782,1.0240000486373901,0.09999999999999998,-0.3759999999999999,-0.502,28394.964507476743,126.83335697508824,32.09594205210199,646018383.1786997,1024.0,2012
680,0.007374826015470153,460.57793515969075,14.041150123061984,28498.047832074782,1.0240000486373901,0.3,-0.3759999999999999,-0.502,28399.4708836856,126.83335697508824,32.09594205210199,646018383.1786997,1024.0,2012
681,0.00609414388862621,729.9668340323904,15.04061612945987,28498.047832074782,1.0240000486373901,-0.10000000000000003,-0.3759999999999999,-0.502,28384.9377652979,126.83335697508824,32.09594205210199,646018383.1786997,1024.0,2012
682,0.006216347531949422,729.9668340323904,14.880501984652762,28498.047832074782,1.0240000486373901,0.09999999999999998,-0.3759999999999999,-0.502,28387.333162417155,126.83335697508824,32.09594205210199,646018383.1786997,1024.0,2012
683,0.006159616339996867,729.9668340323904,14.612314955257133,28498.047832074782,1.0240000486373901,0.3,-0.3759999999999999,-0.502,28391.287957898967,126.83335697508824,32.09594205210199,646018383.1786997,1024.0,2012
684,0.011393078554999264,290.605030894529,13.83437448377361,28498.047832074782,1.0240000486373901,-0.10000000000000003,-0.3739999999999999,-0.502,28402.35287339614,126.68684466000053,32.04669766644536,646018383.1786997,1024.0,2012
685,0.010191449547683014,290.605030894529,13.608864134581399,28498.047832074782,1.0240000486373901,0.09999999999999998,-0.3739999999999999,-0.502,28405.447240558035,126.68684466000053,32.04669766644536,646018383.1786997,1024.0,2012
686,0.008976128181527075,290.605030894529,13.328537453453249,28498.047832074782,1.0240000486373901,0.3,-0.3739999999999999,-0.502,28409.22287675073,126.68684466000053,32.04669766644536,646018383.1786997,1024.0,2012
687,0.00827611611385704,460.57793515969075,14.652251912514014,28498.047832074782,1.0240000486373901,-0.10000000000000003,-0.3739999999999999,-0.502,28390.703589020897,126.68684466000053,32.04669766644536,646018383.1786997,1024.0,2012
688,0.007893614726088367,460.57793515969075,14.43887071905645,28498.047832074782,1.0240000486373901,0.09999999999999998,-0.3739999999999999,-0.502,28393.80733825397,126.68684466000053,32.04669766644536,646018383.1786997,1024.0,2012
689,0.007368818447774656,460.57793515969075,14.149549147714644,28498.047832074782,1.0240000486373901,0.3,-0.3739999999999999,-0.502,28397.942961532986,126.68684466000053,32.04669766644536,646018383.1786997,1024.0,2012
690,0.006075884436049552,729.9668340323904,15.077697334739373,28498.047832074782,1.0240000486373901,-0.10000000000000003,-0.3739999999999999,-0.502,28384.37935361578,126.68684466000053,32.04669766644536,646018383.1786997,1024.0,2012
691,0.0062017711961250745,729.9668340323904,14.939367200051128,28498.047832074782,1.0240000486373901,0.09999999999999998,-0.3739999999999999,-0.502,28386.4554859058,126.68684466000053,32.04669766644536,646018383.1786997,1024.0,2012
692,0.006151208153449721,729.9668340323904,14.69791482210813,28498.047832074782,1.0240000486373901,0.3,-0.3739999999999999,-0.502,28390.03348201581,126.68684466000053,32.04669766644536,646018383.1786997,1024.0,2012
693,0.011062139047229096,290.605030894529,13.382891086576386,28498.047832074782,1.0240000486373901,-0.10000000000000003,-0.3719999999999999,-0.502,28408.4969451572,126.5397719676939,31.997569560242844,646018383.1786997,1024.0,2012
694,0.009889833376146425,290.605030894529,13.157304952803953,28498.047832074782,1.0240000486373901,0.09999999999999998,-0.3719999999999999,-0.502,28411.490495264243,126.5397719676939,31.997569560242844,646018383.1786997,1024.0,2012
695,0.008706279390174107,290.605030894529,12.879940559356339,28498.047832074782,1.0240000486373901,0.3,-0.3719999999999999,-0.502,28415.101397668506,126.5397719676939,31.997569560242844,646018383.1786997,1024.0,2012
696,0.00807498596114864,460.57793515969075,14.245413707240644,28498.047832074782,1.0240000486373901,-0.10000000000000003,-0.3719999999999999,-0.502,28396.581926229563,126.5397719676939,31.997569560242844,646018383.1786997,1024.0,2012
697,0.007693659628889372,460.57793515969075,14.021652271851416,28498.047832074782,1.0240000486373901,0.09999999999999998,-0.3719999999999999,-0.502,28399.744465858425,126.5397719676939,31.997569560242844,646018383.1786997,1024.0,2012
698,0.007174787706219921,460.57793515969075,13.725424511259293,28498.047832074782,1.0240000486373901,0.3,-0.3719999999999999,-0.502,28403.854193067644,126.5397719676939,31.997569560242844,646018383.1786997,1024.0,2012
699,0.005951473639039138,729.9668340323904,14.72355417223779,28498.047832074782,1.0240000486373901,-0.10000000000000003,-0.3719999999999999,-0.502,28389.656308343372,126.5397719676939,31.997569560242844,646018383.1786997,1024.0,2012
700,0.006066408550563318,729.9668340323904,14.564493313635069,28498.047832074782,1.0240000486373901,0.09999999999999998,-0.3719999999999999,-0.502,28391.985599333322,126.5397719676939,31.997569560242844,646018383.1786997,1024.0,2012
701,0.006008511072063761,729.9668340323904,14.305789943576999,28498.047832074782,1.0240000486373901,0.3,-0.3719999999999999,-0.502,28395.720019119908,126.5397719676939,31.997569560242844,646018383.1786997,1024.0,2012
702,0.010786491651210421,290.605030894529,13.097804871368949,28498.047832074782,1.0240000486373901,-0.10000000000000003,-0.3759999999999999,-0.5,28412.271585850554,126.94316586615345,32.03011848123573,646018383.1786997,1024.0,2012
703,0.009621019372262316,290.605030894529,12.850746686937603,28498.047832074782,1.0240000486373901,0.09999999999999998,-0.3759999999999999,-0.5,28415.476986868864,126.94316586615345,32.03011848123573,646018383.1786997,1024.0,2012
704,0.00844623100654889,290.605030894529,12.548565044460089,28498.047832074782,1.0240000486373901,0.3,-0.3759999999999999,-0.5,28419.31458973726,126.94316586615345,32.03011848123573,646018383.1786997,1024.0,2012
705,0.007915952739169565,460.57793515969075,13.994027972086922,28498.047832074782,1.0240000486373901,-0.10000000000000003,-0.3759999999999999,-0.5,28400.131422633007,126.94316586615345,32.03011848123573,646018383.1786997,1024.0,2012
706,0.007522993952292205,460.57793515969075,13.746276484249941,28498.047832074782,1.0240000486373901,0.09999999999999998,-0.3759999999999999,-0.5,28403.56777348406,126.94316586615345,32.03011848123573,646018383.1786997,1024.0,2012
707,0.006994534468700757,460.57793515969075,13.422332897663372,28498.047832074782,1.0240000486373901,0.3,-0.3759999999999999,-0.5,28407.968321866934,126.94316586615345,32.03011848123573,646018383.1786997,1024.0,2012
708,0.005860997215178414,729.9668340323904,14.511239424043522,28498.047832074782,1.0240000486373901,-0.10000000000000003,-0.3759999999999999,-0.5,28392.759797263825,126.94316586615345,32.03011848123573,646018383.1786997,1024.0,2012
709,0.005958021826401872,729.9668340323904,14.324255238597257,28498.047832074782,1.0240000486373901,0.09999999999999998,-0.3759999999999999,-0.5,28395.455688004542,126.94316586615345,32.03011848123573,646018383.1786997,1024.0,2012
710,0.005881994201646739,729.9668340323904,14.033285077978048,28498.047832074782,1.0240000486373901,0.3,-0.3759999999999999,-0.5,28399.581287034882,126.94316586615345,32.03011848123573,646018383.1786997,1024.0,2012
711,0.010951408847723415,290.605030894529,13.256710306894163,28498.047832074782,1.0240000486373901,-0.10000000000000003,-0.3739999999999999,-0.5,28410.177647994326,126.79648861552779,31.98067679265522,646018383.1786997,1024.0,2012
712,0.009797383727557648,290.605030894529,13.043006962891079,28498.047832074782,1.0240000486373901,0.09999999999999998,-0.3739999999999999,-0.5,28412.98781675777,126.79648861552779,31.98067679265522,646018383.1786997,1024.0,2012
713,0.00863111083806517,290.605030894529,12.778619472159397,28498.047832074782,1.0240000486373901,0.3,-0.3739999999999999,-0.5,28416.401274267657,126.79648861552779,31.98067679265522,646018383.1786997,1024.0,2012
714,0.00800285660772068,460.57793515969075,14.112432695645255,28498.047832074782,1.0240000486373901,-0.10000000000000003,-0.3739999999999999,-0.5,28398.467453780224,126.79648861552779,31.98067679265522,646018383.1786997,1024.0,2012
715,0.007626710033859459,460.57793515969075,13.897347918630507,28498.047832074782,1.0240000486373901,0.09999999999999998,-0.3739999999999999,-0.5,28401.47969248905,126.79648861552779,31.98067679265522,646018383.1786997,1024.0,2012
716,0.007114843485956117,460.57793515969075,13.6120190854393,28498.047832074782,1.0240000486373901,0.3,-0.3739999999999999,-0.5,28405.4043002836,126.79648861552779,31.98067679265522,646018383.1786997,1024.0,2012
717,0.005909085781406916,729.9668340323904,14.600456718027287,28498.047832074782,1.0240000486373901,-0.10000000000000003,-0.3739999999999999,-0.5,28391.46116388729,126.79648861552779,31.98067679265522,646018383.1786997,1024.0,2012
718,0.006022168689649841,729.9668340323904,14.44475588602426,28498.047832074782,1.0240000486373901,0.09999999999999998,-0.3739999999999999,-0.5,28393.722345771366,126.79648861552779,31.98067679265522,646018383.1786997,1024.0,2012
719,0.005964387091725595,729.9668340323904,14.192447076775046,28498.047832074782,1.0240000486373901,0.3,-0.3739999999999999,-0.5,28397.335055061252,126.79648861552779,31.98067679265522,646018383.1786997,1024.0,2012
720,0.010714365843785045,290.605030894529,13.095721663249554,28498.047832074782,1.0240000486373901,-0.10000000000000003,-0.3719999999999999,-0.5,28412.29886913413,126.64924746766859,31.93135128904149,646018383.1786997,1024.0,2012
721,0.0095663886127881,290.605030894529,12.864927453522984,28498.047832074782,1.0240000486373901,0.09999999999999998,-0.3719999999999999,-0.5,28415.294652882578,126.64924746766859,31.93135128904149,646018383.1786997,1024.0,2012
722,0.008410517829640274,290.605030894529,12.584229153373002,28498.047832074782,1.0240000486373901,0.3,-0.3719999999999999,-0.5,28418.86642038248,126.64924746766859,31.93135128904149,646018383.1786997,1024.0,2012
723,0.007872262005860041,460.57793515969075,13.996026670021037,28498.047832074782,1.0240000486373901,-0.10000000000000003,-0.3719999999999999,-0.5,28400.103450800812,126.64924746766859,31.93135128904149,646018383.1786997,1024.0,2012
724,0.007484803219094222,460.57793515969075,13.758686069278045,28498.047832074782,1.0240000486373901,0.09999999999999998,-0.3719999999999999,-0.5,28403.39711089831,126.64924746766859,31.93135128904149,646018383.1786997,1024.0,2012
725,0.006965088697014139,460.57793515969075,13.45092667456229,28498.047832074782,1.0240000486373901,0.3,-0.3719999999999999,-0.5,28407.584117872557,126.64924746766859,31.93135128904149,646018383.1786997,1024.0,2012
726,0.005836171485135326,729.9668340323904,14.518530847353485,28498.047832074782,1.0240000486373901,-0.10000000000000003,-0.3719999999999999,-0.5,28392.653963092005,126.64924746766859,31.93135128904149,646018383.1786997,1024.0,2012
727,0.005932955956031628,729.9668340323904,14.337881027746963,28498.047832074782,1.0240000486373901,0.09999999999999998,-0.3719999999999999,-0.5,28395.26041589187,126.64924746766859,31.93135128904149,646018383.1786997,1024.0,2012
728,0.005859687836208059,729.9668340323904,14.059045716341227,28498.047832074782,1.0240000486373901,0.3,-0.3719999999999999,-0.5,28399.219448847696,126.64924746766859,31.93135128904149,646018383.1786997,1024.0,2012
729,0.007304639024111403,579.833266684221,15.16235454364817,28498.047832074782,1.0240000486373901,-0.20000000000000004,-0.3749999999999999,-0.503,28383.09933442114,126.70551747344713,32.104266222783465,646018383.1786997,1024.0,2012
730,0.00732710572715701,579.833266684221,15.104249839412063,28498.047832074782,1.0240000486373901,-0.10000000000000003,-0.3749999999999999,-0.503,28383.978650469093,126.70551747344713,32.104266222783465,646018383.1786997,1024.0,2012
731,0.007310992743459225,579.833266684221,15.02745796978731,28498.047832074782,1.0240000486373901,-2.7755575615628914e-17,-0.3749999999999999,-0.503,28385.13558555792,126.70551747344713,32.104266222783465,646018383.1786997,1024.0,2012
732,0.006121673759567208,729.9668340323904,15.27567704650264,28498.047832074782,1.0240000486373901,-0.20000000000000004,-0.3749999999999999,-0.503,28381.37467746026,126.70551747344713,32.104266222783465,646018383.1786997,1024.0,2012
733,0.006255188797254279,729.9668340323904,15.245987470474738,28498.047832074782,1.0240000486373901,-0.10000000000000003,-0.3749999999999999,-0.503,28381.827765099846,126.70551747344713,32.104266222783465,646018383.1786997,1024.0,2012
734,0.006353414851796454,729.9668340323904,15.195484881121226,28498.047832074782,1.0240000486373901,-2.7755575615628914e-17,-0.3749999999999999,-0.503,28382.59645168859,126.70551747344713,32.104266222783465,646018383.1786997,1024.0,2012
735,0.005145015985634258,918.9737971303117,15.299635351147169,28498.047832074782,1.0240000486373901,-0.20000000000000004,-0.3749999999999999,-0.503,28381.008411135746,126.70551747344713,32.104266222783465,646018383.1786997,1024.0,2012
736,0.005356465353430096,918.9737971303117,15.303215218728518,28498.047832074782,1.0240000486373901,-0.10000000000000003,-0.3749999999999999,-0.503,28380.95363405942,126.70551747344713,32.104266222783465,646018383.1786997,1024.0,2012
737,0.0055392168447927865,918.9737971303117,15.284382730528648,28498.047832074782,1.0240000486373901,-2.7755575615628914e-17,-0.3749999999999999,-0.503,28381.24165434814,126.70551747344713,32.104266222783465,646018383.1786997,1024.0,2012
738,0.007170603838799369,579.833266684221,15.05580060579766,28498.047832074782,1.0240000486373901,-0.20000000000000004,-0.3739999999999999,-0.503,28384.709266134014,126.6322330441553,32.0797076622116,646018383.1786997,1024.0,2012
739,0.007185364120281688,579.833266684221,14.993132859811118,28498.047832074782,1.0240000486373901,-0.10000000000000003,-0.3739999999999999,-0.503,28385.65081559881,126.6322330441553,32.0797076622116,646018383.1786997,1024.0,2012
740,0.007162099821763198,579.833266684221,14.912016565949449,28498.047832074782,1.0240000486373901,-2.7755575615628914e-17,-0.3739999999999999,-0.503,28386.863713043207,126.6322330441553,32.0797076622116,646018383.1786997,1024.0,2012
741,0.0060265149852099095,729.9668340323904,15.185814162003323,28498.047832074782,1.0240000486373901,-0.20000000000000004,-0.3739999999999999,-0.503,28382.743356193332,126.6322330441553,32.0797076622116,646018383.1786997,1024.0,2012
742,0.006151055600831763,729.9668340323904,15.150353373242234,28498.047832074782,1.0240000486373901,-0.10000000000000003,-0.3739999999999999,-0.503,28383.281228407726,126.6322330441553,32.0797076622116,646018383.1786997,1024.0,2012
743,0.0062403469571889955,729.9668340323904,15.094148908787467,28498.047832074782,1.0240000486373901,-2.7755575615628914e-17,-0.3739999999999999,-0.503,28384.131166434458,126.6322330441553,32.0797076622116,646018383.1786997,1024.0,2012
744,0.005077884969901378,918.9737971303117,15.22566208099915,28498.047832074782,1.0240000486373901,-0.20000000000000004,-0.3739999999999999,-0.503,28382.137439172395,126.6322330441553,32.0797076622116,646018383.1786997,1024.0,2012
745,0.0052803284576037205,918.9737971303117,15.222678375244648,28498.047832074782,1.0240000486373901,-0.10000000000000003,-0.3739999999999999,-0.503,28382.182863616712,126.6322330441553,32.0797076622116,646018383.1786997,1024.0,2012
746,0.005453642560054825,918.9737971303117,15.197135391205485,28498.047832074782,1.0240000486373901,-2.7755575615628914e-17,-0.3739999999999999,-0.503,28382.571370025467,126.6322330441553,32.0797076622116,646018383.1786997,1024.0,2012
747,0.007166242497167794,579.833266684221,14.953444637409554,28498.047832074782,1.0240000486373901,-0.20000000000000004,-0.3729999999999999,-0.503,28386.245078812746,126.55880895841265,32.05517818267958,646018383.1786997,1024.0,2012
748,0.007184662241372251,579.833266684221,14.892743883948523,28498.047832074782,1.0240000486373901,-0.10000000000000003,-0.3729999999999999,-0.503,28387.15092187834,126.55880895841265,32.05517818267958,646018383.1786997,1024.0,2012
749,0.007165337234926699,579.833266684221,14.814022879848784,28498.047832074782,1.0240000486373901,-2.7755575615628914e-17,-0.3729999999999999,-0.503,28388.32019513244,126.55880895841265,32.05517818267958,646018383.1786997,1024.0,2012
750,0.006016952674585199,729.9668340323904,15.083142482119694,28498.047832074782,1.0240000486373901,-0.20000000000000004,-0.3729999999999999,-0.503,28384.29723850682,126.55880895841265,32.05517818267958,646018383.1786997,1024.0,2012
751,0.006144448568535525,729.9668340323904,15.049058381104782,28498.047832074782,1.0240000486373901,-0.10000000000000003,-0.3729999999999999,-0.503,28384.810752995832,126.55880895841265,32.05517818267958,646018383.1786997,1024.0,2012
752,0.006237161907420361,729.9668340323904,14.994770854226468,28498.047832074782,1.0240000486373901,-2.7755575615628914e-17,-0.3729999999999999,-0.503,28385.626255589403,126.55880895841265,32.05517818267958,646018383.1786997,1024.0,2012
753,0.005065738290391018,918.9737971303117,15.124001924998591,28498.047832074782,1.0240000486373901,-0.20000000000000004,-0.3729999999999999,-0.503,28383.680114961102,126.55880895841265,32.05517818267958,646018383.1786997,1024.0,2012
754,0.005270293881642444,918.9737971303117,15.121607254031503,28498.047832074782,1.0240000486373901,-0.10000000000000003,-0.3729999999999999,-0.503,28383.716329102193,126.55880895841265,32.05517818267958,646018383.1786997,1024.0,2012
755,0.00544631071824118,918.9737971303117,15.097309818930455,28498.047832074782,1.0240000486373901,-2.7755575615628914e-17,-0.3729999999999999,-0.503,28384.083450190396,126.55880895841265,32.05517818267958,646018383.1786997,1024.0,2012
756,0.00717530857917246,579.833266684221,15.066389451066405,28498.047832074782,1.0240000486373901,-0.20000000000000004,-0.3749999999999999,-0.502,28384.54978652918,126.76017078443208,32.07130541811431,646018383.1786997,1024.0,2012
757,0.007189147682032178,579.833266684221,15.003372438751011,28498.047832074782,1.0240000486373901,-0.10000000000000003,-0.3749999999999999,-0.502,28385.497239806846,126.76017078443208,32.07130541811431,646018383.1786997,1024.0,2012
758,0.007164683033953795,579.833266684221,14.921379156373913,28498.047832074782,1.0240000486373901,-2.7755575615628914e-17,-0.3749999999999999,-0.502,28386.724054110648,126.76017078443208,32.07130541811431,646018383.1786997,1024.0,2012
759,0.006030227152131526,729.9668340323904,15.193673599325026,28498.047832074782,1.0240000486373901,-0.20000000000000004,-0.3749999999999999,-0.502,28382.62397335337,126.76017078443208,32.07130541811431,646018383.1786997,1024.0,2012
760,0.006154237404652518,729.9668340323904,15.158310773571671,28498.047832074782,1.0240000486373901,-0.10000000000000003,-0.3749999999999999,-0.502,28383.160639320693,126.76017078443208,32.07130541811431,646018383.1786997,1024.0,2012
761,0.006242719846359706,729.9668340323904,15.10168407403865,28498.047832074782,1.0240000486373901,-2.7755575615628914e-17,-0.3749999999999999,-0.502,28384.017401138746,126.76017078443208,32.07130541811431,646018383.1786997,1024.0,2012
762,0.005080759206943352,918.9737971303117,15.231182005423195,28498.047832074782,1.0240000486373901,-0.20000000000000004,-0.3749999999999999,-0.502,28382.05337943362,126.76017078443208,32.07130541811431,646018383.1786997,1024.0,2012
763,0.0052829513188297345,918.9737971303117,15.228658994187725,28498.047832074782,1.0240000486373901,-0.10000000000000003,-0.3749999999999999,-0.502,28382.091804694155,126.76017078443208,32.07130541811431,646018383.1786997,1024.0,2012
764,0.0054557557918896455,918.9737971303117,15.203075639573834,28498.047832074782,1.0240000486373901,-2.7755575615628914e-17,-0.3749999999999999,-0.502,28382.48107762348,126.76017078443208,32.07130541811431,646018383.1786997,1024.0,2012
765,0.007073393287202102,579.833266684221,14.975304964806847,28498.047832074782,1.0240000486373901,-0.20000000000000004,-0.3739999999999999,-0.502,28385.9179526803,126.68684466000053,32.04669766644536,646018383.1786997,1024.0,2012
766,0.007082825868760304,579.833266684221,14.912230681871105,28498.047832074782,1.0240000486373901,-0.10000000000000003,-0.3739999999999999,-0.502,28386.860520120114,126.68684466000053,32.04669766644536,646018383.1786997,1024.0,2012
767,0.0070545288235623485,579.833266684221,14.830758159531939,28498.047832074782,1.0240000486373901,-2.7755575615628914e-17,-0.3739999999999999,-0.502,28388.07213828152,126.68684466000053,32.04669766644536,646018383.1786997,1024.0,2012
768,0.0059575777420720274,729.9668340323904,15.114426778635604,28498.047832074782,1.0240000486373901,-0.20000000000000004,-0.3739999999999999,-0.502,28383.824883651414,126.68684466000053,32.04669766644536,646018383.1786997,1024.0,2012
769,0.006075884436049552,729.9668340323904,15.077697334739373,28498.047832074782,1.0240000486373901,-0.10000000000000003,-0.3739999999999999,-0.502,28384.37935361578,126.68684466000053,32.04669766644536,646018383.1786997,1024.0,2012
770,0.006158868251389375,729.9668340323904,15.020187523296372,28498.047832074782,1.0240000486373901,-2.7755575615628914e-17,-0.3739999999999999,-0.502,28385.24481545729,126.68684466000053,32.04669766644536,646018383.1786997,1024.0,2012
771,0.005029351776530066,918.9737971303117,15.163816266457811,28498.047832074782,1.0240000486373901,-0.20000000000000004,-0.3739999999999999,-0.502,28383.077170193337,126.68684466000053,32.04669766644536,646018383.1786997,1024.0,2012
772,0.0052255671404795746,918.9737971303117,15.158951314624916,28498.047832074782,1.0240000486373901,-0.10000000000000003,-0.3739999999999999,-0.502,28383.1509295952,126.68684466000053,32.04669766644536,646018383.1786997,1024.0,2012
773,0.005392248362488011,918.9737971303117,15.131370614204814,28498.047832074782,1.0240000486373901,-2.7755575615628914e-17,-0.3739999999999999,-0.502,28383.568643742572,126.68684466000053,32.04669766644536,646018383.1786997,1024.0,2012
774,0.007132226937241188,579.833266684221,14.933508735234792,28498.047832074782,1.0240000486373901,-0.20000000000000004,-0.3729999999999999,-0.502,28386.542990502116,126.61337844095743,32.02211898453213,646018383.1786997,1024.0,2012
775,0.007147829065727141,579.833266684221,14.8739296993736,28498.047832074782,1.0240000486373901,-0.10000000000000003,-0.3729999999999999,-0.502,28387.43093972383,126.61337844095743,32.02211898453213,646018383.1786997,1024.0,2012
776,0.007125690864509568,579.833266684221,14.79629373926271,28498.047832074782,1.0240000486373901,-2.7755575615628914e-17,-0.3729999999999999,-0.502,28388.58267786551,126.61337844095743,32.02211898453213,646018383.1786997,1024.0,2012
777,0.005995421390432642,729.9668340323904,15.0665881105784,28498.047832074782,1.0240000486373901,-0.20000000000000004,-0.3729999999999999,-0.502,28384.54679342787,126.61337844095743,32.02211898453213,646018383.1786997,1024.0,2012
778,0.0061200003076309776,729.9668340323904,15.03331453538247,28498.047832074782,1.0240000486373901,-0.10000000000000003,-0.3729999999999999,-0.502,28385.04755911491,126.61337844095743,32.02211898453213,646018383.1786997,1024.0,2012
779,0.006209598422965572,729.9668340323904,14.979746514830197,28498.047832074782,1.0240000486373901,-2.7755575615628914e-17,-0.3729999999999999,-0.502,28385.8514292505,126.61337844095743,32.02211898453213,646018383.1786997,1024.0,2012
780,0.005052649860415609,918.9737971303117,15.111100225986524,28498.047832074782,1.0240000486373901,-0.20000000000000004,-0.3729999999999999,-0.502,28383.875157054877,126.61337844095743,32.02211898453213,646018383.1786997,1024.0,2012
781,0.005254593136365078,918.9737971303117,15.109358322065974,28498.047832074782,1.0240000486373901,-0.10000000000000003,-0.3729999999999999,-0.502,28383.90147762249,126.61337844095743,32.02211898453213,646018383.1786997,1024.0,2012
782,0.0054276421739619905,918.9737971303117,15.085555438650632,28498.047832074782,1.0240000486373901,-2.7755575615628914e-17,-0.3729999999999999,-0.502,28384.26084062848,126.61337844095743,32.02211898453213,646018383.1786997,1024.0,2012
783,0.007137314361197058,579.833266684221,14.905730393141345,28498.047832074782,1.0240000486373901,-0.20000000000000004,-0.3749999999999999,-0.501,28386.957432798274,126.81496402939455,32.03834436737034,646018383.1786997,1024.0,2012
784,0.007154159946785198,579.833266684221,14.844829908913601,28498.047832074782,1.0240000486373901,-0.10000000000000003,-0.3749999999999999,-0.501,28387.863344562495,126.81496402939455,32.03834436737034,646018383.1786997,1024.0,2012
785,0.00713319882761992,579.833266684221,14.765537471791358,28498.047832074782,1.0240000486373901,-2.7755575615628914e-17,-0.3749999999999999,-0.501,28389.037283659345,126.81496402939455,32.03834436737034,646018383.1786997,1024.0,2012
786,0.005995431780205835,729.9668340323904,15.036390415653367,28498.047832074782,1.0240000486373901,-0.20000000000000004,-0.3749999999999999,-0.501,28385.001313708806,126.81496402939455,32.03834436737034,646018383.1786997,1024.0,2012
787,0.006121178618478641,729.9668340323904,15.002032740648792,28498.047832074782,1.0240000486373901,-0.10000000000000003,-0.3749999999999999,-0.501,28385.517338899033,126.81496402939455,32.03834436737034,646018383.1786997,1024.0,2012
788,0.006212004709623039,729.9668340323904,14.947105495123319,28498.047832074782,1.0240000486373901,-2.7755575615628914e-17,-0.3749999999999999,-0.501,28386.33985073361,126.81496402939455,32.03834436737034,646018383.1786997,1024.0,2012
789,0.005049695802744514,918.9737971303117,15.07903259178715,28498.047832074782,1.0240000486373901,-0.20000000000000004,-0.3749999999999999,-0.501,28384.359220122693,126.81496402939455,32.03834436737034,646018383.1786997,1024.0,2012
790,0.005252528356370948,918.9737971303117,15.076264718402749,28498.047832074782,1.0240000486373901,-0.10000000000000003,-0.3749999999999999,-0.501,28384.400953145105,126.81496402939455,32.03834436737034,646018383.1786997,1024.0,2012
791,0.0054266183966450105,918.9737971303117,15.051228629225717,28498.047832074782,1.0240000486373901,-2.7755575615628914e-17,-0.3749999999999999,-0.501,28384.77809045017,126.81496402939455,32.03834436737034,646018383.1786997,1024.0,2012
792,0.007098887667651796,579.833266684221,14.864703813701768,28498.047832074782,1.0240000486373901,-0.20000000000000004,-0.3739999999999999,-0.501,28387.568122340243,126.741596370662,32.01368733076296,646018383.1786997,1024.0,2012
793,0.007114616155533468,579.833266684221,14.806349616207296,28498.047832074782,1.0240000486373901,-0.10000000000000003,-0.3739999999999999,-0.501,28388.4338375961,126.741596370662,32.01368733076296,646018383.1786997,1024.0,2012
794,0.007092915583369555,579.833266684221,14.730294077087319,28498.047832074782,1.0240000486373901,-2.7755575615628914e-17,-0.3739999999999999,-0.501,28389.557050276046,126.741596370662,32.01368733076296,646018383.1786997,1024.0,2012
795,0.005969948710783934,729.9668340323904,15.001349207259917,28498.047832074782,1.0240000486373901,-0.20000000000000004,-0.3739999999999999,-0.501,28385.527593055704,126.741596370662,32.01368733076296,646018383.1786997,1024.0,2012
796,0.006093916062469413,729.9668340323904,14.968594807063013,28498.047832074782,1.0240000486373901,-0.10000000000000003,-0.3739999999999999,-0.501,28386.018416825766,126.741596370662,32.01368733076296,646018383.1786997,1024.0,2012
797,0.006183156741942124,729.9668340323904,14.91591460532969,28498.047832074782,1.0240000486373901,-2.7755575615628914e-17,-0.3739999999999999,-0.501,28386.80557781804,126.741596370662,32.01368733076296,646018383.1786997,1024.0,2012
798,0.005033217436699031,918.9737971303117,15.05010964010992,28498.047832074782,1.0240000486373901,-0.20000000000000004,-0.3739999999999999,-0.501,28384.794931985118,126.741596370662,32.01368733076296,646018383.1786997,1024.0,2012
799,0.005234147452131721,918.9737971303117,15.04824013013558,28498.047832074782,1.0240000486373901,-0.10000000000000003,-0.3739999999999999,-0.501,28384.82306656767,126.741596370662,32.01368733076296,646018383.1786997,1024.0,2012
800,0.005406360365749564,918.9737971303117,15.02467076565022,28498.047832074782,1.0240000486373901,-2.7755575615628914e-17,-0.3739999999999999,-0.501,28385.17746626669,126.741596370662,32.01368733076296,646018383.1786997,1024.0,2012
801,0.007128346186928206,579.833266684221,14.85182285366472,28498.047832074782,1.0240000486373901,-0.20000000000000004,-0.3729999999999999,-0.501,28387.759511036464,126.66808817792955,31.98905935227623,646018383.1786997,1024.0,2012
802,0.007147316298192642,579.833266684221,14.794201703334865,28498.047832074782,1.0240000486373901,-0.10000000000000003,-0.3729999999999999,-0.501,28388.613630055304,126.66808817792955,31.98905935227623,646018383.1786997,1024.0,2012
803,0.007128895544536125,579.833266684221,14.719017705230376,28498.047832074782,1.0240000486373901,-2.7755575615628914e-17,-0.3729999999999999,-0.501,28389.72309097134,126.66808817792955,31.98905935227623,646018383.1786997,1024.0,2012
804,0.005987428340760222,729.9668340323904,14.984481163018955,28498.047832074782,1.0240000486373901,-0.20000000000000004,-0.3729999999999999,-0.501,28385.780494212348,126.66808817792955,31.98905935227623,646018383.1786997,1024.0,2012
805,0.006114646896982217,729.9668340323904,14.952603335458788,28498.047832074782,1.0240000486373901,-0.10000000000000003,-0.3729999999999999,-0.501,28386.257658820996,126.66808817792955,31.98905935227623,646018383.1786997,1024.0,2012
806,0.006207376586366419,729.9668340323904,14.901008804081862,28498.047832074782,1.0240000486373901,-2.7755575615628914e-17,-0.3729999999999999,-0.501,28387.02780038512,126.66808817792955,31.98905935227623,646018383.1786997,1024.0,2012
807,0.00504268142710065,918.9737971303117,15.029681860043304,28498.047832074782,1.0240000486373901,-0.20000000000000004,-0.3729999999999999,-0.501,28385.102163667725,126.66808817792955,31.98905935227623,646018383.1786997,1024.0,2012
808,0.005246482439642091,918.9737971303117,15.028639561761617,28498.047832074782,1.0240000486373901,-0.10000000000000003,-0.3729999999999999,-0.501,28385.11782853611,126.66808817792955,31.98905935227623,646018383.1786997,1024.0,2012
809,0.005421964680706689,918.9737971303117,15.006195495287093,28498.047832074782,1.0240000486373901,-2.7755575615628914e-17,-0.3729999999999999,-0.501,28385.454880453395,126.66808817792955,31.98905935227623,646018383.1786997,1024.0,2012
810,0.011229410852999064,290.605030894529,13.619828637758452,28498.04783212418,1.0240000486373901,-0.10000000000000003,-0.3679999999999999,-0.498,28405.297966063226,126.46276394631731,31.76643903554748,646018383.1786997,1024.0,2012
811,0.010018210372255532,290.605030894529,13.361744069185885,28498.04783212418,1.0240000486373901,0.09999999999999998,-0.3679999999999999,-0.498,28408.779729838967,126.46276394631731,31.76643903554748,646018383.1786997,1024.0,2012
812,0.008798708555878838,290.605030894529,13.050458159556696,28498.04783212418,1.0240000486373901,0.3,-0.3679999999999999,-0.498,28412.89060303701,126.46276394631731,31.76643903554748,646018383.1786997,1024.0,2012
813,0.008212161055760293,460.57793515969075,14.534362739863946,28498.04783212418,1.0240000486373901,-0.10000000000000003,-0.3679999999999999,-0.498,28392.423981997206,126.46276394631731,31.76643903554748,646018383.1786997,1024.0,2012
814,0.007810448900818441,460.57793515969075,14.27885439071673,28498.04783212418,1.0240000486373901,0.09999999999999998,-0.3679999999999999,-0.498,28396.104990768534,126.46276394631731,31.76643903554748,646018383.1786997,1024.0,2012
815,0.007268650669509399,460.57793515969075,13.94728143106208,28498.04783212418,1.0240000486373901,0.3,-0.3679999999999999,-0.498,28400.784502465554,126.46276394631731,31.76643903554748,646018383.1786997,1024.0,2012
816,0.006051166236394892,729.9668340323904,15.022865508015999,28498.04783212418,1.0240000486373901,-0.10000000000000003,-0.3679999999999999,-0.498,28385.20458808821,126.46276394631731,31.76643903554748,646018383.1786997,1024.0,2012
817,0.006159632264466756,729.9668340323904,14.839351711444356,28498.04783212418,1.0240000486373901,0.09999999999999998,-0.3679999999999999,-0.498,28387.944652516206,126.46276394631731,31.76643903554748,646018383.1786997,1024.0,2012
818,0.006090628109782181,729.9668340323904,14.550220494873578,28498.04783212418,1.0240000486373901,0.3,-0.3679999999999999,-0.498,28392.19337389946,126.46276394631731,31.76643903554748,646018383.1786997,1024.0,2012
819,0.011029070148037954,290.605030894529,13.422607620385222,28498.04783212418,1.0240000486373901,-0.10000000000000003,-0.3659999999999999,-0.498,28407.964634458767,126.31364541876334,31.717272783682116,646018383.1786997,1024.0,2012
820,0.0098346373860959,290.605030894529,13.162011581434381,28498.04783212418,1.0240000486373901,0.09999999999999998,-0.3659999999999999,-0.498,28411.428557689273,126.31364541876334,31.717272783682116,646018383.1786997,1024.0,2012
821,0.0086328909491707,290.605030894529,12.849912811363284,28498.04783212418,1.0240000486373901,0.3,-0.3659999999999999,-0.498,28415.48770249436,126.31364541876334,31.717272783682116,646018383.1786997,1024.0,2012
822,0.008089649546573208,460.57793515969075,14.36389118806651,28498.04783212418,1.0240000486373901,-0.10000000000000003,-0.3659999999999999,-0.498,28394.88714709287,126.31364541876334,31.717272783682116,646018383.1786997,1024.0,2012
823,0.007687711335064604,460.57793515969075,14.100287855501769,28498.04783212418,1.0240000486373901,0.09999999999999998,-0.3659999999999999,-0.498,28398.638773320174,126.31364541876334,31.717272783682116,646018383.1786997,1024.0,2012
824,0.0071484419362242285,460.57793515969075,13.762573799046802,28498.04783212418,1.0240000486373901,0.3,-0.3659999999999999,-0.498,28403.343613337074,126.31364541876334,31.717272783682116,646018383.1786997,1024.0,2012
825,0.00597617283812614,729.9668340323904,14.8792802560781,28498.04783212418,1.0240000486373901,-0.10000000000000003,-0.3659999999999999,-0.498,28387.35134165472,126.31364541876334,31.717272783682116,646018383.1786997,1024.0,2012
826,0.006076660551240949,729.9668340323904,14.682648087448207,28498.04783212418,1.0240000486373901,0.09999999999999998,-0.3659999999999999,-0.498,28390.257754694256,126.31364541876334,31.717272783682116,646018383.1786997,1024.0,2012
827,0.006001871654753577,729.9668340323904,14.382276452545444,28498.04783212418,1.0240000486373901,0.3,-0.3659999999999999,-0.498,28394.622894145457,126.31364541876334,31.717272783682116,646018383.1786997,1024.0,2012
828,0.011090024776849084,290.605030894529,13.44503991429045,28498.04783212418,1.0240000486373901,-0.10000000000000003,-0.3639999999999999,-0.498,28407.663282975747,126.16395424561979,31.668228740271722,646018383.1786997,1024.0,2012
829,0.009898999846871115,290.605030894529,13.193743640791517,28498.04783212418,1.0240000486373901,0.09999999999999998,-0.3639999999999999,-0.498,28411.010396494716,126.16395424561979,31.668228740271722,646018383.1786997,1024.0,2012
830,0.008700329839798565,290.605030894529,12.892974362066976,28498.04783212418,1.0240000486373901,0.3,-0.3639999999999999,-0.498,28414.93343817372,126.16395424561979,31.668228740271722,646018383.1786997,1024.0,2012
831,0.008125130667041628,460.57793515969075,14.3781560715715,28498.04783212418,1.0240000486373901,-0.10000000000000003,-0.3639999999999999,-0.498,28394.682146114945,126.16395424561979,31.668228740271722,646018383.1786997,1024.0,2012
832,0.007728266726715549,460.57793515969075,14.122946936343327,28498.04783212418,1.0240000486373901,0.09999999999999998,-0.3639999999999999,-0.498,28398.319017040794,126.16395424561979,31.668228740271722,646018383.1786997,1024.0,2012
833,0.007194418384361644,460.57793515969075,13.796025861363036,28498.04783212418,1.0240000486373901,0.3,-0.3639999999999999,-0.498,28402.88266734048,126.16395424561979,31.668228740271722,646018383.1786997,1024.0,2012
834,0.005996920762196838,729.9668340323904,14.887674542262507,28498.04783212418,1.0240000486373901,-0.10000000000000003,-0.3639999999999999,-0.498,28387.226405486013,126.16395424561979,31.668228740271722,646018383.1786997,1024.0,2012
835,0.006102869475681607,729.9668340323904,14.698738932579648,28498.04783212418,1.0240000486373901,0.09999999999999998,-0.3639999999999999,-0.498,28390.021369020113,126.16395424561979,31.668228740271722,646018383.1786997,1024.0,2012
836,0.006034411692837726,729.9668340323904,14.40870525406883,28498.04783212418,1.0240000486373901,0.3,-0.3639999999999999,-0.498,28394.242438574864,126.16395424561979,31.668228740271722,646018383.1786997,1024.0,2012
837,0.011453525140326545,290.605030894529,13.920253937416675,28498.04783212418,1.0240000486373901,-0.10000000000000003,-0.3679999999999999,-0.496,28401.161097283097,126.57303097851931,31.69982174896896,646018383.1786997,1024.0,2012
838,0.010234834822077935,290.605030894529,13.676490011325074,28498.04783212418,1.0240000486373901,0.09999999999999998,-0.3679999999999999,-0.496,28404.52464260924,126.57303097851931,31.69982174896896,646018383.1786997,1024.0,2012
839,0.009006752173207386,290.605030894529,13.382303907700216,28498.04783212418,1.0240000486373901,0.3,-0.3679999999999999,-0.496,28408.504803185155,126.57303097851931,31.69982174896896,646018383.1786997,1024.0,2012
840,0.008347213063812439,460.57793515969075,14.79992591585121,28498.04783212418,1.0240000486373901,-0.10000000000000003,-0.3679999999999999,-0.496,28388.528928566837,126.57303097851931,31.69982174896896,646018383.1786997,1024.0,2012
841,0.007951098798940535,460.57793515969075,14.562068203894787,28498.04783212418,1.0240000486373901,0.09999999999999998,-0.3679999999999999,-0.496,28392.020916936737,126.57303097851931,31.69982174896896,646018383.1786997,1024.0,2012
842,0.007414008382987158,460.57793515969075,14.251157970835704,28498.04783212418,1.0240000486373901,0.3,-0.3679999999999999,-0.496,28396.500080369322,126.57303097851931,31.69982174896896,646018383.1786997,1024.0,2012
843,0.006136766691038411,729.9668340323904,15.253206869862556,28498.04783212418,1.0240000486373901,-0.10000000000000003,-0.3679999999999999,-0.496,28381.717672216768,126.57303097851931,31.69982174896896,646018383.1786997,1024.0,2012
844,0.006255556874187698,729.9668340323904,15.091051713499951,28498.04783212418,1.0240000486373901,0.09999999999999998,-0.3679999999999999,-0.496,28384.177911214414,126.57303097851931,31.69982174896896,646018383.1786997,1024.0,2012
845,0.006196978088829168,729.9668340323904,14.826504730598694,28498.04783212418,1.0240000486373901,0.3,-0.3679999999999999,-0.496,28388.135210860946,126.57303097851931,31.69982174896896,646018383.1786997,1024.0,2012
846,0.01125867616332573,290.605030894529,13.64531469462487,28498.04783212418,1.0240000486373901,-0.10000000000000003,-0.3659999999999999,-0.496,28404.950525566506,126.42373576585595,31.650456317597374,646018383.1786997,1024.0,2012
847,0.01005978343029428,290.605030894529,13.406371466666549,28498.04783212418,1.0240000486373901,0.09999999999999998,-0.3659999999999999,-0.496,28408.182434173053,126.42373576585595,31.650456317597374,646018383.1786997,1024.0,2012
848,0.00885135132834985,290.605030894529,13.11887187970847,28498.04783212418,1.0240000486373901,0.3,-0.3659999999999999,-0.496,28411.995432426076,126.42373576585595,31.650456317597374,646018383.1786997,1024.0,2012
849,0.008225052853363642,460.57793515969075,14.550365511710583,28498.04783212418,1.0240000486373901,-0.10000000000000003,-0.3659999999999999,-0.496,28392.19126386199,126.42373576585595,31.650456317597374,646018383.1786997,1024.0,2012
850,0.007832328389054295,460.57793515969075,14.31052660176924,28498.04783212418,1.0240000486373901,0.09999999999999998,-0.3659999999999999,-0.496,28395.652246314206,126.42373576585595,31.650456317597374,646018383.1786997,1024.0,2012
851,0.007300629212652647,460.57793515969075,14.00021124297953,28498.04783212418,1.0240000486373901,0.3,-0.3659999999999999,-0.496,28400.044874700154,126.42373576585595,31.650456317597374,646018383.1786997,1024.0,2012
852,0.006059053983896393,729.9668340323904,15.033758431982205,28498.04783212418,1.0240000486373901,-0.10000000000000003,-0.3659999999999999,-0.496,28385.04088582858,126.42373576585595,31.650456317597374,646018383.1786997,1024.0,2012
853,0.006173245996171216,729.9668340323904,14.862737889016447,28498.04783212418,1.0240000486373901,0.09999999999999998,-0.3659999999999999,-0.496,28387.597343345376,126.42373576585595,31.650456317597374,646018383.1786997,1024.0,2012
854,0.0061121774918302925,729.9668340323904,14.592404836780085,28498.04783212418,1.0240000486373901,0.3,-0.3659999999999999,-0.496,28391.578692663938,126.42373576585595,31.650456317597374,646018383.1786997,1024.0,2012
855,0.011077335655112574,290.605030894529,13.485378057028852,28498.04783212418,1.0240000486373901,-0.10000000000000003,-0.3639999999999999,-0.496,28407.12012145368,126.27386422370128,31.601213020872198,646018383.1786997,1024.0,2012
856,0.009898583227664046,290.605030894529,13.255745328678312,28498.04783212418,1.0240000486373901,0.09999999999999998,-0.3639999999999999,-0.496,28410.19044001479,126.27386422370128,31.601213020872198,646018383.1786997,1024.0,2012
857,0.00871097630449921,290.605030894529,12.979148105729559,28498.04783212418,1.0240000486373901,0.3,-0.3639999999999999,-0.496,28413.818689348947,126.27386422370128,31.601213020872198,646018383.1786997,1024.0,2012
858,0.008112876504334027,460.57793515969075,14.397804787281846,28498.04783212418,1.0240000486373901,-0.10000000000000003,-0.3639999999999999,-0.496,28394.39944077784,126.27386422370128,31.601213020872198,646018383.1786997,1024.0,2012
859,0.0077225274929477875,460.57793515969075,14.161958733805296,28498.04783212418,1.0240000486373901,0.09999999999999998,-0.3639999999999999,-0.496,28397.767294535177,126.27386422370128,31.601213020872198,646018383.1786997,1024.0,2012
860,0.007196011191893412,460.57793515969075,13.85805142386487,28498.04783212418,1.0240000486373901,0.3,-0.3639999999999999,-0.496,28402.025037490937,126.27386422370128,31.601213020872198,646018383.1786997,1024.0,2012
861,0.00599065392538615,729.9668340323904,14.898542929291617,28498.04783212418,1.0240000486373901,-0.10000000000000003,-0.3639999999999999,-0.496,28387.064541416206,126.27386422370128,31.601213020872198,646018383.1786997,1024.0,2012
862,0.006099283225829199,729.9668340323904,14.725918193645645,28498.04783212418,1.0240000486373901,0.09999999999999998,-0.3639999999999999,-0.496,28389.621498801207,126.27386422370128,31.601213020872198,646018383.1786997,1024.0,2012
863,0.006034842235156799,729.9668340323904,14.456734326615969,28498.04783212418,1.0240000486373901,0.3,-0.3639999999999999,-0.496,28393.549248429,126.27386422370128,31.601213020872198,646018383.1786997,1024.0,2012
864,0.011281439229264107,290.605030894529,13.616847389466544,28498.04783212418,1.0240000486373901,-0.10000000000000003,-0.3679999999999999,-0.494,28405.338565710168,126.68387304133648,31.633204157203828,646018383.1786997,1024.0,2012
865,0.010082262040793299,290.605030894529,13.384513787451313,28498.04783212418,1.0240000486373901,0.09999999999999998,-0.3679999999999999,-0.494,28408.475227460942,126.68387304133648,31.633204157203828,646018383.1786997,1024.0,2012
866,0.008873907505122956,290.605030894529,13.103550076488531,28498.04783212418,1.0240000486373901,0.3,-0.3679999999999999,-0.494,28412.196319820658,126.68387304133648,31.633204157203828,646018383.1786997,1024.0,2012
867,0.00823608584969006,460.57793515969075,14.50216488025661,28498.04783212418,1.0240000486373901,-0.10000000000000003,-0.3679999999999999,-0.494,28392.891439017105,126.68387304133648,31.633204157203828,646018383.1786997,1024.0,2012
868,0.007844868248393122,460.57793515969075,14.270766069421416,28498.04783212418,1.0240000486373901,0.09999999999999998,-0.3679999999999999,-0.494,28396.220450020104,126.68387304133648,31.633204157203828,646018383.1786997,1024.0,2012
869,0.007314571463032042,460.57793515969075,13.968850570307886,28498.04783212418,1.0240000486373901,0.3,-0.3679999999999999,-0.494,28400.483438996383,126.68387304133648,31.633204157203828,646018383.1786997,1024.0,2012
870,0.006063382249610921,729.9668340323904,14.977204464628809,28498.04783212418,1.0240000486373901,-0.10000000000000003,-0.3679999999999999,-0.494,28385.88950533653,126.68387304133648,31.633204157203828,646018383.1786997,1024.0,2012
871,0.006180200418780991,729.9668340323904,14.814769232664919,28498.04783212418,1.0240000486373901,0.09999999999999998,-0.3679999999999999,-0.494,28388.30913841562,126.68387304133648,31.633204157203828,646018383.1786997,1024.0,2012
872,0.0061214969812833486,729.9668340323904,14.553170665383034,28498.04783212418,1.0240000486373901,0.3,-0.3679999999999999,-0.494,28392.150443916296,126.68387304133648,31.633204157203828,646018383.1786997,1024.0,2012
873,0.010787885746317125,290.605030894529,13.083636757378747,28498.04783212418,1.0240000486373901,-0.10000000000000003,-0.3659999999999999,-0.494,28412.457056724663,126.53440244601839,31.583638771981438,646018383.1786997,1024.0,2012
874,0.009625681553869019,290.605030894529,12.844417426701927,28498.04783212418,1.0240000486373901,0.09999999999999998,-0.3659999999999999,-0.494,28415.558302608497,126.53440244601839,31.583638771981438,646018383.1786997,1024.0,2012
875,0.008457096159517008,290.605030894529,12.55856734304049,28498.04783212418,1.0240000486373901,0.3,-0.3659999999999999,-0.494,28419.189025269337,126.53440244601839,31.583638771981438,646018383.1786997,1024.0,2012
876,0.007938922148501684,460.57793515969075,14.034844189639395,28498.04783212418,1.0240000486373901,-0.10000000000000003,-0.3659999999999999,-0.494,28399.55940641045,126.53440244601839,31.583638771981438,646018383.1786997,1024.0,2012
877,0.007544266620921132,460.57793515969075,13.783149128310551,28498.04783212418,1.0240000486373901,0.09999999999999998,-0.3659999999999999,-0.494,28403.060232177555,126.53440244601839,31.583638771981438,646018383.1786997,1024.0,2012
878,0.007016530446290697,460.57793515969075,13.463536759838348,28498.04783212418,1.0240000486373901,0.3,-0.3659999999999999,-0.494,28407.41442108242,126.53440244601839,31.583638771981438,646018383.1786997,1024.0,2012
879,0.0058827663675859255,729.9668340323904,14.580531666324513,28498.04783212418,1.0240000486373901,-0.10000000000000003,-0.3659999999999999,-0.494,28391.751880287833,126.53440244601839,31.583638771981438,646018383.1786997,1024.0,2012
880,0.005979062318743513,729.9668340323904,14.385223168075699,28498.04783212418,1.0240000486373901,0.09999999999999998,-0.3659999999999999,-0.494,28394.580509326508,126.53440244601839,31.583638771981438,646018383.1786997,1024.0,2012
881,0.0059038763275059926,729.9668340323904,14.093153539031341,28498.04783212418,1.0240000486373901,0.3,-0.3659999999999999,-0.494,28398.739343786823,126.53440244601839,31.583638771981438,646018383.1786997,1024.0,2012
882,0.010669844674773252,290.605030894529,12.897816952814123,28498.04783212418,1.0240000486373901,-0.10000000000000003,-0.3639999999999999,-0.494,28414.87099105003,126.3843518158359,31.53419544180542,646018383.1786997,1024.0,2012
883,0.009532603803168935,290.605030894529,12.676288423740957,28498.04783212418,1.0240000486373901,0.09999999999999998,-0.3639999999999999,-0.494,28417.703688023244,126.3843518158359,31.53419544180542,646018383.1786997,1024.0,2012
884,0.00838779449876736,290.605030894529,12.411291515242983,28498.04783212418,1.0240000486373901,0.3,-0.3639999999999999,-0.494,28421.027753586008,126.3843518158359,31.53419544180542,646018383.1786997,1024.0,2012
885,0.007856708973321632,460.57793515969075,13.850788406205044,28498.04783212418,1.0240000486373901,-0.10000000000000003,-0.3639999999999999,-0.494,28402.125662387447,126.3843518158359,31.53419544180542,646018383.1786997,1024.0,2012
886,0.007472638576490135,460.57793515969075,13.610745652903798,28498.04783212418,1.0240000486373901,0.09999999999999998,-0.3639999999999999,-0.494,28405.42163351016,126.3843518158359,31.53419544180542,646018383.1786997,1024.0,2012
887,0.006957778094435539,460.57793515969075,13.307324144691972,28498.04783212418,1.0240000486373901,0.3,-0.3639999999999999,-0.494,28409.505394178228,126.3843518158359,31.53419544180542,646018383.1786997,1024.0,2012
888,0.005827523596022266,729.9668340323904,14.410564322768632,28498.04783212418,1.0240000486373901,-0.10000000000000003,-0.3639999999999999,-0.494,28394.215650073853,126.3843518158359,31.53419544180542,646018383.1786997,1024.0,2012
889,0.005925949653796856,729.9668340323904,14.21997988007245,28498.04783212418,1.0240000486373901,0.09999999999999998,-0.3639999999999999,-0.494,28396.943918229346,126.3843518158359,31.53419544180542,646018383.1786997,1024.0,2012
890,0.005856176925883426,729.9668340323904,13.938220880951546,28498.04783212418,1.0240000486373901,0.3,-0.3639999999999999,-0.494,28400.910831461082,126.3843518158359,31.53419544180542,646018383.1786997,1024.0,2012
891,0.007291952650465499,579.833266684221,15.228612828020399,28498.04783212418,1.0240000486373901,-0.20000000000000004,-0.3689999999999999,-0.497,28382.092507791305,126.59221429730133,31.75780870467225,646018383.1786997,1024.0,2012
892,0.007308790579298552,579.833266684221,15.162384152446245,28498.04783212418,1.0240000486373901,-0.10000000000000003,-0.3689999999999999,-0.497,28383.098885531002,126.59221429730133,31.75780870467225,646018383.1786997,1024.0,2012
893,0.007287206917472606,579.833266684221,15.077649253934652,28498.04783212418,1.0240000486373901,-2.7755575615628914e-17,-0.3689999999999999,-0.497,28384.38007861184,126.59221429730133,31.75780870467225,646018383.1786997,1024.0,2012
894,0.006119006784782509,729.9668340323904,15.352234009020938,28498.04783212418,1.0240000486373901,-0.20000000000000004,-0.3689999999999999,-0.497,28380.20228759031,126.59221429730133,31.75780870467225,646018383.1786997,1024.0,2012
895,0.006247473541066926,729.9668340323904,15.314531671131794,28498.04783212418,1.0240000486373901,-0.10000000000000003,-0.3689999999999999,-0.497,28380.78039197113,126.59221429730133,31.75780870467225,646018383.1786997,1024.0,2012
896,0.006340479255106626,729.9668340323904,15.25595986110838,28498.04783212418,1.0240000486373901,-2.7755575615628914e-17,-0.3689999999999999,-0.497,28381.675676482304,126.59221429730133,31.75780870467225,646018383.1786997,1024.0,2012
897,0.005148206722280163,918.9737971303117,15.382991114064009,28498.04783212418,1.0240000486373901,-0.20000000000000004,-0.3689999999999999,-0.497,28379.729624316493,126.59221429730133,31.75780870467225,646018383.1786997,1024.0,2012
898,0.005355462533686967,918.9737971303117,15.37906263154523,28498.04783212418,1.0240000486373901,-0.10000000000000003,-0.3689999999999999,-0.497,28379.790048411684,126.59221429730133,31.75780870467225,646018383.1786997,1024.0,2012
899,0.005533597307984928,918.9737971303117,15.352421212525103,28498.04783212418,1.0240000486373901,-2.7755575615628914e-17,-0.3689999999999999,-0.497,28380.199413580784,126.59221429730133,31.75780870467225,646018383.1786997,1024.0,2012
900,0.007239835467542637,579.833266684221,15.210671546774936,28498.04783212418,1.0240000486373901,-0.20000000000000004,-0.3679999999999999,-0.497,28382.365567672245,126.51782581237613,31.733130500877742,646018383.1786997,1024.0,2012
901,0.007251709846956591,579.833266684221,15.139804139472368,28498.04783212418,1.0240000486373901,-0.10000000000000003,-0.3679999999999999,-0.497,28383.440997433387,126.51782581237613,31.733130500877742,646018383.1786997,1024.0,2012
902,0.007225166029740956,579.833266684221,15.050211595981034,28498.04783212418,1.0240000486373901,-2.7755575615628914e-17,-0.3679999999999999,-0.497,28384.793397582278,126.51782581237613,31.733130500877742,646018383.1786997,1024.0,2012
903,0.0060842573966570284,729.9668340323904,15.34357091685423,28498.04783212418,1.0240000486373901,-0.20000000000000004,-0.3679999999999999,-0.497,28380.33524788391,126.51782581237613,31.733130500877742,646018383.1786997,1024.0,2012
904,0.006207678323883266,729.9668340323904,15.301011163129338,28498.04783212418,1.0240000486373901,-0.10000000000000003,-0.3679999999999999,-0.497,28380.987360817075,126.51782581237613,31.733130500877742,646018383.1786997,1024.0,2012
905,0.0062953848065268134,729.9668340323904,15.237245472298376,28498.04783212418,1.0240000486373901,-2.7755575615628914e-17,-0.3679999999999999,-0.497,28381.96100733264,126.51782581237613,31.733130500877742,646018383.1786997,1024.0,2012
906,0.005125491076483544,918.9737971303117,15.382181707170846,28498.04783212418,1.0240000486373901,-0.20000000000000004,-0.3679999999999999,-0.497,28379.74207508797,126.51782581237613,31.733130500877742,646018383.1786997,1024.0,2012
907,0.005328088408662179,918.9737971303117,15.3734249525303,28498.04783212418,1.0240000486373901,-0.10000000000000003,-0.3679999999999999,-0.497,28379.87673473864,126.51782581237613,31.733130500877742,646018383.1786997,1024.0,2012
908,0.00550109800485681,918.9737971303117,15.341483953113544,28498.04783212418,1.0240000486373901,-2.7755575615628914e-17,-0.3679999999999999,-0.497,28380.36726718236,126.51782581237613,31.733130500877742,646018383.1786997,1024.0,2012
909,0.007246824404960325,579.833266684221,15.176832977610799,28498.04783212418,1.0240000486373901,-0.20000000000000004,-0.3669999999999999,-0.497,28382.87970250903,126.44329402758517,31.70848245366406,646018383.1786997,1024.0,2012
910,0.00726159775232524,579.833266684221,15.107104729832905,28498.04783212418,1.0240000486373901,-0.10000000000000003,-0.3669999999999999,-0.497,28383.93552546511,126.44329402758517,31.70848245366406,646018383.1786997,1024.0,2012
911,0.0072381315269018425,579.833266684221,15.01895388705203,28498.04783212418,1.0240000486373901,-2.7755575615628914e-17,-0.3669999999999999,-0.497,28385.26334419348,126.44329402758517,31.70848245366406,646018383.1786997,1024.0,2012
912,0.006084793073629269,729.9668340323904,15.307178625624257,28498.04783212418,1.0240000486373901,-0.20000000000000004,-0.3669999999999999,-0.497,28380.892973385795,126.44329402758517,31.70848245366406,646018383.1786997,1024.0,2012
913,0.006210669407435561,729.9668340323904,15.265563629255519,28498.04783212418,1.0240000486373901,-0.10000000000000003,-0.3669999999999999,-0.497,28381.529115664754,126.44329402758517,31.70848245366406,646018383.1786997,1024.0,2012
914,0.0063011755449942156,729.9668340323904,15.203130421132023,28498.04783212418,1.0240000486373901,-2.7755575615628914e-17,-0.3669999999999999,-0.497,28382.480244823204,126.44329402758517,31.70848245366406,646018383.1786997,1024.0,2012
915,0.005122301141027993,918.9737971303117,15.343929997738046,28498.04783212418,1.0240000486373901,-0.20000000000000004,-0.3669999999999999,-0.497,28380.329738236436,126.44329402758517,31.70848245366406,646018383.1786997,1024.0,2012
916,0.005326747177494555,918.9737971303117,15.335773158564905,28498.04783212418,1.0240000486373901,-0.10000000000000003,-0.3669999999999999,-0.497,28380.4548629387,126.44329402758517,31.70848245366406,646018383.1786997,1024.0,2012
917,0.005502057149358507,918.9737971303117,15.3049062981277,28498.04783212418,1.0240000486373901,-2.7755575615628914e-17,-0.3669999999999999,-0.497,28380.927753726945,126.44329402758517,31.70848245366406,646018383.1786997,1024.0,2012
918,0.007262726770801665,579.833266684221,15.25306746341771,28498.04783212418,1.0240000486373901,-0.20000000000000004,-0.3689999999999999,-0.496,28381.719798602393,126.64746286745799,31.72454978061923,646018383.1786997,1024.0,2012
919,0.007275491345898614,579.833266684221,15.185305957333465,28498.04783212418,1.0240000486373901,-0.10000000000000003,-0.3689999999999999,-0.496,28382.751073615265,126.64746286745799,31.72454978061923,646018383.1786997,1024.0,2012
920,0.007250025083589169,579.833266684221,15.099272713316083,28498.04783212418,1.0240000486373901,-2.7755575615628914e-17,-0.3689999999999999,-0.496,28384.053813888633,126.64746286745799,31.72454978061923,646018383.1786997,1024.0,2012
921,0.006104301373365847,729.9668340323904,15.383234839947177,28498.04783212418,1.0240000486373901,-0.20000000000000004,-0.3689999999999999,-0.496,28379.725875053697,126.64746286745799,31.72454978061923,646018383.1786997,1024.0,2012
922,0.006228648129265912,729.9668340323904,15.343645622355252,28498.04783212418,1.0240000486373901,-0.10000000000000003,-0.3689999999999999,-0.496,28380.33410163197,126.64746286745799,31.72454978061923,646018383.1786997,1024.0,2012
923,0.006317415038802397,729.9668340323904,15.283279379723558,28498.04783212418,1.0240000486373901,-2.7755575615628914e-17,-0.3689999999999999,-0.496,28381.258517824837,126.64746286745799,31.72454978061923,646018383.1786997,1024.0,2012
924,0.005142969537539149,918.9737971303117,15.419586297616698,28498.04783212418,1.0240000486373901,-0.20000000000000004,-0.3689999999999999,-0.496,28379.166011329355,126.64746286745799,31.72454978061923,646018383.1786997,1024.0,2012
925,0.005346611245853799,918.9737971303117,15.413743962109784,28498.04783212418,1.0240000486373901,-0.10000000000000003,-0.3689999999999999,-0.496,28379.25608065944,126.64746286745799,31.72454978061923,646018383.1786997,1024.0,2012
926,0.005520756848828471,918.9737971303117,15.385110088516388,28498.04783212418,1.0240000486373901,-2.7755575615628914e-17,-0.3689999999999999,-0.496,28379.697025906295,126.64746286745799,31.72454978061923,646018383.1786997,1024.0,2012
927,0.007145356312941077,579.833266684221,15.152988489813302,28498.04783212418,1.0240000486373901,-0.20000000000000004,-0.3679999999999999,-0.496,28383.24130203797,126.57303097851931,31.69982174896896,646018383.1786997,1024.0,2012
928,0.007149868180594773,579.833266684221,15.077327488043425,28498.04783212418,1.0240000486373901,-0.10000000000000003,-0.3679999999999999,-0.496,28384.384930033324,126.57303097851931,31.69982174896896,646018383.1786997,1024.0,2012
929,0.0071164584858470084,579.833266684221,14.98332699772827,28498.04783212418,1.0240000486373901,-2.7755575615628914e-17,-0.3679999999999999,-0.496,28385.797788163753,126.57303097851931,31.69982174896896,646018383.1786997,1024.0,2012
930,0.0060214308450140235,729.9668340323904,15.301573056472673,28498.04783212418,1.0240000486373901,-0.20000000000000004,-0.3679999999999999,-0.496,28380.978763122894,126.57303097851931,31.69982174896896,646018383.1786997,1024.0,2012
931,0.006136766691038411,729.9668340323904,15.253206869862556,28498.04783212418,1.0240000486373901,-0.10000000000000003,-0.3679999999999999,-0.496,28381.717672216768,126.57303097851931,31.69982174896896,646018383.1786997,1024.0,2012
932,0.006216365768445778,729.9668340323904,15.1838078563397,28498.04783212418,1.0240000486373901,-2.7755575615628914e-17,-0.3679999999999999,-0.496,28382.773821615057,126.57303097851931,31.69982174896896,646018383.1786997,1024.0,2012
933,0.005084773169323348,918.9737971303117,15.354463974865721,28498.04783212418,1.0240000486373901,-0.20000000000000004,-0.3679999999999999,-0.496,28380.168050146454,126.57303097851931,31.69982174896896,646018383.1786997,1024.0,2012
934,0.005279635870833992,918.9737971303117,15.339370488019556,28498.04783212418,1.0240000486373901,-0.10000000000000003,-0.3679999999999999,-0.496,28380.399688639816,126.57303097851931,31.69982174896896,646018383.1786997,1024.0,2012
935,0.005444432350037522,918.9737971303117,15.30100645091048,28498.04783212418,1.0240000486373901,-2.7755575615628914e-17,-0.3679999999999999,-0.496,28380.987432918777,126.57303097851931,31.69982174896896,646018383.1786997,1024.0,2012
936,0.007206613457006129,579.833266684221,15.183473727301442,28498.04783212418,1.0240000486373901,-0.20000000000000004,-0.3669999999999999,-0.496,28382.778894910352,126.49845533247321,31.675123863467974,646018383.1786997,1024.0,2012
937,0.007216776193021902,579.833266684221,15.11171212519603,28498.04783212418,1.0240000486373901,-0.10000000000000003,-0.3669999999999999,-0.496,28383.86591044678,126.49845533247321,31.675123863467974,646018383.1786997,1024.0,2012
938,0.007188900856901158,579.833266684221,15.021745139495957,28498.04783212418,1.0240000486373901,-2.7755575615628914e-17,-0.3669999999999999,-0.496,28385.221418606194,126.49845533247321,31.675123863467974,646018383.1786997,1024.0,2012
939,0.006061686754697884,729.9668340323904,15.321601194473589,28498.04783212418,1.0240000486373901,-0.20000000000000004,-0.3669999999999999,-0.496,28380.67210054293,126.49845533247321,31.675123863467974,646018383.1786997,1024.0,2012
940,0.006182825797735223,729.9668340323904,15.27753334012373,28498.04783212418,1.0240000486373901,-0.10000000000000003,-0.3669999999999999,-0.496,28381.346319644883,126.49845533247321,31.675123863467974,646018383.1786997,1024.0,2012
941,0.006268461965337412,729.9668340323904,15.212717860675212,28498.04783212418,1.0240000486373901,-2.7755575615628914e-17,-0.3669999999999999,-0.496,28382.334439769926,126.49845533247321,31.675123863467974,646018383.1786997,1024.0,2012
942,0.005110616525382279,918.9737971303117,15.365140467670482,28498.04783212418,1.0240000486373901,-0.20000000000000004,-0.3669999999999999,-0.496,28380.004061328556,126.49845533247321,31.675123863467974,646018383.1786997,1024.0,2012
943,0.005310810744305498,918.9737971303117,15.354441533756948,28498.04783212418,1.0240000486373901,-0.10000000000000003,-0.3669999999999999,-0.496,28380.1683947174,126.49845533247321,31.675123863467974,646018383.1786997,1024.0,2012
944,0.005481457530400943,918.9737971303117,15.320928537406648,28498.04783212418,1.0240000486373901,-2.7755575615628914e-17,-0.3669999999999999,-0.496,28380.68240650002,126.49845533247321,31.675123863467974,646018383.1786997,1024.0,2012
945,0.007275279105302519,579.833266684221,15.203594463648136,28498.04783212418,1.0240000486373901,-0.20000000000000004,-0.3689999999999999,-0.495,28382.473189816643,126.70285503016314,31.69129087633857,646018383.1786997,1024.0,2012
946,0.007291360917504967,579.833266684221,15.13889350736884,28498.04783212418,1.0240000486373901,-0.10000000000000003,-0.3689999999999999,-0.495,28383.45478381045,126.70285503016314,31.69129087633857,646018383.1786997,1024.0,2012
947,0.007269209382571988,579.833266684221,15.05602497101507,28498.04783212418,1.0240000486373901,-2.7755575615628914e-17,-0.3689999999999999,-0.495,28384.705888160264,126.70285503016314,31.69129087633857,646018383.1786997,1024.0,2012
948,0.006107917680571715,729.9668340323904,15.328415243568129,28498.04783212418,1.0240000486373901,-0.20000000000000004,-0.3689999999999999,-0.495,28380.567675184553,126.70285503016314,31.69129087633857,646018383.1786997,1024.0,2012
949,0.006235368629366013,729.9668340323904,15.291847064504099,28498.04783212418,1.0240000486373901,-0.10000000000000003,-0.3689999999999999,-0.495,28381.127538802088,126.70285503016314,31.69129087633857,646018383.1786997,1024.0,2012
950,0.006327444698329291,729.9668340323904,15.234730471073687,28498.04783212418,1.0240000486373901,-2.7755575615628914e-17,-0.3689999999999999,-0.495,28381.99932586105,126.70285503016314,31.69129087633857,646018383.1786997,1024.0,2012
951,0.005141047567637278,918.9737971303117,15.36092089173963,28498.04783212418,1.0240000486373901,-0.20000000000000004,-0.3689999999999999,-0.495,28380.068886803037,126.70285503016314,31.69129087633857,646018383.1786997,1024.0,2012
952,0.00534727070041491,918.9737971303117,15.35779497146039,28498.04783212418,1.0240000486373901,-0.10000000000000003,-0.3689999999999999,-0.495,28380.116898931472,126.70285503016314,31.69129087633857,646018383.1786997,1024.0,2012
953,0.005524368170472526,918.9737971303117,15.332249345867831,28498.04783212418,1.0240000486373901,-2.7755575615628914e-17,-0.3689999999999999,-0.495,28380.508897122247,126.70285503016314,31.69129087633857,646018383.1786997,1024.0,2012
954,0.007217911194118756,579.833266684221,15.166812169936422,28498.04783212418,1.0240000486373901,-0.20000000000000004,-0.3679999999999999,-0.495,28383.031736425113,126.62837990198851,31.666512920583138,646018383.1786997,1024.0,2012
955,0.007228798123095599,579.833266684221,15.097239598718083,28498.04783212418,1.0240000486373901,-0.10000000000000003,-0.3679999999999999,-0.495,28384.08451037363,126.62837990198851,31.666512920583138,646018383.1786997,1024.0,2012
956,0.007201473334791311,579.833266684221,15.009341196265932,28498.04783212418,1.0240000486373901,-2.7755575615628914e-17,-0.3679999999999999,-0.495,28385.407670551216,126.62837990198851,31.666512920583138,646018383.1786997,1024.0,2012
957,0.006069031832445233,729.9668340323904,15.302063600344997,28498.04783212418,1.0240000486373901,-0.20000000000000004,-0.3679999999999999,-0.495,28380.971256909677,126.62837990198851,31.666512920583138,646018383.1786997,1024.0,2012
958,0.0061911934289043905,729.9668340323904,15.26032816137579,28498.04783212418,1.0240000486373901,-0.10000000000000003,-0.3679999999999999,-0.495,28381.60902432774,126.62837990198851,31.666512920583138,646018383.1786997,1024.0,2012
959,0.006277731840045687,729.9668340323904,15.197761005698695,28498.04783212418,1.0240000486373901,-2.7755575615628914e-17,-0.3679999999999999,-0.495,28382.56186233101,126.62837990198851,31.666512920583138,646018383.1786997,1024.0,2012
960,0.0051149963099998905,918.9737971303117,15.343502738714406,28498.04783212418,1.0240000486373901,-0.20000000000000004,-0.3679999999999999,-0.495,28380.33629397771,126.62837990198851,31.666512920583138,646018383.1786997,1024.0,2012
961,0.005316317740645932,918.9737971303117,15.335165268337425,28498.04783212418,1.0240000486373901,-0.10000000000000003,-0.3679999999999999,-0.495,28380.464185220568,126.62837990198851,31.666512920583138,646018383.1786997,1024.0,2012
962,0.005488043663201486,918.9737971303117,15.30398574875297,28498.04783212418,1.0240000486373901,-2.7755575615628914e-17,-0.3679999999999999,-0.495,28380.941842225162,126.62837990198851,31.666512920583138,646018383.1786997,1024.0,2012
963,0.0072574477630410516,579.833266684221,15.100190605992106,28498.04783212418,1.0240000486373901,-0.20000000000000004,-0.3669999999999999,-0.495,28384.039953955533,126.5537605581535,31.641765100182592,646018383.1786997,1024.0,2012
964,0.007275167504984861,579.833266684221,15.035565166598767,28498.04783212418,1.0240000486373901,-0.10000000000000003,-0.3669999999999999,-0.495,28385.01372218466,126.5537605581535,31.641765100182592,646018383.1786997,1024.0,2012
965,0.0072549096534586365,579.833266684221,14.953391216619043,28498.04783212418,1.0240000486373901,-2.7755575615628914e-17,-0.3669999999999999,-0.495,28386.24587768555,126.5537605581535,31.641765100182592,646018383.1786997,1024.0,2012
966,0.006091765014776771,729.9668340323904,15.231192967563146,28498.04783212418,1.0240000486373901,-0.20000000000000004,-0.3669999999999999,-0.495,28382.053212516606,126.5537605581535,31.641765100182592,646018383.1786997,1024.0,2012
967,0.0062202423113211945,729.9668340323904,15.193818632241456,28498.04783212418,1.0240000486373901,-0.10000000000000003,-0.3669999999999999,-0.495,28382.621769809455,126.5537605581535,31.641765100182592,646018383.1786997,1024.0,2012
968,0.0063136802218608295,729.9668340323904,15.136561778275112,28498.04783212418,1.0240000486373901,-2.7755575615628914e-17,-0.3669999999999999,-0.495,28383.49008089041,126.5537605581535,31.641765100182592,646018383.1786997,1024.0,2012
969,0.005126587254828519,918.9737971303117,15.26972344841347,28498.04783212418,1.0240000486373901,-0.20000000000000004,-0.3669999999999999,-0.495,28381.465605028665,126.5537605581535,31.641765100182592,646018383.1786997,1024.0,2012
970,0.0053332880584514445,918.9737971303117,15.264935149040646,28498.04783212418,1.0240000486373901,-0.10000000000000003,-0.3669999999999999,-0.495,28381.53870957197,126.5537605581535,31.641765100182592,646018383.1786997,1024.0,2012
971,0.005511239908376466,918.9737971303117,15.238429779809225,28498.04783212418,1.0240000486373901,-2.7755575615628914e-17,-0.3669999999999999,-0.495,28381.94296104709,126.5537605581535,31.641765100182592,646018383.1786997,1024.0,2012
972,0.011081771971383382,290.605030894529,12.972314049722208,28483.49259998203,1.0240000486373901,-0.10000000000000003,-0.3639999999999999,-0.522,28399.35213407972,124.88875809187863,32.471875492731016,646018383.4347,2561024.0,2012
973,0.009925453048266258,290.605030894529,12.754433651605076,28483.49259998203,1.0240000486373901,0.09999999999999998,-0.3639999999999999,-0.522,28402.15481109543,124.88875809187863,32.471875492731016,646018383.4347,2561024.0,2012
974,0.008754658463628337,290.605030894529,12.489908087134364,28483.49259998203,1.0240000486373901,0.3,-0.3639999999999999,-0.522,28405.493697969498,124.88875809187863,32.471875492731016,646018383.4347,2561024.0,2012
975,0.00805366486436757,460.57793515969075,13.84975342697683,28483.49259998203,1.0240000486373901,-0.10000000000000003,-0.3639999999999999,-0.522,28387.584764988,124.88875809187863,32.471875492731016,646018383.4347,2561024.0,2012
976,0.007693855102849221,460.57793515969075,13.630328233341888,28483.49259998203,1.0240000486373901,0.09999999999999998,-0.3639999999999999,-0.522,28390.59967610771,124.88875809187863,32.471875492731016,646018383.4347,2561024.0,2012
977,0.007195620410792103,460.57793515969075,13.343809830831841,28483.49259998203,1.0240000486373901,0.3,-0.3639999999999999,-0.522,28394.463969581328,124.88875809187863,32.471875492731016,646018383.4347,2561024.0,2012
978,0.0059045373913059395,729.9668340323904,14.334697841737016,28483.49259998203,1.0240000486373901,-0.10000000000000003,-0.3639999999999999,-0.522,28380.75081887508,124.88875809187863,32.471875492731016,646018383.4347,2561024.0,2012
979,0.0060384116348445056,729.9668340323904,14.177110417404307,28483.49259998203,1.0240000486373901,0.09999999999999998,-0.3639999999999999,-0.522,28382.997370088393,124.88875809187863,32.471875492731016,646018383.4347,2561024.0,2012
980,0.00600315215879021,729.9668340323904,13.926330037127109,28483.49259998203,1.0240000486373901,0.3,-0.3639999999999999,-0.522,28386.521265830535,124.88875809187863,32.471875492731016,646018383.4347,2561024.0,2012
981,0.011181677257462391,290.605030894529,13.204266904490687,28483.49259998203,1.0240000486373901,-0.10000000000000003,-0.3619999999999999,-0.522,28396.316267739516,124.74078934755961,32.425286137346376,646018383.4347,2561024.0,2012
982,0.009995135943062117,290.605030894529,12.962247251694484,28483.49259998203,1.0240000486373901,0.09999999999999998,-0.3619999999999999,-0.522,28399.482673075,124.74078934755961,32.425286137346376,646018383.4347,2561024.0,2012
983,0.008796468218286212,290.605030894529,12.670448796100226,28483.49259998203,1.0240000486373901,0.3,-0.3619999999999999,-0.522,28403.22246363473,124.74078934755961,32.425286137346376,646018383.4347,2561024.0,2012
984,0.008133782878548634,460.57793515969075,14.094289270411366,28483.49259998203,1.0240000486373901,-0.10000000000000003,-0.3619999999999999,-0.522,28384.168104963013,124.74078934755961,32.425286137346376,646018383.4347,2561024.0,2012
985,0.007757553861652404,460.57793515969075,13.855796586933623,28483.49259998203,1.0240000486373901,0.09999999999999998,-0.3619999999999999,-0.522,28387.50105045279,124.74078934755961,32.425286137346376,646018383.4347,2561024.0,2012
986,0.007240775644010362,460.57793515969075,13.545290149198454,28483.49259998203,1.0240000486373901,0.3,-0.3619999999999999,-0.522,28391.755157369043,124.74078934755961,32.425286137346376,646018383.4347,2561024.0,2012
987,0.005963049525442129,729.9668340323904,14.568894405715309,28483.49259998203,1.0240000486373901,-0.10000000000000003,-0.3619999999999999,-0.522,28377.36625787959,124.74078934755961,32.425286137346376,646018383.4347,2561024.0,2012
988,0.006090223869855359,729.9668340323904,14.400314707467123,28483.49259998203,1.0240000486373901,0.09999999999999998,-0.3619999999999999,-0.522,28379.808068144983,124.74078934755961,32.425286137346376,646018383.4347,2561024.0,2012
989,0.00604423999781773,729.9668340323904,14.131935181878479,28483.49259998203,1.0240000486373901,0.3,-0.3619999999999999,-0.522,28383.636803989622,124.74078934755961,32.425286137346376,646018383.4347,2561024.0,2012
990,0.011063819181010917,290.605030894529,13.042354187622191,28483.49259998203,1.0240000486373901,-0.10000000000000003,-0.3599999999999999,-0.522,28398.441098604337,124.59228868750995,32.37882235831804,646018383.4347,2561024.0,2012
991,0.009881653103409358,290.605030894529,12.788693807475656,28483.49259998203,1.0240000486373901,0.09999999999999998,-0.3599999999999999,-0.522,28401.717255331347,124.59228868750995,32.37882235831804,646018383.4347,2561024.0,2012
992,0.008689121444853858,290.605030894529,12.486112840850108,28483.49259998203,1.0240000486373901,0.3,-0.3599999999999999,-0.522,28405.54109304481,124.59228868750995,32.37882235831804,646018383.4347,2561024.0,2012
993,0.00807042330854392,460.57793515969075,13.967783310100524,28483.49259998203,1.0240000486373901,-0.10000000000000003,-0.3599999999999999,-0.522,28385.94311468307,124.59228868750995,32.37882235831804,646018383.4347,2561024.0,2012
994,0.007689863246426516,460.57793515969075,13.713674741882212,28483.49259998203,1.0240000486373901,0.09999999999999998,-0.3599999999999999,-0.522,28389.46016251896,124.59228868750995,32.37882235831804,646018383.4347,2561024.0,2012
995,0.007170394867918167,460.57793515969075,13.387927161377926,28483.49259998203,1.0240000486373901,0.3,-0.3599999999999999,-0.522,28393.87430314285,124.59228868750995,32.37882235831804,646018383.4347,2561024.0,2012
996,0.005927784691029626,729.9668340323904,14.470011794305519,28483.49259998203,1.0240000486373901,-0.10000000000000003,-0.3599999999999999,-0.522,28378.80197931836,124.59228868750995,32.37882235831804,646018383.4347,2561024.0,2012
997,0.006048060400246038,729.9668340323904,14.283274711188703,28483.49259998203,1.0240000486373901,0.09999999999999998,-0.3599999999999999,-0.522,28381.48663174439,124.59228868750995,32.37882235831804,646018383.4347,2561024.0,2012
998,0.0059958580494037595,729.9668340323904,13.996420729687447,28483.49259998203,1.0240000486373901,0.3,-0.3599999999999999,-0.522,28385.542703360818,124.59228868750995,32.37882235831804,646018383.4347,2561024.0,2012
999,0.011245220381598293,290.605030894529,13.292870812957073,28483.49259998203,1.0240000486373901,-0.10000000000000003,-0.3639999999999999,-0.52,28395.142392757047,124.99202019855865,32.404966322137035,646018383.4347,2561024.0,2012
1000,0.010080902861175163,290.605030894529,13.08130481300353,28483.49259998203,1.0240000486373901,0.09999999999999998,-0.3639999999999999,-0.52,28397.932332176675,124.99202019855865,32.404966322137035,646018383.4347,2561024.0,2012
1001,0.008901840764377158,290.605030894529,12.82505442633706,28483.49259998203,1.0240000486373901,0.3,-0.3639999999999999,-0.52,28401.251589462776,124.99202019855865,32.404966322137035,646018383.4347,2561024.0,2012
1002,0.00815642949565453,460.57793515969075,14.15151597456787,28483.49259998203,1.0240000486373901,-0.10000000000000003,-0.3639999999999999,-0.52,28383.359897792805,124.99202019855865,32.404966322137035,646018383.4347,2561024.0,2012
1003,0.00779782759245901,460.57793515969075,13.940902594486076,28483.49259998203,1.0240000486373901,0.09999999999999998,-0.3639999999999999,-0.52,28386.318217407555,124.99202019855865,32.404966322137035,646018383.4347,2561024.0,2012
1004,0.007300328853822526,460.57793515969075,13.665053132575043,28483.49259998203,1.0240000486373901,0.3,-0.3639999999999999,-0.52,28390.12576142398,124.99202019855865,32.404966322137035,646018383.4347,2561024.0,2012
1005,0.00597338694717756,729.9668340323904,14.609101171978212,28483.49259998203,1.0240000486373901,-0.10000000000000003,-0.3639999999999999,-0.52,28376.779681455482,124.99202019855865,32.404966322137035,646018383.4347,2561024.0,2012
1006,0.006112248708885377,729.9668340323904,14.464516375137423,28483.49259998203,1.0240000486373901,0.09999999999999998,-0.3639999999999999,-0.52,28378.88148299872,124.99202019855865,32.404966322137035,646018383.4347,2561024.0,2012
1007,0.006081732742621674,729.9668340323904,14.228333132726513,28483.49259998203,1.0240000486373901,0.3,-0.3639999999999999,-0.52,28382.26986811411,124.99202019855865,32.404966322137035,646018383.4347,2561024.0,2012
1008,0.0117309517052202,290.605030894529,13.798530018309618,28483.49259998203,1.0240000486373901,-0.10000000000000003,-0.3619999999999999,-0.52,28388.292884648934,124.8438545616429,32.35818698862117,646018383.4347,2561024.0,2012
1009,0.010525491136371691,290.605030894529,13.590160200815836,28483.49259998203,1.0240000486373901,0.09999999999999998,-0.3619999999999999,-0.52,28391.14637284011,124.8438545616429,32.35818698862117,646018383.4347,2561024.0,2012
1010,0.009302997152266252,290.605030894529,13.33536749097112,28483.49259998203,1.0240000486373901,0.3,-0.3619999999999999,-0.52,28394.576586922405,124.8438545616429,32.35818698862117,646018383.4347,2561024.0,2012
1011,0.008453216110359561,460.57793515969075,14.610488540229634,28483.49259998203,1.0240000486373901,-0.10000000000000003,-0.3619999999999999,-0.52,28376.75941228994,124.8438545616429,32.35818698862117,646018383.4347,2561024.0,2012
1012,0.00809491462471076,460.57793515969075,14.414073539320897,28483.49259998203,1.0240000486373901,0.09999999999999998,-0.3619999999999999,-0.52,28379.609841983554,124.8438545616429,32.35818698862117,646018383.4347,2561024.0,2012
1013,0.007591384766599379,460.57793515969075,14.149878967130288,28483.49259998203,1.0240000486373901,0.3,-0.3619999999999999,-0.52,28383.38306258981,124.8438545616429,32.35818698862117,646018383.4347,2561024.0,2012
1014,0.006153610060930484,729.9668340323904,15.006458402453669,28483.49259998203,1.0240000486373901,-0.10000000000000003,-0.3619999999999999,-0.52,28370.895703089744,124.8438545616429,32.35818698862117,646018383.4347,2561024.0,2012
1015,0.0063110997386458196,729.9668340323904,14.88833833160392,28483.49259998203,1.0240000486373901,0.09999999999999998,-0.3619999999999999,-0.52,28372.661290843876,124.8438545616429,32.35818698862117,646018383.4347,2561024.0,2012
1016,0.006294642272875264,729.9668340323904,14.675964332157966,28483.49259998203,1.0240000486373901,0.3,-0.3619999999999999,-0.52,28375.800635442643,124.8438545616429,32.35818698862117,646018383.4347,2561024.0,2012
1017,0.011521301503538325,290.605030894529,13.705217376756938,28483.49259998203,1.0240000486373901,-0.10000000000000003,-0.3599999999999999,-0.52,28389.57610830995,124.69515353123396,32.311533237423845,646018383.4347,2561024.0,2012
1018,0.010320644524634248,290.605030894529,13.480471613172702,28483.49259998203,1.0240000486373901,0.09999999999999998,-0.3599999999999999,-0.52,28392.631042525252,124.69515353123396,32.311533237423845,646018383.4347,2561024.0,2012
1019,0.009105788627582009,290.605030894529,13.208113301842188,28483.49259998203,1.0240000486373901,0.3,-0.3599999999999999,-0.52,28396.26547148488,124.69515353123396,32.311533237423845,646018383.4347,2561024.0,2012
1020,0.008339191098678969,460.57793515969075,14.549042872621895,28483.49259998203,1.0240000486373901,-0.10000000000000003,-0.3599999999999999,-0.52,28377.655275727335,124.69515353123396,32.311533237423845,646018383.4347,2561024.0,2012
1021,0.007970103744619586,460.57793515969075,14.333368684212084,28483.49259998203,1.0240000486373901,0.09999999999999998,-0.3599999999999999,-0.52,28380.769871063254,124.69515353123396,32.311533237423845,646018383.4347,2561024.0,2012
1022,0.007458130961098963,460.57793515969075,14.048161084305608,28483.49259998203,1.0240000486373901,0.3,-0.3599999999999999,-0.52,28384.81718505673,124.69515353123396,32.311533237423845,646018383.4347,2561024.0,2012
1023,0.006093464774427805,729.9668340323904,14.971359508254704,28483.49259998203,1.0240000486373901,-0.10000000000000003,-0.3599999999999999,-0.52,28371.421797219326,124.69515353123396,32.311533237423845,646018383.4347,2561024.0,2012
1024,0.0062356116943829126,729.9668340323904,14.832338092954071,28483.49259998203,1.0240000486373901,0.09999999999999998,-0.3599999999999999,-0.52,28373.49347333018,124.69515353123396,32.311533237423845,646018383.4347,2561024.0,2012
1025,0.006203830294959119,729.9668340323904,14.596275165991557,28483.49259998203,1.0240000486373901,0.3,-0.3599999999999999,-0.52,28376.96697562136,124.69515353123396,32.311533237423845,646018383.4347,2561024.0,2012
1026,0.011155599250649273,290.605030894529,13.049838024880136,28483.49259998203,1.0240000486373901,-0.10000000000000003,-0.3639999999999999,-0.518,28398.343463744226,125.09581678702612,32.33804257766643,646018383.4347,2561024.0,2012
1027,0.009992361127024096,290.605030894529,12.825509462566881,28483.49259998203,1.0240000486373901,0.09999999999999998,-0.3639999999999999,-0.518,28401.245753494833,125.09581678702612,32.33804257766643,646018383.4347,2561024.0,2012
1028,0.008816348100029202,290.605030894529,12.557309754810468,28483.49259998203,1.0240000486373901,0.3,-0.3639999999999999,-0.518,28404.6495858429,125.09581678702612,32.33804257766643,646018383.4347,2561024.0,2012
1029,0.008105823866946289,460.57793515969075,13.944229498221718,28483.49259998203,1.0240000486373901,-0.10000000000000003,-0.3639999999999999,-0.518,28386.27183183249,125.09581678702612,32.33804257766643,646018383.4347,2561024.0,2012
1030,0.00774418010984697,460.57793515969075,13.71743266913529,28483.49259998203,1.0240000486373901,0.09999999999999998,-0.3639999999999999,-0.518,28389.4086204659,125.09581678702612,32.33804257766643,646018383.4347,2561024.0,2012
1031,0.007244700916880642,460.57793515969075,13.425496383971174,28483.49259998203,1.0240000486373901,0.3,-0.3639999999999999,-0.518,28393.37062340402,125.09581678702612,32.33804257766643,646018383.4347,2561024.0,2012
1032,0.0059391619449830685,729.9668340323904,14.429980348225923,28483.49259998203,1.0240000486373901,-0.10000000000000003,-0.3639999999999999,-0.518,28379.380433556937,125.09581678702612,32.33804257766643,646018383.4347,2561024.0,2012
1033,0.006074290000189271,729.9668340323904,14.26688545428971,28483.49259998203,1.0240000486373901,0.09999999999999998,-0.3639999999999999,-0.518,28381.720589699118,125.09581678702612,32.33804257766643,646018383.4347,2561024.0,2012
1034,0.006040603574537905,729.9668340323904,14.01167469633195,28483.49259998203,1.0240000486373901,0.3,-0.3639999999999999,-0.518,28385.329086084115,125.09581678702612,32.33804257766643,646018383.4347,2561024.0,2012
1035,0.011094355714111633,290.605030894529,13.08218806308989,28483.49259998203,1.0240000486373901,-0.10000000000000003,-0.3619999999999999,-0.518,28397.920777723004,124.94745517292313,32.29107249493369,646018383.4347,2561024.0,2012
1036,0.009925957461586133,290.605030894529,12.85156082182738,28483.49259998203,1.0240000486373901,0.09999999999999998,-0.3619999999999999,-0.518,28400.911292203466,124.94745517292313,32.29107249493369,646018383.4347,2561024.0,2012
1037,0.008746337679877071,290.605030894529,12.57591004732238,28483.49259998203,1.0240000486373901,0.3,-0.3619999999999999,-0.518,28404.415843222858,124.94745517292313,32.29107249493369,646018383.4347,2561024.0,2012
1038,0.008079624686520346,460.57793515969075,13.986884004094819,28483.49259998203,1.0240000486373901,-0.10000000000000003,-0.3619999999999999,-0.518,28385.676137910028,124.94745517292313,32.29107249493369,646018383.4347,2561024.0,2012
1039,0.007709619643006132,460.57793515969075,13.753375642281425,28483.49259998203,1.0240000486373901,0.09999999999999998,-0.3619999999999999,-0.518,28388.91492920318,124.94745517292313,32.29107249493369,646018383.4347,2561024.0,2012
1040,0.007201924096753501,460.57793515969075,13.453139851164448,28483.49259998203,1.0240000486373901,0.3,-0.3619999999999999,-0.518,28392.999114054535,124.94745517292313,32.29107249493369,646018383.4347,2561024.0,2012
1041,0.005929218108038112,729.9668340323904,14.47763513313063,28483.49259998203,1.0240000486373901,-0.10000000000000003,-0.3619999999999999,-0.518,28378.691640458,124.94745517292313,32.29107249493369,646018383.4347,2561024.0,2012
1042,0.006056852971634576,729.9668340323904,14.308790480498017,28483.49259998203,1.0240000486373901,0.09999999999999998,-0.3619999999999999,-0.518,28381.121857474634,124.94745517292313,32.29107249493369,646018383.4347,2561024.0,2012
1043,0.006014307717668621,729.9668340323904,14.045589996386317,28483.49259998203,1.0240000486373901,0.3,-0.3619999999999999,-0.518,28384.853300808736,124.94745517292313,32.29107249493369,646018383.4347,2561024.0,2012
1044,0.011386524494229987,290.605030894529,13.364482384389461,28483.49259998203,1.0240000486373901,-0.10000000000000003,-0.3599999999999999,-0.518,28394.1879052807,124.79855466534194,32.24422799563777,646018383.4347,2561024.0,2012
1045,0.010189817904890618,290.605030894529,13.12805235805196,28483.49259998203,1.0240000486373901,0.09999999999999998,-0.3599999999999999,-0.518,28397.319720624153,124.79855466534194,32.24422799563777,646018383.4347,2561024.0,2012
1046,0.008980543428289783,290.605030894529,12.844581373447099,28483.49259998203,1.0240000486373901,0.3,-0.3599999999999999,-0.518,28401.000964652478,124.79855466534194,32.24422799563777,646018383.4347,2561024.0,2012
1047,0.008262951128847932,460.57793515969075,14.251925348651486,28483.49259998203,1.0240000486373901,-0.10000000000000003,-0.3599999999999999,-0.518,28381.933911910262,124.79855466534194,32.24422799563777,646018383.4347,2561024.0,2012
1048,0.007890544410025653,460.57793515969075,14.01934072207531,28483.49259998203,1.0240000486373901,0.09999999999999998,-0.3599999999999999,-0.518,28385.22164284121,124.79855466534194,32.24422799563777,646018383.4347,2561024.0,2012
1049,0.007376257301013499,460.57793515969075,13.71729532542389,28483.49259998203,1.0240000486373901,0.3,-0.3599999999999999,-0.518,28389.41050445958,124.79855466534194,32.24422799563777,646018383.4347,2561024.0,2012
1050,0.006043323691602825,729.9668340323904,14.713872288879063,28483.49259998203,1.0240000486373901,-0.10000000000000003,-0.3599999999999999,-0.518,28375.24358111531,124.79855466534194,32.24422799563777,646018383.4347,2561024.0,2012
1051,0.006180626331834096,729.9668340323904,14.553421025626033,28483.49259998203,1.0240000486373901,0.09999999999999998,-0.3599999999999999,-0.518,28377.591568207463,124.79855466534194,32.24422799563777,646018383.4347,2561024.0,2012
1052,0.006144422235340989,729.9668340323904,14.295574278768775,28483.49259998203,1.0240000486373901,0.3,-0.3599999999999999,-0.518,28381.310878002132,124.79855466534194,32.24422799563777,646018383.4347,2561024.0,2012
1053,0.007173516470345654,579.833266684221,14.739053785946275,28483.49259998203,1.0240000486373901,-0.20000000000000004,-0.3629999999999999,-0.521,28374.87274672952,124.866355550139,32.41506506100233,646018383.4347,2561024.0,2012
1054,0.007202776872143555,579.833266684221,14.683264421180354,28483.49259998203,1.0240000486373901,-0.10000000000000003,-0.3629999999999999,-0.521,28375.69347295088,124.866355550139,32.41506506100233,646018383.4347,2561024.0,2012
1055,0.007195078864604402,579.833266684221,14.610814439327658,28483.49259998203,1.0240000486373901,-2.7755575615628914e-17,-0.3629999999999999,-0.521,28376.754650691797,124.866355550139,32.41506506100233,646018383.4347,2561024.0,2012
1056,0.006004583543633332,729.9668340323904,14.859240379551538,28483.49259998203,1.0240000486373901,-0.20000000000000004,-0.3629999999999999,-0.521,28373.094087653382,124.866355550139,32.41506506100233,646018383.4347,2561024.0,2012
1057,0.006141474817563935,729.9668340323904,14.829896082379763,28483.49259998203,1.0240000486373901,-0.10000000000000003,-0.3629999999999999,-0.521,28373.52969107494,124.866355550139,32.41506506100233,646018383.4347,2561024.0,2012
1058,0.0062448914657576,729.9668340323904,14.781840139478671,28483.49259998203,1.0240000486373901,-2.7755575615628914e-17,-0.3629999999999999,-0.521,28374.24120102748,124.866355550139,32.41506506100233,646018383.4347,2561024.0,2012
1059,0.0050415771258885385,918.9737971303117,14.89177332346826,28483.49259998203,1.0240000486373901,-0.20000000000000004,-0.3629999999999999,-0.521,28372.61014362325,124.866355550139,32.41506506100233,646018383.4347,2561024.0,2012
1060,0.0052535250808465,918.9737971303117,14.8936174356637,28483.49259998203,1.0240000486373901,-0.10000000000000003,-0.3629999999999999,-0.521,28372.582679822077,124.866355550139,32.41506506100233,646018383.4347,2561024.0,2012
1061,0.005438614143103619,918.9737971303117,14.87520604410228,28483.49259998203,1.0240000486373901,-2.7755575615628914e-17,-0.3629999999999999,-0.521,28372.85672255478,124.866355550139,32.41506506100233,646018383.4347,2561024.0,2012
1062,0.007205842777718983,579.833266684221,14.840024897000104,28483.49259998203,1.0240000486373901,-0.20000000000000004,-0.3619999999999999,-0.521,28373.37943051024,124.79225524783257,32.39173854304202,646018383.4347,2561024.0,2012
1063,0.007232965682412567,579.833266684221,14.783365540243478,28483.49259998203,1.0240000486373901,-0.10000000000000003,-0.3619999999999999,-0.521,28374.2186516338,124.79225524783257,32.39173854304202,646018383.4347,2561024.0,2012
1064,0.007222753216696162,579.833266684221,14.709744514710996,28483.49259998203,1.0240000486373901,-2.7755575615628914e-17,-0.3619999999999999,-0.521,28375.304308137995,124.79225524783257,32.39173854304202,646018383.4347,2561024.0,2012
1065,0.006034533361512422,729.9668340323904,14.958969621247284,28483.49259998203,1.0240000486373901,-0.20000000000000004,-0.3619999999999999,-0.521,28371.60721391733,124.79225524783257,32.39173854304202,646018383.4347,2561024.0,2012
1066,0.006170343796609973,729.9668340323904,14.929435142428085,28483.49259998203,1.0240000486373901,-0.10000000000000003,-0.3619999999999999,-0.521,28372.048583146046,124.79225524783257,32.39173854304202,646018383.4347,2561024.0,2012
1067,0.006272204710104501,729.9668340323904,14.88079608620508,28483.49259998203,1.0240000486373901,-2.7755575615628914e-17,-0.3619999999999999,-0.521,28372.77355390242,124.79225524783257,32.39173854304202,646018383.4347,2561024.0,2012
1068,0.005068389884147263,918.9737971303117,14.98894665903373,28483.49259998203,1.0240000486373901,-0.20000000000000004,-0.3619999999999999,-0.521,28371.15833900835,124.79225524783257,32.39173854304202,646018383.4347,2561024.0,2012
1069,0.005280185046476675,918.9737971303117,14.991416299912736,28483.49259998203,1.0240000486373901,-0.10000000000000003,-0.3619999999999999,-0.521,28371.121318643385,124.79225524783257,32.39173854304202,646018383.4347,2561024.0,2012
1070,0.005464618940543309,918.9737971303117,14.97315645754256,28483.49259998203,1.0240000486373901,-2.7755575615628914e-17,-0.3619999999999999,-0.521,28371.394892831006,124.79225524783257,32.39173854304202,646018383.4347,2561024.0,2012
1071,0.007265493502018954,579.833266684221,14.902426558488754,28483.49259998203,1.0240000486373901,-0.20000000000000004,-0.3609999999999999,-0.521,28372.451441316454,124.71802153222006,32.368443419978284,646018383.4347,2561024.0,2012
1072,0.007296213281216561,579.833266684221,14.84655891575816,28483.49259998203,1.0240000486373901,-0.10000000000000003,-0.3609999999999999,-0.521,28373.28244416249,124.71802153222006,32.368443419978284,646018383.4347,2561024.0,2012
1073,0.0072894762061629865,579.833266684221,14.773613228207232,28483.49259998203,1.0240000486373901,-2.7755575615628914e-17,-0.3609999999999999,-0.521,28374.3627760737,124.71802153222006,32.368443419978284,646018383.4347,2561024.0,2012
1074,0.006075892837929772,729.9668340323904,15.012942090998147,28483.49259998203,1.0240000486373901,-0.20000000000000004,-0.3609999999999999,-0.521,28370.798384868198,124.71802153222006,32.368443419978284,646018383.4347,2561024.0,2012
1075,0.0062157125906045834,729.9668340323904,14.984872369086434,28483.49259998203,1.0240000486373901,-0.10000000000000003,-0.3609999999999999,-0.521,28371.219400023125,124.71802153222006,32.368443419978284,646018383.4347,2561024.0,2012
1076,0.006321689786931979,729.9668340323904,14.937643507221907,28483.49259998203,1.0240000486373901,-2.7755575615628914e-17,-0.3609999999999999,-0.521,28371.926003207605,124.71802153222006,32.368443419978284,646018383.4347,2561024.0,2012
1077,0.005096913341117652,918.9737971303117,15.034731644114796,28483.49259998203,1.0240000486373901,-0.20000000000000004,-0.3609999999999999,-0.521,28370.471022176756,124.71802153222006,32.368443419978284,646018383.4347,2561024.0,2012
1078,0.005312589822425632,918.9737971303117,15.039137119715846,28483.49259998203,1.0240000486373901,-0.10000000000000003,-0.3609999999999999,-0.521,28370.404777329222,124.71802153222006,32.368443419978284,646018383.4347,2561024.0,2012
1079,0.005501203648135904,918.9737971303117,15.022839000969025,28483.49259998203,1.0240000486373901,-2.7755575615628914e-17,-0.3609999999999999,-0.521,28370.64975415751,124.71802153222006,32.368443419978284,646018383.4347,2561024.0,2012
1080,0.007222370682263718,579.833266684221,14.870947021711165,28483.49259998203,1.0240000486373901,-0.20000000000000004,-0.3629999999999999,-0.52,28372.92006732076,124.91800424759461,32.381561049219556,646018383.4347,2561024.0,2012
1081,0.007253055812421742,579.833266684221,14.819951748440934,28483.49259998203,1.0240000486373901,-0.10000000000000003,-0.3629999999999999,-0.52,28373.67711506897,124.91800424759461,32.381561049219556,646018383.4347,2561024.0,2012
1082,0.007246808734886351,579.833266684221,14.752829704068244,28483.49259998203,1.0240000486373901,-2.7755575615628914e-17,-0.3629999999999999,-0.52,28374.66960784341,124.91800424759461,32.381561049219556,646018383.4347,2561024.0,2012
1083,0.006046194925593165,729.9668340323904,14.985251389823045,28483.49259998203,1.0240000486373901,-0.20000000000000004,-0.3629999999999999,-0.52,28371.213720373933,124.91800424759461,32.381561049219556,646018383.4347,2561024.0,2012
1084,0.006184940693574526,729.9668340323904,14.960932006704883,28483.49259998203,1.0240000486373901,-0.10000000000000003,-0.3629999999999999,-0.52,28371.577856727406,124.91800424759461,32.381561049219556,646018383.4347,2561024.0,2012
1085,0.006290213290357951,729.9668340323904,14.918394193217436,28483.49259998203,1.0240000486373901,-2.7755575615628914e-17,-0.3629999999999999,-0.52,28372.213357329918,124.91800424759461,32.381561049219556,646018383.4347,2561024.0,2012
1086,0.005076896367594724,918.9737971303117,15.011607444649881,28483.49259998203,1.0240000486373901,-0.20000000000000004,-0.3629999999999999,-0.52,28370.818420945896,124.91800424759461,32.381561049219556,646018383.4347,2561024.0,2012
1087,0.005291090169588177,918.9737971303117,15.018861590011014,28483.49259998203,1.0240000486373901,-0.10000000000000003,-0.3629999999999999,-0.52,28370.709498252076,124.91800424759461,32.381561049219556,646018383.4347,2561024.0,2012
1088,0.005478425462107208,918.9737971303117,15.006304748820344,28483.49259998203,1.0240000486373901,-2.7755575615628914e-17,-0.3629999999999999,-0.52,28370.898008874796,124.91800424759461,32.381561049219556,646018383.4347,2561024.0,2012
1089,0.007179376530039554,579.833266684221,14.913742709341836,28483.49259998203,1.0240000486373901,-0.20000000000000004,-0.3619999999999999,-0.52,28372.282739181806,124.8438545616429,32.35818698862117,646018383.4347,2561024.0,2012
1090,0.0072030882705380736,579.833266684221,14.85722191367825,28483.49259998203,1.0240000486373901,-0.10000000000000003,-0.3619999999999999,-0.52,28373.12407848589,124.8438545616429,32.35818698862117,646018383.4347,2561024.0,2012
1091,0.007189641916720107,579.833266684221,14.784070853026318,28483.49259998203,1.0240000486373901,-2.7755575615628914e-17,-0.3619999999999999,-0.52,28374.20822448838,124.8438545616429,32.35818698862117,646018383.4347,2561024.0,2012
1092,0.006021288975576407,729.9668340323904,15.035997218084225,28483.49259998203,1.0240000486373901,-0.20000000000000004,-0.3619999999999999,-0.52,28370.45199381091,124.8438545616429,32.35818698862117,646018383.4347,2561024.0,2012
1093,0.006153610060930484,729.9668340323904,15.006458402453669,28483.49259998203,1.0240000486373901,-0.10000000000000003,-0.3619999999999999,-0.52,28370.895703089744,124.8438545616429,32.35818698862117,646018383.4347,2561024.0,2012
1094,0.00625188396718247,729.9668340323904,14.958019445463894,28483.49259998203,1.0240000486373901,-2.7755575615628914e-17,-0.3619999999999999,-0.52,28371.62142711659,124.8438545616429,32.35818698862117,646018383.4347,2561024.0,2012
1095,0.005063791383609549,918.9737971303117,15.068158133103177,28483.49259998203,1.0240000486373901,-0.20000000000000004,-0.3619999999999999,-0.52,28369.967905219928,124.8438545616429,32.35818698862117,646018383.4347,2561024.0,2012
1096,0.005272527955679623,918.9737971303117,15.07079758030595,28483.49259998203,1.0240000486373901,-0.10000000000000003,-0.3619999999999999,-0.52,28369.928130128752,124.8438545616429,32.35818698862117,646018383.4347,2561024.0,2012
1097,0.005453578806283732,918.9737971303117,15.05276286340821,28483.49259998203,1.0240000486373901,-2.7755575615628914e-17,-0.3619999999999999,-0.52,28370.19976507103,124.8438545616429,32.35818698862117,646018383.4347,2561024.0,2012
1098,0.007224671310620884,579.833266684221,14.984199218347397,28483.49259998203,1.0240000486373901,-0.20000000000000004,-0.3609999999999999,-0.52,28371.22948687447,124.76957102697065,32.33484432351365,646018383.4347,2561024.0,2012
1099,0.007250166916904371,579.833266684221,14.927419532070738,28483.49259998203,1.0240000486373901,-0.10000000000000003,-0.3609999999999999,-0.52,28372.078673038806,124.76957102697065,32.33484432351365,646018383.4347,2561024.0,2012
1100,0.007238264905296608,579.833266684221,14.853631793378492,28483.49259998203,1.0240000486373901,-2.7755575615628914e-17,-0.3609999999999999,-0.52,28373.177411255398,124.76957102697065,32.33484432351365,646018383.4347,2561024.0,2012
1101,0.006052922052611477,729.9668340323904,15.09847858757306,28483.49259998203,1.0240000486373901,-0.20000000000000004,-0.3609999999999999,-0.52,28369.51057215233,124.76957102697065,32.33484432351365,646018383.4347,2561024.0,2012
1102,0.006187549098941427,729.9668340323904,15.0694987564147,28483.49259998203,1.0240000486373901,-0.10000000000000003,-0.3609999999999999,-0.52,28369.947703597238,124.76957102697065,32.33484432351365,646018383.4347,2561024.0,2012
1103,0.00628805076511243,729.9668340323904,15.021285965823777,28483.49259998203,1.0240000486373901,-2.7755575615628914e-17,-0.3609999999999999,-0.52,28370.673083948503,124.76957102697065,32.33484432351365,646018383.4347,2561024.0,2012
1104,0.0050858270600035345,918.9737971303117,15.122798801588473,28483.49259998203,1.0240000486373901,-0.20000000000000004,-0.3609999999999999,-0.52,28369.143078185367,124.76957102697065,32.33484432351365,646018383.4347,2561024.0,2012
1105,0.005296938583978784,918.9737971303117,15.126629107397534,28483.49259998203,1.0240000486373901,-0.10000000000000003,-0.3609999999999999,-0.52,28369.085145905647,124.76957102697065,32.33484432351365,646018383.4347,2561024.0,2012
1106,0.005480428211433579,918.9737971303117,15.109516364130162,28483.49259998203,1.0240000486373901,-2.7755575615628914e-17,-0.3609999999999999,-0.52,28369.34385760307,124.76957102697065,32.33484432351365,646018383.4347,2561024.0,2012
1107,0.007229035627762082,579.833266684221,14.791727821983391,28483.49259998203,1.0240000486373901,-0.20000000000000004,-0.3629999999999999,-0.519,28374.09499400221,124.96978668026716,32.348053297567645,646018383.4347,2561024.0,2012
1108,0.007262906720212329,579.833266684221,14.739296837143126,28483.49259998203,1.0240000486373901,-0.10000000000000003,-0.3629999999999999,-0.519,28374.86916435532,124.96978668026716,32.348053297567645,646018383.4347,2561024.0,2012
1109,0.007259983255132171,579.833266684221,14.670746687546277,28483.49259998203,1.0240000486373901,-2.7755575615628914e-17,-0.3629999999999999,-0.519,28375.877195796955,124.96978668026716,32.348053297567645,646018383.4347,2561024.0,2012
1110,0.0060442906493916,729.9668340323904,14.90578037399367,28483.49259998203,1.0240000486373901,-0.20000000000000004,-0.3629999999999999,-0.519,28372.401455703162,124.96978668026716,32.348053297567645,646018383.4347,2561024.0,2012
1111,0.0061858331332609135,729.9668340323904,14.8799061946394,28483.49259998203,1.0240000486373901,-0.10000000000000003,-0.3629999999999999,-0.519,28372.786795801396,124.96978668026716,32.348053297567645,646018383.4347,2561024.0,2012
1112,0.0062942548880083075,729.9668340323904,14.83590652336619,28483.49259998203,1.0240000486373901,-2.7755575615628914e-17,-0.3629999999999999,-0.519,28373.440538797,124.96978668026716,32.348053297567645,646018383.4347,2561024.0,2012
1113,0.005070014173522637,918.9737971303117,14.93241957482746,28483.49259998203,1.0240000486373901,-0.20000000000000004,-0.3629999999999999,-0.519,28372.004022802685,124.96978668026716,32.348053297567645,646018383.4347,2561024.0,2012
1114,0.005286306103864824,918.9737971303117,14.937769330433596,28483.49259998203,1.0240000486373901,-0.10000000000000003,-0.3629999999999999,-0.519,28371.92412369741,124.96978668026716,32.348053297567645,646018383.4347,2561024.0,2012
1115,0.005476244027782178,918.9737971303117,14.923499636427554,28483.49259998203,1.0240000486373901,-2.7755575615628914e-17,-0.3629999999999999,-0.519,28372.137179282803,124.96978668026716,32.348053297567645,646018383.4347,2561024.0,2012
1116,0.0071223903735892855,579.833266684221,14.737987785568423,28483.49259998203,1.0240000486373901,-0.20000000000000004,-0.3619999999999999,-0.519,28374.888457998248,124.89558772440522,32.32463159779343,646018383.4347,2561024.0,2012
1117,0.007145406002347769,579.833266684221,14.675523503494734,28483.49259998203,1.0240000486373901,-0.10000000000000003,-0.3619999999999999,-0.519,28375.807104931217,124.89558772440522,32.32463159779343,646018383.4347,2561024.0,2012
1118,0.007131471330885488,579.833266684221,14.596257254461392,28483.49259998203,1.0240000486373901,-2.7755575615628914e-17,-0.3619999999999999,-0.519,28376.96723706282,124.89558772440522,32.32463159779343,646018383.4347,2561024.0,2012
1119,0.005972407649440623,729.9668340323904,14.869797090370653,28483.49259998203,1.0240000486373901,-0.20000000000000004,-0.3619999999999999,-0.519,28372.937167227632,124.89558772440522,32.32463159779343,646018383.4347,2561024.0,2012
1120,0.006103273438597854,729.9668340323904,14.833704291791102,28483.49259998203,1.0240000486373901,-0.10000000000000003,-0.3619999999999999,-0.519,28373.47320847388,124.89558772440522,32.32463159779343,646018383.4347,2561024.0,2012
1121,0.006200338952934636,729.9668340323904,14.778570802539118,28483.49259998203,1.0240000486373901,-2.7755575615628914e-17,-0.3619999999999999,-0.519,28374.2895224992,124.89558772440522,32.32463159779343,646018383.4347,2561024.0,2012
1122,0.005022046483075034,918.9737971303117,14.911454943656217,28483.49259998203,1.0240000486373901,-0.20000000000000004,-0.3619999999999999,-0.519,28372.316855713685,124.89558772440522,32.32463159779343,646018383.4347,2561024.0,2012
1123,0.00522865580546433,918.9737971303117,14.90680716309882,28483.49259998203,1.0240000486373901,-0.10000000000000003,-0.3619999999999999,-0.519,28372.386150083123,124.89558772440522,32.32463159779343,646018383.4347,2561024.0,2012
1124,0.005407824633513497,918.9737971303117,14.881379061146008,28483.49259998203,1.0240000486373901,-2.7755575615628914e-17,-0.3619999999999999,-0.519,28372.764878601272,124.89558772440522,32.32463159779343,646018383.4347,2561024.0,2012
1125,0.00723445024973777,579.833266684221,14.902527416430756,28483.49259998203,1.0240000486373901,-0.20000000000000004,-0.3609999999999999,-0.519,28372.449938283295,124.82125448301943,32.30124129380162,646018383.4347,2561024.0,2012
1126,0.007263814710747826,579.833266684221,14.846159744868256,28483.49259998203,1.0240000486373901,-0.10000000000000003,-0.3609999999999999,-0.519,28373.288370396956,124.82125448301943,32.30124129380162,646018383.4347,2561024.0,2012
1127,0.007255915305593185,579.833266684221,14.772929703738807,28483.49259998203,1.0240000486373901,-2.7755575615628914e-17,-0.3609999999999999,-0.519,28374.372873966226,124.82125448301943,32.30124129380162,646018383.4347,2561024.0,2012
1128,0.006053184933099881,729.9668340323904,15.015745139782382,28483.49259998203,1.0240000486373901,-0.20000000000000004,-0.3609999999999999,-0.519,28370.75629893058,124.82125448301943,32.30124129380162,646018383.4347,2561024.0,2012
1129,0.006191253311098093,729.9668340323904,14.986918100035254,28483.49259998203,1.0240000486373901,-0.10000000000000003,-0.3609999999999999,-0.519,28371.188742913448,124.82125448301943,32.30124129380162,646018383.4347,2561024.0,2012
1130,0.0062955735227166925,729.9668340323904,14.93911597214602,28483.49259998203,1.0240000486373901,-2.7755575615628914e-17,-0.3609999999999999,-0.519,28371.904006967416,124.82125448301943,32.30124129380162,646018383.4347,2561024.0,2012
1131,0.005080405039864589,918.9737971303117,15.039874685006133,28483.49259998203,1.0240000486373901,-0.20000000000000004,-0.3609999999999999,-0.519,28370.393684711686,124.82125448301943,32.30124129380162,646018383.4347,2561024.0,2012
1132,0.005294201649159002,918.9737971303117,15.04335830582227,28483.49259998203,1.0240000486373901,-0.10000000000000003,-0.3609999999999999,-0.519,28370.341285423354,124.82125448301943,32.30124129380162,646018383.4347,2561024.0,2012
1133,0.0054809318431102835,918.9737971303117,15.026282081585315,28483.49259998203,1.0240000486373901,-2.7755575615628914e-17,-0.3609999999999999,-0.519,28370.598023384344,124.82125448301943,32.30124129380162,646018383.4347,2561024.0,2012
1134,0.010600011690267822,290.605030894529,12.417370224271309,28483.49260013995,1.0240000486373901,-0.10000000000000003,-0.3779999999999999,-0.507,28406.39705849664,126.70681711988179,32.30936534370172,646018383.4347,2561024.0,2012
1135,0.009478291342076214,290.605030894529,12.1942804758089,28483.49260013995,1.0240000486373901,0.09999999999999998,-0.3779999999999999,-0.507,28409.142361978604,126.70681711988179,32.30936534370172,646018383.4347,2561024.0,2012
1136,0.008345464533823592,290.605030894529,11.926282641824331,28483.49260013995,1.0240000486373901,0.3,-0.3779999999999999,-0.507,28412.37449131361,126.70681711988179,32.30936534370172,646018383.4347,2561024.0,2012
1137,0.0077553005139092395,460.57793515969075,13.340639250726786,28483.49260013995,1.0240000486373901,-0.10000000000000003,-0.3779999999999999,-0.507,28394.506272330935,126.70681711988179,32.30936534370172,646018383.4347,2561024.0,2012
1138,0.007392642984099134,460.57793515969075,13.105811836083417,28483.49260013995,1.0240000486373901,0.09999999999999998,-0.3779999999999999,-0.507,28397.61144819854,126.70681711988179,32.30936534370172,646018383.4347,2561024.0,2012
1139,0.006897484333164411,460.57793515969075,12.806035892292899,28483.49260013995,1.0240000486373901,0.3,-0.3779999999999999,-0.507,28401.495322502604,126.70681711988179,32.30936534370172,646018383.4347,2561024.0,2012
1140,0.005717527837737712,729.9668340323904,13.882818499416521,28483.49260013995,1.0240000486373901,-0.10000000000000003,-0.3779999999999999,-0.507,28387.12627539608,126.70681711988179,32.30936534370172,646018383.4347,2561024.0,2012
1141,0.005832035557022118,729.9668340323904,13.698681778224028,28483.49260013995,1.0240000486373901,0.09999999999999998,-0.3779999999999999,-0.507,28389.665658909427,126.70681711988179,32.30936534370172,646018383.4347,2561024.0,2012
1142,0.005781446371720443,729.9668340323904,13.42357588203642,28483.49260013995,1.0240000486373901,0.3,-0.3779999999999999,-0.507,28393.396405409556,126.70681711988179,32.30936534370172,646018383.4347,2561024.0,2012
1143,0.010805735972444403,290.605030894529,12.623121504651415,28483.49260013995,1.0240000486373901,-0.10000000000000003,-0.3759999999999999,-0.507,28403.821001879354,126.56127317455692,32.26049592575206,646018383.4347,2561024.0,2012
1144,0.009664541096942697,290.605030894529,12.395845444590663,28483.49260013995,1.0240000486373901,0.09999999999999998,-0.3759999999999999,-0.507,28406.66410799686,126.56127317455692,32.26049592575206,646018383.4347,2561024.0,2012
1145,0.008512157213572508,290.605030894529,12.124512721285573,28483.49260013995,1.0240000486373901,0.3,-0.3759999999999999,-0.507,28409.990695775643,126.56127317455692,32.26049592575206,646018383.4347,2561024.0,2012
1146,0.007891804054338186,460.57793515969075,13.550375903924653,28483.49260013995,1.0240000486373901,-0.10000000000000003,-0.3759999999999999,-0.507,28391.68625657112,126.56127317455692,32.26049592575206,646018383.4347,2561024.0,2012
1147,0.007526401230786001,460.57793515969075,13.31326925773826,28483.49260013995,1.0240000486373901,0.09999999999999998,-0.3759999999999999,-0.507,28394.87103097543,126.56127317455692,32.26049592575206,646018383.4347,2561024.0,2012
1148,0.007026289754050782,460.57793515969075,13.011360921513994,28483.49260013995,1.0240000486373901,0.3,-0.3759999999999999,-0.507,28398.844843625,126.56127317455692,32.26049592575206,646018383.4347,2561024.0,2012
1149,0.005805543167835166,729.9668340323904,14.080012652427921,28483.49260013995,1.0240000486373901,-0.10000000000000003,-0.3759999999999999,-0.507,28384.369221993686,126.56127317455692,32.26049592575206,646018383.4347,2561024.0,2012
1150,0.0059261846615456725,729.9668340323904,13.898166889179855,28483.49260013995,1.0240000486373901,0.09999999999999998,-0.3759999999999999,-0.507,28386.913078700203,126.56127317455692,32.26049592575206,646018383.4347,2561024.0,2012
1151,0.005879796603836575,729.9668340323904,13.62482708274324,28483.49260013995,1.0240000486373901,0.3,-0.3759999999999999,-0.507,28390.674643622624,126.56127317455692,32.26049592575206,646018383.4347,2561024.0,2012
1152,0.010811289036390021,290.605030894529,12.756970285916829,28483.49260013995,1.0240000486373901,-0.10000000000000003,-0.3739999999999999,-0.507,28402.12245470207,126.41517878415087,32.21174152061605,646018383.4347,2561024.0,2012
1153,0.009656852424381966,290.605030894529,12.514873820278888,28483.49260013995,1.0240000486373901,0.09999999999999998,-0.3739999999999999,-0.507,28405.1815667712,126.41517878415087,32.21174152061605,646018383.4347,2561024.0,2012
1154,0.008491273336042986,290.605030894529,12.224771912107792,28483.49260013995,1.0240000486373901,0.3,-0.3739999999999999,-0.507,28408.77007598842,126.41517878415087,32.21174152061605,646018383.4347,2561024.0,2012
1155,0.007899036167934219,460.57793515969075,13.68342253167414,28483.49260013995,1.0240000486373901,-0.10000000000000003,-0.3739999999999999,-0.507,28389.874574049787,126.41517878415087,32.21174152061605,646018383.4347,2561024.0,2012
1156,0.0075249171890931455,460.57793515969075,13.43581940132691,28483.49260013995,1.0240000486373901,0.09999999999999998,-0.3739999999999999,-0.507,28393.231978647415,126.41517878415087,32.21174152061605,646018383.4347,2561024.0,2012
1157,0.007014654056154274,460.57793515969075,13.118842090103872,28483.49260013995,1.0240000486373901,0.3,-0.3739999999999999,-0.507,28397.44059124741,126.41517878415087,32.21174152061605,646018383.4347,2561024.0,2012
1158,0.005813847875334762,729.9668340323904,14.205152453211268,28483.49260013995,1.0240000486373901,-0.10000000000000003,-0.3739999999999999,-0.507,28382.599422030464,126.41517878415087,32.21174152061605,646018383.4347,2561024.0,2012
1159,0.005928463054496711,729.9668340323904,14.017151261425594,28483.49260013995,1.0240000486373901,0.09999999999999998,-0.3739999999999999,-0.507,28385.25233539711,126.41517878415087,32.21174152061605,646018383.4347,2561024.0,2012
1160,0.005873844451915774,729.9668340323904,13.732621378785936,28483.49260013995,1.0240000486373901,0.3,-0.3739999999999999,-0.507,28389.200155173407,126.41517878415087,32.21174152061605,646018383.4347,2561024.0,2012
1161,0.011008159035137069,290.605030894529,12.929911049314605,28483.49260013995,1.0240000486373901,-0.10000000000000003,-0.3779999999999999,-0.505,28399.901300268357,126.81539945728916,32.243740684103585,646018383.4347,2561024.0,2012
1162,0.009845195355642104,290.605030894529,12.70073678167474,28483.49260013995,1.0240000486373901,0.09999999999999998,-0.3779999999999999,-0.505,28402.838242741258,126.81539945728916,32.243740684103585,646018383.4347,2561024.0,2012
1163,0.008668568452001058,290.605030894529,12.421997001929494,28483.49260013995,1.0240000486373901,0.3,-0.3779999999999999,-0.505,28406.339595381978,126.81539945728916,32.243740684103585,646018383.4347,2561024.0,2012
1164,0.008006513467513581,460.57793515969075,13.809036936480533,28483.49260013995,1.0240000486373901,-0.10000000000000003,-0.3779999999999999,-0.505,28388.14784958341,126.81539945728916,32.243740684103585,646018383.4347,2561024.0,2012
1165,0.007639441929613544,460.57793515969075,13.580700931073567,28483.49260013995,1.0240000486373901,0.09999999999999998,-0.3779999999999999,-0.505,28391.27488125032,126.81539945728916,32.243740684103585,646018383.4347,2561024.0,2012
1166,0.007133480719856679,460.57793515969075,13.281902934294903,28483.49260013995,1.0240000486373901,0.3,-0.3779999999999999,-0.505,28395.288127361935,126.81539945728916,32.243740684103585,646018383.4347,2561024.0,2012
1167,0.005873453841734516,729.9668340323904,14.293989053283013,28483.49260013995,1.0240000486373901,-0.10000000000000003,-0.3779999999999999,-0.505,28381.333538612264,126.81539945728916,32.243740684103585,646018383.4347,2561024.0,2012
1168,0.006000072120864593,729.9668340323904,14.129125297025896,28483.49260013995,1.0240000486373901,0.09999999999999998,-0.3779999999999999,-0.505,28383.676509310422,126.81539945728916,32.243740684103585,646018383.4347,2561024.0,2012
1169,0.0059563149222378745,729.9668340323904,13.867595666990006,28483.49260013995,1.0240000486373901,0.3,-0.3779999999999999,-0.505,28387.33749534839,126.81539945728916,32.243740684103585,646018383.4347,2561024.0,2012
1170,0.01123231283844134,290.605030894529,13.339504111044343,28483.49260013995,1.0240000486373901,-0.10000000000000003,-0.3759999999999999,-0.505,28394.521415175666,126.66969084485001,32.19467592355152,646018383.4347,2561024.0,2012
1171,0.010051240469837401,290.605030894529,13.11265488991906,28483.49260013995,1.0240000486373901,0.09999999999999998,-0.3759999999999999,-0.505,28397.52174100889,126.66969084485001,32.19467592355152,646018383.4347,2561024.0,2012
1172,0.00885620798114668,290.605030894529,12.83649421593251,28483.49260013995,1.0240000486373901,0.3,-0.3759999999999999,-0.505,28401.104808262116,126.66969084485001,32.19467592355152,646018383.4347,2561024.0,2012
1173,0.008151725869390784,460.57793515969075,14.197382532541521,28483.49260013995,1.0240000486373901,-0.10000000000000003,-0.3759999999999999,-0.505,28382.709764752293,126.66969084485001,32.19467592355152,646018383.4347,2561024.0,2012
1174,0.00778209919771844,460.57793515969075,13.975806235303406,28483.49260013995,1.0240000486373901,0.09999999999999998,-0.3759999999999999,-0.505,28385.831020176578,126.66969084485001,32.19467592355152,646018383.4347,2561024.0,2012
1175,0.007271798594625424,460.57793515969075,13.683649168854384,28483.49260013995,1.0240000486373901,0.3,-0.3759999999999999,-0.505,28389.871472851806,126.66969084485001,32.19467592355152,646018383.4347,2561024.0,2012
1176,0.005970098606261362,729.9668340323904,14.648751935633879,28483.49260013995,1.0240000486373901,-0.10000000000000003,-0.3759999999999999,-0.505,28376.199633504082,126.66969084485001,32.19467592355152,646018383.4347,2561024.0,2012
1177,0.006101954110955532,729.9668340323904,14.497347947971445,28483.49260013995,1.0240000486373901,0.09999999999999998,-0.3759999999999999,-0.505,28378.406051377675,126.66969084485001,32.19467592355152,646018383.4347,2561024.0,2012
1178,0.006061619436884876,729.9668340323904,14.248612529017532,28483.49260013995,1.0240000486373901,0.3,-0.3759999999999999,-0.505,28381.981120638913,126.66969084485001,32.19467592355152,646018383.4347,2561024.0,2012
1179,0.011382366107618473,290.605030894529,13.477030614659519,28483.49260013995,1.0240000486373901,-0.10000000000000003,-0.3739999999999999,-0.505,28392.677423045716,126.52342834549886,32.14572608751142,646018383.4347,2561024.0,2012
1180,0.010184221876970474,290.605030894529,13.239807537048899,28483.49260013995,1.0240000486373901,0.09999999999999998,-0.3739999999999999,-0.505,28395.846348330902,126.52342834549886,32.14572608751142,646018383.4347,2561024.0,2012
1181,0.008971857289841734,290.605030894529,12.951990529499342,28483.49260013995,1.0240000486373901,0.3,-0.3739999999999999,-0.505,28399.61557080183,126.52342834549886,32.14572608751142,646018383.4347,2561024.0,2012
1182,0.008246675292670296,460.57793515969075,14.335555074195096,28483.49260013995,1.0240000486373901,-0.10000000000000003,-0.3739999999999999,-0.505,28380.73853049731,126.52342834549886,32.14572608751142,646018383.4347,2561024.0,2012
1183,0.007874123498360848,460.57793515969075,14.107263551482363,28483.49260013995,1.0240000486373901,0.09999999999999998,-0.3739999999999999,-0.505,28383.98515768446,126.52342834549886,32.14572608751142,646018383.4347,2561024.0,2012
1184,0.007358910428418544,460.57793515969075,13.806396538496747,28483.49260013995,1.0240000486373901,0.3,-0.3739999999999999,-0.505,28388.184307450843,126.52342834549886,32.14572608751142,646018383.4347,2561024.0,2012
1185,0.0060292854186669,729.9668340323904,14.776034805408408,28483.49260013995,1.0240000486373901,-0.10000000000000003,-0.3739999999999999,-0.505,28374.32699785463,126.52342834549886,32.14572608751142,646018383.4347,2561024.0,2012
1186,0.006164816215889536,729.9668340323904,14.622455300238755,28483.49260013995,1.0240000486373901,0.09999999999999998,-0.3739999999999999,-0.505,28376.58450063621,126.52342834549886,32.14572608751142,646018383.4347,2561024.0,2012
1187,0.006126502637399499,729.9668340323904,14.36909419187195,28483.49260013995,1.0240000486373901,0.3,-0.3739999999999999,-0.505,28380.257166192507,126.52342834549886,32.14572608751142,646018383.4347,2561024.0,2012
1188,0.01085054757947792,290.605030894529,12.880971540672167,28483.49260013995,1.0240000486373901,-0.10000000000000003,-0.3779999999999999,-0.503,28400.532886224148,126.92453441839267,32.178114523367995,646018383.4347,2561024.0,2012
1189,0.0096808460969396,290.605030894529,12.626367458267145,28483.49260013995,1.0240000486373901,0.09999999999999998,-0.3779999999999999,-0.503,28403.780022544357,126.92453441839267,32.178114523367995,646018383.4347,2561024.0,2012
1190,0.008501007765191691,290.605030894529,12.319171281322761,28483.49260013995,1.0240000486373901,0.3,-0.3779999999999999,-0.503,28407.611609610667,126.92453441839267,32.178114523367995,646018383.4347,2561024.0,2012
1191,0.007927891261576893,460.57793515969075,13.79192682199086,28483.49260013995,1.0240000486373901,-0.10000000000000003,-0.3779999999999999,-0.503,28388.383977408375,126.92453441839267,32.178114523367995,646018383.4347,2561024.0,2012
1192,0.007544786411504026,460.57793515969075,13.537731573575567,28483.49260013995,1.0240000486373901,0.09999999999999998,-0.3779999999999999,-0.503,28391.85751206086,126.92453441839267,32.178114523367995,646018383.4347,2561024.0,2012
1193,0.007024370764340788,460.57793515969075,13.208933715092934,28483.49260013995,1.0240000486373901,0.3,-0.3779999999999999,-0.503,28396.25463519509,126.92453441839267,32.178114523367995,646018383.4347,2561024.0,2012
1194,0.005835813986990294,729.9668340323904,14.298372753740301,28483.49260013995,1.0240000486373901,-0.10000000000000003,-0.3779999999999999,-0.503,28381.2708684375,126.92453441839267,32.178114523367995,646018383.4347,2561024.0,2012
1195,0.005945762782666932,729.9668340323904,14.108816009041487,28483.49260013995,1.0240000486373901,0.09999999999999998,-0.3779999999999999,-0.503,28383.963255551458,126.92453441839267,32.178114523367995,646018383.4347,2561024.0,2012
1196,0.005884016783524397,729.9668340323904,13.816967274805984,28483.49260013995,1.0240000486373901,0.3,-0.3779999999999999,-0.503,28388.03830780342,126.92453441839267,32.178114523367995,646018383.4347,2561024.0,2012
1197,0.011342031246823838,290.605030894529,13.459037681982721,28483.49260013995,1.0240000486373901,-0.10000000000000003,-0.3759999999999999,-0.503,28392.919752477435,126.77866240526,32.12885367744328,646018383.4347,2561024.0,2012
1198,0.010145593429905226,290.605030894529,13.223592374189138,28483.49260013995,1.0240000486373901,0.09999999999999998,-0.3759999999999999,-0.503,28396.060902500594,126.77866240526,32.12885367744328,646018383.4347,2561024.0,2012
1199,0.008935834262454522,290.605030894529,12.936780411686556,28483.49260013995,1.0240000486373901,0.3,-0.3759999999999999,-0.503,28399.812456429852,126.77866240526,32.12885367744328,646018383.4347,2561024.0,2012
1200,0.0082261366927323,460.57793515969075,14.310482870351393,28483.49260013995,1.0240000486373901,-0.10000000000000003,-0.3759999999999999,-0.503,28381.09764014864,126.77866240526,32.12885367744328,646018383.4347,2561024.0,2012
1201,0.007851050660091105,460.57793515969075,14.083995800751305,28483.49260013995,1.0240000486373901,0.09999999999999998,-0.3759999999999999,-0.503,28384.31313128216,126.77866240526,32.12885367744328,646018383.4347,2561024.0,2012
1202,0.007334011152645896,460.57793515969075,13.784292951996317,28483.49260013995,1.0240000486373901,0.3,-0.3759999999999999,-0.503,28388.489234046723,126.77866240526,32.12885367744328,646018383.4347,2561024.0,2012
1203,0.0060201834153228405,729.9668340323904,14.7508026677179,28483.49260013995,1.0240000486373901,-0.10000000000000003,-0.3759999999999999,-0.503,28374.699510468974,126.77866240526,32.12885367744328,646018383.4347,2561024.0,2012
1204,0.006152472343163113,729.9668340323904,14.598494407569595,28483.49260013995,1.0240000486373901,0.09999999999999998,-0.3759999999999999,-0.503,28376.93458065603,126.77866240526,32.12885367744328,646018383.4347,2561024.0,2012
1205,0.006110671464249355,729.9668340323904,14.345672744827052,28483.49260013995,1.0240000486373901,0.3,-0.3759999999999999,-0.503,28380.593436889114,126.77866240526,32.12885367744328,646018383.4347,2561024.0,2012
1206,0.011335647045319523,290.605030894529,13.575921796232963,28483.49260013995,1.0240000486373901,-0.10000000000000003,-0.3739999999999999,-0.503,28391.339773831234,126.6322330441553,32.0797076622116,646018383.4347,2561024.0,2012
1207,0.010146194860215781,290.605030894529,13.347414190032225,28483.49260013995,1.0240000486373901,0.09999999999999998,-0.3739999999999999,-0.503,28394.415867359814,126.6322330441553,32.0797076622116,646018383.4347,2561024.0,2012
1208,0.008943554137259948,290.605030894529,13.068885330372575,28483.49260013995,1.0240000486373901,0.3,-0.3739999999999999,-0.503,28398.094718250737,126.6322330441553,32.0797076622116,646018383.4347,2561024.0,2012
1209,0.008217386327282332,460.57793515969075,14.4102616065634,28483.49260013995,1.0240000486373901,-0.10000000000000003,-0.3739999999999999,-0.503,28379.664780355153,126.6322330441553,32.0797076622116,646018383.4347,2561024.0,2012
1210,0.007845271254007096,460.57793515969075,14.191398936563676,28483.49260013995,1.0240000486373901,0.09999999999999998,-0.3739999999999999,-0.503,28382.7946982516,126.6322330441553,32.0797076622116,646018383.4347,2561024.0,2012
1211,0.007332621305604538,460.57793515969075,13.900959365952938,28483.49260013995,1.0240000486373901,0.3,-0.3739999999999999,-0.503,28386.874264493013,126.6322330441553,32.0797076622116,646018383.4347,2561024.0,2012
1212,0.006015932215900513,729.9668340323904,14.83735064774652,28483.49260013995,1.0240000486373901,-0.10000000000000003,-0.3739999999999999,-0.503,28373.41911301786,126.6322330441553,32.0797076622116,646018383.4347,2561024.0,2012
1213,0.006148298475211786,729.9668340323904,14.693081533178358,28483.49260013995,1.0240000486373901,0.09999999999999998,-0.3739999999999999,-0.503,28375.549277669637,126.6322330441553,32.0797076622116,646018383.4347,2561024.0,2012
1214,0.006107980888989864,729.9668340323904,14.450046930742579,28483.49260013995,1.0240000486373901,0.3,-0.3739999999999999,-0.503,28379.09067198962,126.6322330441553,32.0797076622116,646018383.4347,2561024.0,2012
1215,0.007083622865855273,579.833266684221,14.79627407611991,28483.49260013995,1.0240000486373901,-0.20000000000000004,-0.3749999999999999,-0.504,28374.02773687212,126.65100366014354,32.13722664454058,646018383.4347,2561024.0,2012
1216,0.007098193688360904,579.833266684221,14.727883795818023,28483.49260013995,1.0240000486373901,-0.10000000000000003,-0.3749999999999999,-0.504,28375.03731958839,126.65100366014354,32.13722664454058,646018383.4347,2561024.0,2012
1217,0.007075285324758015,579.833266684221,14.641498952084284,28483.49260013995,1.0240000486373901,-2.7755575615628914e-17,-0.3749999999999999,-0.504,28376.30585435801,126.65100366014354,32.13722664454058,646018383.4347,2561024.0,2012
1218,0.005951259334797722,729.9668340323904,14.932901419622839,28483.49260013995,1.0240000486373901,-0.20000000000000004,-0.3749999999999999,-0.504,28371.996827735864,126.65100366014354,32.13722664454058,646018383.4347,2561024.0,2012
1219,0.006074531064484063,729.9668340323904,14.891440811936564,28483.49260013995,1.0240000486373901,-0.10000000000000003,-0.3749999999999999,-0.504,28372.615095412246,126.65100366014354,32.13722664454058,646018383.4347,2561024.0,2012
1220,0.006163108896575093,729.9668340323904,14.829621232662765,28483.49260013995,1.0240000486373901,-2.7755575615628914e-17,-0.3749999999999999,-0.504,28373.53376718783,126.65100366014354,32.13722664454058,646018383.4347,2561024.0,2012
1221,0.005012403267068882,918.9737971303117,14.978234955759532,28483.49260013995,1.0240000486373901,-0.20000000000000004,-0.3749999999999999,-0.504,28371.318838944982,126.65100366014354,32.13722664454058,646018383.4347,2561024.0,2012
1222,0.005212656805266204,918.9737971303117,14.968975532198732,28483.49260013995,1.0240000486373901,-0.10000000000000003,-0.3749999999999999,-0.504,28371.45748589817,126.65100366014354,32.13722664454058,646018383.4347,2561024.0,2012
1223,0.005384314505797771,918.9737971303117,14.937484149459307,28483.49260013995,1.0240000486373901,-2.7755575615628914e-17,-0.3749999999999999,-0.504,28371.928383782277,126.65100366014354,32.13722664454058,646018383.4347,2561024.0,2012
1224,0.006982984084497424,579.833266684221,14.721667044115806,28483.49260013995,1.0240000486373901,-0.20000000000000004,-0.3739999999999999,-0.504,28375.128859861048,126.57776108496553,32.11271718126721,646018383.4347,2561024.0,2012
1225,0.0069908780856032205,579.833266684221,14.647698693999176,28483.49260013995,1.0240000486373901,-0.10000000000000003,-0.3739999999999999,-0.504,28376.21506162486,126.57776108496553,32.11271718126721,646018383.4347,2561024.0,2012
1226,0.006961655139201457,579.833266684221,14.555737922819313,28483.49260013995,1.0240000486373901,-2.7755575615628914e-17,-0.3739999999999999,-0.504,28377.55784690105,126.57776108496553,32.11271718126721,646018383.4347,2561024.0,2012
1227,0.0058807692561219605,729.9668340323904,14.872958993684641,28483.49260013995,1.0240000486373901,-0.20000000000000004,-0.3739999999999999,-0.504,28372.89014552604,126.57776108496553,32.11271718126721,646018383.4347,2561024.0,2012
1228,0.005996560906243615,729.9668340323904,14.825113355090107,28483.49260013995,1.0240000486373901,-0.10000000000000003,-0.3739999999999999,-0.504,28373.600607144315,126.57776108496553,32.11271718126721,646018383.4347,2561024.0,2012
1229,0.006077600295996692,729.9668340323904,14.756748887142338,28483.49260013995,1.0240000486373901,-2.7755575615628914e-17,-0.3739999999999999,-0.504,28374.611781280862,126.57776108496553,32.11271718126721,646018383.4347,2561024.0,2012
1230,0.0049634704440060596,918.9737971303117,14.93180155227229,28483.49260013995,1.0240000486373901,-0.20000000000000004,-0.3739999999999999,-0.504,28372.01325134173,126.57776108496553,32.11271718126721,646018383.4347,2561024.0,2012
1231,0.005156379316087865,918.9737971303117,14.915704811873752,28483.49260013995,1.0240000486373901,-0.10000000000000003,-0.3739999999999999,-0.504,28372.253475122474,126.57776108496553,32.11271718126721,646018383.4347,2561024.0,2012
1232,0.005320256122736706,918.9737971303117,14.877017855187951,28483.49260013995,1.0240000486373901,-2.7755575615628914e-17,-0.3739999999999999,-0.504,28372.82977000816,126.57776108496553,32.11271718126721,646018383.4347,2561024.0,2012
1233,0.006989479305663146,579.833266684221,14.68341848797446,28483.49260013995,1.0240000486373901,-0.20000000000000004,-0.3729999999999999,-0.504,28375.691210893456,126.50437929026928,32.08823680996916,646018383.4347,2561024.0,2012
1234,0.007000651656359023,579.833266684221,14.61191859423736,28483.49260013995,1.0240000486373901,-0.10000000000000003,-0.3729999999999999,-0.504,28376.73851763764,126.50437929026928,32.08823680996916,646018383.4347,2561024.0,2012
1235,0.006974947194986632,579.833266684221,14.522766591412493,28483.49260013995,1.0240000486373901,-2.7755575615628914e-17,-0.3729999999999999,-0.504,28378.037225405627,126.50437929026928,32.08823680996916,646018383.4347,2561024.0,2012
1236,0.0058804990367611575,729.9668340323904,14.830393714501447,28483.49260013995,1.0240000486373901,-0.20000000000000004,-0.3729999999999999,-0.504,28373.52231127639,126.50437929026928,32.08823680996916,646018383.4347,2561024.0,2012
1237,0.005999056289694318,729.9668340323904,14.784827402260463,28483.49260013995,1.0240000486373901,-0.10000000000000003,-0.3729999999999999,-0.504,28374.197039482635,126.50437929026928,32.08823680996916,646018383.4347,2561024.0,2012
1238,0.006083260990434853,729.9668340323904,14.719173837220232,28483.49260013995,1.0240000486373901,-2.7755575615628914e-17,-0.3729999999999999,-0.504,28375.165560914797,126.50437929026928,32.08823680996916,646018383.4347,2561024.0,2012
1239,0.00495934238660005,918.9737971303117,14.88627318057153,28483.49260013995,1.0240000486373901,-0.20000000000000004,-0.3729999999999999,-0.504,28372.69203553665,126.50437929026928,32.08823680996916,646018383.4347,2561024.0,2012
1240,0.005154350088086427,918.9737971303117,14.872069119905834,28483.49260013995,1.0240000486373901,-0.10000000000000003,-0.3729999999999999,-0.504,28372.903380186322,126.50437929026928,32.08823680996916,646018383.4347,2561024.0,2012
1241,0.0053208288561293286,918.9737971303117,14.835802909504539,28483.49260013995,1.0240000486373901,-2.7755575615628914e-17,-0.3729999999999999,-0.504,28373.44207615512,126.50437929026928,32.08823680996916,646018383.4347,2561024.0,2012
1242,0.007109825604970287,579.833266684221,14.778468132319336,28483.49260013995,1.0240000486373901,-0.20000000000000004,-0.3749999999999999,-0.503,28374.29103997096,126.70551747344713,32.104266222783465,646018383.4347,2561024.0,2012
1243,0.0071287506170281565,579.833266684221,14.715011799576391,28483.49260013995,1.0240000486373901,-0.10000000000000003,-0.3749999999999999,-0.503,28375.226814009115,126.70551747344713,32.104266222783465,646018383.4347,2561024.0,2012
1244,0.0071102800884939935,579.833266684221,14.633719247179847,28483.49260013995,1.0240000486373901,-2.7755575615628914e-17,-0.3749999999999999,-0.503,28376.41973063731,126.70551747344713,32.104266222783465,646018383.4347,2561024.0,2012
1245,0.00596538848660096,729.9668340323904,14.906104453938337,28483.49260013995,1.0240000486373901,-0.20000000000000004,-0.3749999999999999,-0.503,28372.39662514409,126.70551747344713,32.104266222783465,646018383.4347,2561024.0,2012
1246,0.006092740603814336,729.9668340323904,14.869644959891843,28483.49260013995,1.0240000486373901,-0.10000000000000003,-0.3749999999999999,-0.503,28372.939429523332,126.70551747344713,32.104266222783465,646018383.4347,2561024.0,2012
1247,0.006185700149984439,729.9668340323904,14.813115496837069,28483.49260013995,1.0240000486373901,-2.7755575615628914e-17,-0.3749999999999999,-0.503,28373.778404778634,126.70551747344713,32.104266222783465,646018383.4347,2561024.0,2012
1248,0.005018744734756635,918.9737971303117,14.944419851147279,28483.49260013995,1.0240000486373901,-0.20000000000000004,-0.3749999999999999,-0.503,28371.82475779627,126.70551747344713,32.104266222783465,646018383.4347,2561024.0,2012
1249,0.005222494523664543,918.9737971303117,14.939955553757704,28483.49260013995,1.0240000486373901,-0.10000000000000003,-0.3749999999999999,-0.503,28371.891464165823,126.70551747344713,32.104266222783465,646018383.4347,2561024.0,2012
1250,0.0053981165954249425,918.9737971303117,14.913693604676364,28483.49260013995,1.0240000486373901,-2.7755575615628914e-17,-0.3749999999999999,-0.503,28372.28347167287,126.70551747344713,32.104266222783465,646018383.4347,2561024.0,2012
1251,0.0070100668461838414,579.833266684221,14.739174552071587,28483.49260013995,1.0240000486373901,-0.20000000000000004,-0.3739999999999999,-0.503,28374.870966901733,126.6322330441553,32.0797076622116,646018383.4347,2561024.0,2012
1252,0.00702267758878659,579.833266684221,14.67201728538174,28483.49260013995,1.0240000486373901,-0.10000000000000003,-0.3739999999999999,-0.503,28375.85855452868,126.6322330441553,32.0797076622116,646018383.4347,2561024.0,2012
1253,0.0069983692236348025,579.833266684221,14.587225855270447,28483.49260013995,1.0240000486373901,-2.7755575615628914e-17,-0.3739999999999999,-0.503,28377.099021063616,126.6322330441553,32.0797076622116,646018383.4347,2561024.0,2012
1254,0.005895849759645697,729.9668340323904,14.878262685327522,28483.49260013995,1.0240000486373901,-0.20000000000000004,-0.3739999999999999,-0.503,28372.811249873146,126.6322330441553,32.0797076622116,646018383.4347,2561024.0,2012
1255,0.006015932215900513,729.9668340323904,14.83735064774652,28483.49260013995,1.0240000486373901,-0.10000000000000003,-0.3739999999999999,-0.503,28373.41911301786,126.6322330441553,32.0797076622116,646018383.4347,2561024.0,2012
1256,0.006101661135753149,729.9668340323904,14.776409493593706,28483.49260013995,1.0240000486373901,-2.7755575615628914e-17,-0.3739999999999999,-0.503,28374.321461378768,126.6322330441553,32.0797076622116,646018383.4347,2561024.0,2012
1257,0.004970909137497985,918.9737971303117,14.927239551414484,28483.49260013995,1.0240000486373901,-0.20000000000000004,-0.3739999999999999,-0.503,28372.081359827294,126.6322330441553,32.0797076622116,646018383.4347,2561024.0,2012
1258,0.005167445410520216,918.9737971303117,14.917931823767516,28483.49260013995,1.0240000486373901,-0.10000000000000003,-0.3739999999999999,-0.503,28372.220255190663,126.6322330441553,32.0797076622116,646018383.4347,2561024.0,2012
1259,0.005335490937175438,918.9737971303117,14.886665234817627,28483.49260013995,1.0240000486373901,-2.7755575615628914e-17,-0.3739999999999999,-0.503,28372.686199233187,126.6322330441553,32.0797076622116,646018383.4347,2561024.0,2012
1260,0.007002804844920776,579.833266684221,14.643599999827888,28483.49260013995,1.0240000486373901,-0.20000000000000004,-0.3729999999999999,-0.503,28376.27508966247,126.55880895841265,32.05517818267958,646018383.4347,2561024.0,2012
1261,0.00701760611670987,579.833266684221,14.576046438548154,28483.49260013995,1.0240000486373901,-0.10000000000000003,-0.3729999999999999,-0.503,28377.262035250595,126.55880895841265,32.05517818267958,646018383.4347,2561024.0,2012
1262,0.006995648880715848,579.833266684221,14.491007724281767,28483.49260013995,1.0240000486373901,-2.7755575615628914e-17,-0.3729999999999999,-0.503,28378.497947707354,126.55880895841265,32.05517818267958,646018383.4347,2561024.0,2012
1263,0.005885226083004138,729.9668340323904,14.784152027298239,28483.49260013995,1.0240000486373901,-0.20000000000000004,-0.3729999999999999,-0.503,28374.207024556817,126.55880895841265,32.05517818267958,646018383.4347,2561024.0,2012
1264,0.006007049478875827,729.9668340323904,14.742453937629342,28483.49260013995,1.0240000486373901,-0.10000000000000003,-0.3729999999999999,-0.503,28374.82262608839,126.55880895841265,32.05517818267958,646018383.4347,2561024.0,2012
1265,0.00609481890392898,729.9668340323904,14.68095086129167,28483.49260013995,1.0240000486373901,-2.7755575615628914e-17,-0.3729999999999999,-0.503,28375.72744104412,126.55880895841265,32.05517818267958,646018383.4347,2561024.0,2012
1266,0.0049587702380853894,918.9737971303117,14.8353338723871,28483.49260013995,1.0240000486373901,-0.20000000000000004,-0.3729999999999999,-0.503,28373.449034587353,126.55880895841265,32.05517818267958,646018383.4347,2561024.0,2012
1267,0.005156456786055714,918.9737971303117,14.824685443657863,28483.49260013995,1.0240000486373901,-0.10000000000000003,-0.3729999999999999,-0.503,28373.60695088825,126.55880895841265,32.05517818267958,646018383.4347,2561024.0,2012
1268,0.00532604733173901,918.9737971303117,14.792384345545214,28483.49260013995,1.0240000486373901,-2.7755575615628914e-17,-0.3729999999999999,-0.503,28374.085282826785,126.55880895841265,32.05517818267958,646018383.4347,2561024.0,2012
1269,0.0069424730191536,579.833266684221,14.58770050618478,28483.49260013995,1.0240000486373901,-0.20000000000000004,-0.3749999999999999,-0.502,28377.09209711088,126.76017078443208,32.07130541811431,646018383.4347,2561024.0,2012
1270,0.006952357619625342,579.833266684221,14.517608778021437,28483.49260013995,1.0240000486373901,-0.10000000000000003,-0.3749999999999999,-0.502,28378.11211782411,126.76017078443208,32.07130541811431,646018383.4347,2561024.0,2012
1271,0.006925460261491205,579.833266684221,14.429779437691366,28483.49260013995,1.0240000486373901,-2.7755575615628914e-17,-0.3749999999999999,-0.502,28379.38333282974,126.76017078443208,32.07130541811431,646018383.4347,2561024.0,2012
1272,0.005843993926792752,729.9668340323904,14.736288483701331,28483.49260013995,1.0240000486373901,-0.20000000000000004,-0.3749999999999999,-0.502,28374.913501002517,126.76017078443208,32.07130541811431,646018383.4347,2561024.0,2012
1273,0.0059607606685809205,729.9668340323904,14.691714941959628,28483.49260013995,1.0240000486373901,-0.10000000000000003,-0.3749999999999999,-0.502,28375.56935617205,126.76017078443208,32.07130541811431,646018383.4347,2561024.0,2012
1274,0.006043177486316394,729.9668340323904,14.626989873090185,28483.49260013995,1.0240000486373901,-2.7755575615628914e-17,-0.3749999999999999,-0.502,28376.51818376621,126.76017078443208,32.07130541811431,646018383.4347,2561024.0,2012
1275,0.004930815995399948,918.9737971303117,14.79504687446782,28483.49260013995,1.0240000486373901,-0.20000000000000004,-0.3749999999999999,-0.502,28374.0458941311,126.76017078443208,32.07130541811431,646018383.4347,2561024.0,2012
1276,0.005123825700832383,918.9737971303117,14.781385388214918,28483.49260013995,1.0240000486373901,-0.10000000000000003,-0.3749999999999999,-0.502,28374.247923142484,126.76017078443208,32.07130541811431,646018383.4347,2561024.0,2012
1277,0.005288225783600796,918.9737971303117,14.745616771320597,28483.49260013995,1.0240000486373901,-2.7755575615628914e-17,-0.3749999999999999,-0.502,28374.775993156625,126.76017078443208,32.07130541811431,646018383.4347,2561024.0,2012
1278,0.006831781234437778,579.833266684221,14.472697970679025,28483.49260013995,1.0240000486373901,-0.20000000000000004,-0.3739999999999999,-0.502,28378.763106864702,126.68684466000053,32.04669766644536,646018383.4347,2561024.0,2012
1279,0.006835825618939221,579.833266684221,14.398268260990914,28483.49260013995,1.0240000486373901,-0.10000000000000003,-0.3739999999999999,-0.502,28379.83753568222,126.68684466000053,32.04669766644536,646018383.4347,2561024.0,2012
1280,0.006803590368194572,579.833266684221,14.306332692733735,28483.49260013995,1.0240000486373901,-2.7755575615628914e-17,-0.3739999999999999,-0.502,28381.15702258236,126.68684466000053,32.04669766644536,646018383.4347,2561024.0,2012
1281,0.0057646748837247175,729.9668340323904,14.636802775401227,28483.49260013995,1.0240000486373901,-0.20000000000000004,-0.3739999999999999,-0.502,28376.374602396954,126.68684466000053,32.04669766644536,646018383.4347,2561024.0,2012
1282,0.005874433112611628,729.9668340323904,14.58670878248936,28483.49260013995,1.0240000486373901,-0.10000000000000003,-0.3739999999999999,-0.502,28377.106563587375,126.68684466000053,32.04669766644536,646018383.4347,2561024.0,2012
1283,0.005949945530211053,729.9668340323904,14.516563692939524,28483.49260013995,1.0240000486373901,-2.7755575615628914e-17,-0.3739999999999999,-0.502,28378.127289414366,126.68684466000053,32.04669766644536,646018383.4347,2561024.0,2012
1284,0.004874274606308623,918.9737971303117,14.710460592199457,28483.49260013995,1.0240000486373901,-0.20000000000000004,-0.3739999999999999,-0.502,28375.293774722624,126.68684466000053,32.04669766644536,646018383.4347,2561024.0,2012
1285,0.005060122941119871,918.9737971303117,14.690437759823213,28483.49260013995,1.0240000486373901,-0.10000000000000003,-0.3739999999999999,-0.502,28375.58811935233,126.68684466000053,32.04669766644536,646018383.4347,2561024.0,2012
1286,0.005217091083442806,918.9737971303117,14.648233201153719,28483.49260013995,1.0240000486373901,-2.7755575615628914e-17,-0.3739999999999999,-0.502,28376.20723218226,126.68684466000053,32.04669766644536,646018383.4347,2561024.0,2012
1287,0.006894912127450891,579.833266684221,14.452113325668675,28483.49260013995,1.0240000486373901,-0.20000000000000004,-0.3729999999999999,-0.502,28379.060810350966,126.61337844095743,32.02211898453213,646018383.4347,2561024.0,2012
1288,0.0069047935112136255,579.833266684221,14.380998830379712,28483.49260013995,1.0240000486373901,-0.10000000000000003,-0.3729999999999999,-0.502,28380.08603646026,126.61337844095743,32.02211898453213,646018383.4347,2561024.0,2012
1289,0.006878375424138584,579.833266684221,14.292713521127071,28483.49260013995,1.0240000486373901,-2.7755575615628914e-17,-0.3729999999999999,-0.502,28381.351770241447,126.61337844095743,32.02211898453213,646018383.4347,2561024.0,2012
1290,0.005806778383745842,729.9668340323904,14.610397128837018,28483.49260013995,1.0240000486373901,-0.20000000000000004,-0.3729999999999999,-0.502,28376.760748008786,126.61337844095743,32.02211898453213,646018383.4347,2561024.0,2012
1291,0.005922592062813055,729.9668340323904,14.5636379107129,28483.49260013995,1.0240000486373901,-0.10000000000000003,-0.3729999999999999,-0.502,28377.442825542774,126.61337844095743,32.02211898453213,646018383.4347,2561024.0,2012
1292,0.006004467593493034,729.9668340323904,14.497288113887242,28483.49260013995,1.0240000486373901,-2.7755575615628914e-17,-0.3729999999999999,-0.502,28378.406918811423,126.61337844095743,32.02211898453213,646018383.4347,2561024.0,2012
1293,0.00490155570449821,918.9737971303117,14.679052131652437,28483.49260013995,1.0240000486373901,-0.20000000000000004,-0.3729999999999999,-0.502,28375.755314398066,126.61337844095743,32.02211898453213,646018383.4347,2561024.0,2012
1294,0.005093037037360775,918.9737971303117,14.66213681729131,28483.49260013995,1.0240000486373901,-0.10000000000000003,-0.3729999999999999,-0.502,28376.003472115466,126.61337844095743,32.02211898453213,646018383.4347,2561024.0,2012
1295,0.005256228199896857,918.9737971303117,14.62364897502683,28483.49260013995,1.0240000486373901,-2.7755575615628914e-17,-0.3729999999999999,-0.502,28376.56704546755,126.61337844095743,32.02211898453213,646018383.4347,2561024.0,2012
1296,0.010878655947380515,290.605030894529,12.868347313632114,28483.492600086298,1.0240000486373901,-0.10000000000000003,-0.4019999999999999,-0.495,28400.695418794166,129.08078362869446,32.524626443791504,646018383.4347,2561024.0,2012
1297,0.009727007126519737,290.605030894529,12.634901297872895,28483.492600086298,1.0240000486373901,0.09999999999999998,-0.4019999999999999,-0.495,28403.672234682803,129.08078362869446,32.524626443791504,646018383.4347,2561024.0,2012
1298,0.008566103404551172,290.605030894529,12.355748984882526,28483.492600086298,1.0240000486373901,0.3,-0.4019999999999999,-0.495,28407.160333597585,129.08078362869446,32.524626443791504,646018383.4347,2561024.0,2012
1299,0.007944412154093772,460.57793515969075,13.771320130543,28483.492600086298,1.0240000486373901,-0.10000000000000003,-0.4019999999999999,-0.495,28388.66797101735,129.08078362869446,32.524626443791504,646018383.4347,2561024.0,2012
1300,0.007572118268794931,460.57793515969075,13.533278368910459,28483.492600086298,1.0240000486373901,0.09999999999999998,-0.4019999999999999,-0.495,28391.917788381088,129.08078362869446,32.524626443791504,646018383.4347,2561024.0,2012
1301,0.007065845219534716,460.57793515969075,13.228201866784056,28483.492600086298,1.0240000486373901,0.3,-0.4019999999999999,-0.495,28395.999937772103,129.08078362869446,32.524626443791504,646018383.4347,2561024.0,2012
1302,0.0058487956615415,729.9668340323904,14.27913653199979,28483.492600086298,1.0240000486373901,-0.10000000000000003,-0.4019999999999999,-0.495,28381.545730036552,129.08078362869446,32.524626443791504,646018383.4347,2561024.0,2012
1303,0.005965473776522696,729.9668340323904,14.101088281194654,28483.492600086298,1.0240000486373901,0.09999999999999998,-0.4019999999999999,-0.495,28384.072254729275,129.08078362869446,32.524626443791504,646018383.4347,2561024.0,2012
1304,0.005914168555166534,729.9668340323904,13.828505994182425,28483.492600086298,1.0240000486373901,0.3,-0.4019999999999999,-0.495,28387.87881107073,129.08078362869446,32.524626443791504,646018383.4347,2561024.0,2012
1305,0.011057297429526202,290.605030894529,13.046033623055271,28483.492600086298,1.0240000486373901,-0.10000000000000003,-0.3999999999999999,-0.495,28398.393103439354,128.94101227602167,32.47331727341144,646018383.4347,2561024.0,2012
1306,0.00989976086679642,290.605030894529,12.82662953634123,28483.492600086298,1.0240000486373901,0.09999999999999998,-0.3999999999999999,-0.495,28401.231387455027,128.94101227602167,32.47331727341144,646018383.4347,2561024.0,2012
1307,0.008728904041018564,290.605030894529,12.559576343001442,28483.492600086298,1.0240000486373901,0.3,-0.3999999999999999,-0.495,28404.621121128457,128.94101227602167,32.47331727341144,646018383.4347,2561024.0,2012
1308,0.008039600044307175,460.57793515969075,13.906713227854524,28483.492600086298,1.0240000486373901,-0.10000000000000003,-0.3999999999999999,-0.495,28386.794263685406,128.94101227602167,32.47331727341144,646018383.4347,2561024.0,2012
1309,0.00767533429231144,460.57793515969075,13.687955950731727,28483.492600086298,1.0240000486373901,0.09999999999999998,-0.3999999999999999,-0.495,28389.812531031712,128.94101227602167,32.47331727341144,646018383.4347,2561024.0,2012
1310,0.007173812943513668,460.57793515969075,13.401136467845019,28483.492600086298,1.0240000486373901,0.3,-0.3999999999999999,-0.495,28393.697370771395,128.94101227602167,32.47331727341144,646018383.4347,2561024.0,2012
1311,0.0059013556120076135,729.9668340323904,14.381408057563423,28483.492600086298,1.0240000486373901,-0.10000000000000003,-0.3999999999999999,-0.495,28380.080151227223,128.94101227602167,32.47331727341144,646018383.4347,2561024.0,2012
1312,0.006029557474103779,729.9668340323904,14.225505962991388,28483.492600086298,1.0240000486373901,0.09999999999999998,-0.3999999999999999,-0.495,28382.310090134746,128.94101227602167,32.47331727341144,646018383.4347,2561024.0,2012
1313,0.005988645584764939,729.9668340323904,13.975363854284335,28483.492600086298,1.0240000486373901,0.3,-0.3999999999999999,-0.495,28385.83720265648,128.94101227602167,32.47331727341144,646018383.4347,2561024.0,2012
1314,0.010784131987561127,290.605030894529,12.75946315260677,28483.492600086298,1.0240000486373901,-0.10000000000000003,-0.3979999999999999,-0.495,28402.090650114933,128.80068768376256,32.422104784279504,646018383.4347,2561024.0,2012
1315,0.009660638704018908,290.605030894529,12.551072470711288,28483.492600086298,1.0240000486373901,0.09999999999999998,-0.3979999999999999,-0.495,28404.727890003775,128.80068768376256,32.422104784279504,646018383.4347,2561024.0,2012
1316,0.008524493465645466,290.605030894529,12.298511513918024,28483.492600086298,1.0240000486373901,0.3,-0.3979999999999999,-0.495,28407.86590735731,128.80068768376256,32.422104784279504,646018383.4347,2561024.0,2012
1317,0.007866426711148107,460.57793515969075,13.64291534606725,28483.492600086298,1.0240000486373901,-0.10000000000000003,-0.3979999999999999,-0.495,28390.42803051632,128.80068768376256,32.422104784279504,646018383.4347,2561024.0,2012
1318,0.007509000876657175,460.57793515969075,13.4259928021483,28483.492600086298,1.0240000486373901,0.09999999999999998,-0.3979999999999999,-0.495,28393.36395872463,128.80068768376256,32.422104784279504,646018383.4347,2561024.0,2012
1319,0.00701899781390315,460.57793515969075,13.14570444155772,28483.492600086298,1.0240000486373901,0.3,-0.3979999999999999,-0.495,28397.087827453903,128.80068768376256,32.422104784279504,646018383.4347,2561024.0,2012
1320,0.005793210170581078,729.9668340323904,14.151840059435036,28483.492600086298,1.0240000486373901,-0.10000000000000003,-0.3979999999999999,-0.495,28383.355311552383,128.80068768376256,32.422104784279504,646018383.4347,2561024.0,2012
1321,0.005914787710931157,729.9668340323904,13.988172930641497,28483.492600086298,1.0240000486373901,0.09999999999999998,-0.3979999999999999,-0.495,28385.658109117532,128.80068768376256,32.422104784279504,646018383.4347,2561024.0,2012
1322,0.005871770650210004,729.9668340323904,13.735593032920667,28483.492600086298,1.0240000486373901,0.3,-0.3979999999999999,-0.495,28389.15934210329,128.80068768376256,32.422104784279504,646018383.4347,2561024.0,2012
1323,0.011370346879689455,290.605030894529,13.334902158837654,28483.492600086298,1.0240000486373901,-0.10000000000000003,-0.4019999999999999,-0.493,28394.58279229341,129.1943470345915,32.46139475867087,646018383.4347,2561024.0,2012
1324,0.0102104345209862,290.605030894529,13.144866527794752,28483.492600086298,1.0240000486373901,0.09999999999999998,-0.4019999999999999,-0.493,28397.09884206953,129.1943470345915,32.46139475867087,646018383.4347,2561024.0,2012
1325,0.00903412727110033,290.605030894529,12.910813282132828,28483.492600086298,1.0240000486373901,0.3,-0.4019999999999999,-0.493,28400.14805028325,129.1943470345915,32.46139475867087,646018383.4347,2561024.0,2012
1326,0.008215138008240625,460.57793515969075,14.142906148806365,28483.492600086298,1.0240000486373901,-0.10000000000000003,-0.4019999999999999,-0.493,28383.481702919325,129.1943470345915,32.46139475867087,646018383.4347,2561024.0,2012
1327,0.007867002464490664,460.57793515969075,13.956767680753527,28483.492600086298,1.0240000486373901,0.09999999999999998,-0.4019999999999999,-0.493,28386.096918039035,129.1943470345915,32.46139475867087,646018383.4347,2561024.0,2012
1328,0.007379814508395025,460.57793515969075,13.707230463827457,28483.492600086298,1.0240000486373901,0.3,-0.4019999999999999,-0.493,28389.548516592058,129.1943470345915,32.46139475867087,646018383.4347,2561024.0,2012
1329,0.006001525415587414,729.9668340323904,14.57178791386611,28483.492600086298,1.0240000486373901,-0.10000000000000003,-0.4019999999999999,-0.493,28377.32409858295,129.1943470345915,32.46139475867087,646018383.4347,2561024.0,2012
1330,0.0061509196761852765,729.9668340323904,14.451097310444773,28483.492600086298,1.0240000486373901,0.09999999999999998,-0.4019999999999999,-0.493,28379.075493348326,129.1943470345915,32.46139475867087,646018383.4347,2561024.0,2012
1331,0.006132207435579744,729.9668340323904,14.242062285482495,28483.492600086298,1.0240000486373901,0.3,-0.4019999999999999,-0.493,28382.074431014516,129.1943470345915,32.46139475867087,646018383.4347,2561024.0,2012
1332,0.011257651614750805,290.605030894529,13.29811157791956,28483.492600086298,1.0240000486373901,-0.10000000000000003,-0.3999999999999999,-0.493,28395.0727143169,129.05445928855698,32.409887818941705,646018383.4347,2561024.0,2012
1333,0.010107521674569228,290.605030894529,13.111985112054702,28483.492600086298,1.0240000486373901,0.09999999999999998,-0.3999999999999999,-0.493,28397.530523296926,129.05445928855698,32.409887818941705,646018383.4347,2561024.0,2012
1334,0.008940441567627909,290.605030894529,12.881636570109753,28483.492600086298,1.0240000486373901,0.3,-0.3999999999999999,-0.493,28400.524319724103,129.05445928855698,32.409887818941705,646018383.4347,2561024.0,2012
1335,0.008147796098568869,460.57793515969075,14.114199154660993,28483.492600086298,1.0240000486373901,-0.10000000000000003,-0.3999999999999999,-0.493,28383.88729119758,129.05445928855698,32.409887818941705,646018383.4347,2561024.0,2012
1336,0.007799258413766601,460.57793515969075,13.929027257315736,28483.492600086298,1.0240000486373901,0.09999999999999998,-0.3999999999999999,-0.493,28386.483699918776,129.05445928855698,32.409887818941705,646018383.4347,2561024.0,2012
1337,0.007312454035518164,460.57793515969075,13.680879796472674,28483.492600086298,1.0240000486373901,0.3,-0.3999999999999999,-0.493,28389.90936408353,129.05445928855698,32.409887818941705,646018383.4347,2561024.0,2012
1338,0.00596295949859049,729.9668340323904,14.553776675777897,28483.492600086298,1.0240000486373901,-0.10000000000000003,-0.3999999999999999,-0.493,28377.58639232209,129.05445928855698,32.409887818941705,646018383.4347,2561024.0,2012
1339,0.006107405392413917,729.9668340323904,14.431196281781443,28483.492600086298,1.0240000486373901,0.09999999999999998,-0.3999999999999999,-0.493,28379.362887024647,129.05445928855698,32.409887818941705,646018383.4347,2561024.0,2012
1340,0.006084255381313045,729.9668340323904,14.221024122472722,28483.492600086298,1.0240000486373901,0.3,-0.3999999999999999,-0.493,28382.373836540322,129.05445928855698,32.409887818941705,646018383.4347,2561024.0,2012
1341,0.010888732571178764,290.605030894529,12.730766127756404,28483.492600086298,1.0240000486373901,-0.10000000000000003,-0.3979999999999999,-0.493,28402.456396986483,128.9140151222482,32.35847735283032,646018383.4347,2561024.0,2012
1342,0.009767244927839727,290.605030894529,12.533911314813352,28483.492600086298,1.0240000486373901,0.09999999999999998,-0.3979999999999999,-0.493,28404.943133662495,128.9140151222482,32.35847735283032,646018383.4347,2561024.0,2012
1343,0.00863207014618734,290.605030894529,12.296587298181294,28483.492600086298,1.0240000486373901,0.3,-0.3979999999999999,-0.493,28407.8895704954,128.9140151222482,32.35847735283032,646018383.4347,2561024.0,2012
1344,0.007926635011764264,460.57793515969075,13.619569118090025,28483.492600086298,1.0240000486373901,-0.10000000000000003,-0.3979999999999999,-0.493,28390.746268605082,128.9140151222482,32.35847735283032,646018383.4347,2561024.0,2012
1345,0.007577315117775792,460.57793515969075,13.41110237539435,28483.492600086298,1.0240000486373901,0.09999999999999998,-0.3979999999999999,-0.493,28393.563766624644,128.9140151222482,32.35847735283032,646018383.4347,2561024.0,2012
1346,0.007094982589723277,460.57793515969075,13.143342002573052,28483.492600086298,1.0240000486373901,0.3,-0.3979999999999999,-0.493,28397.118880587997,128.9140151222482,32.35847735283032,646018383.4347,2561024.0,2012
1347,0.005824698933864047,729.9668340323904,14.129731749159552,28483.492600086298,1.0240000486373901,-0.10000000000000003,-0.3979999999999999,-0.493,28383.667940434694,128.9140151222482,32.35847735283032,646018383.4347,2561024.0,2012
1348,0.005956125169888933,729.9668340323904,13.97263029204738,28483.492600086298,1.0240000486373901,0.09999999999999998,-0.3979999999999999,-0.493,28385.875401447178,128.9140151222482,32.35847735283032,646018383.4347,2561024.0,2012
1349,0.005924041895630185,729.9668340323904,13.731148732723696,28483.492600086298,1.0240000486373901,0.3,-0.3979999999999999,-0.493,28389.220377326208,128.9140151222482,32.35847735283032,646018383.4347,2561024.0,2012
1350,0.011287547607942214,290.605030894529,13.367724040515458,28483.492600086298,1.0240000486373901,-0.10000000000000003,-0.4019999999999999,-0.491,28394.14457707461,129.30846522065534,32.398176745848886,646018383.4347,2561024.0,2012
1351,0.010142116860341494,290.605030894529,13.191732766826572,28483.492600086298,1.0240000486373901,0.09999999999999998,-0.4019999999999999,-0.491,28396.481693390615,129.30846522065534,32.398176745848886,646018383.4347,2561024.0,2012
1352,0.008978929099274379,290.605030894529,12.971740001302578,28483.492600086298,1.0240000486373901,0.3,-0.4019999999999999,-0.491,28399.3595807556,129.30846522065534,32.398176745848886,646018383.4347,2561024.0,2012
1353,0.008158269384190758,460.57793515969075,14.153403314798416,28483.492600086298,1.0240000486373901,-0.10000000000000003,-0.4019999999999999,-0.491,28383.333187390625,129.30846522065534,32.398176745848886,646018383.4347,2561024.0,2012
1354,0.007814090728901128,460.57793515969075,13.980635999339306,28483.492600086298,1.0240000486373901,0.09999999999999998,-0.4019999999999999,-0.491,28385.763508613287,129.30846522065534,32.398176745848886,646018383.4347,2561024.0,2012
1355,0.007332032581880686,460.57793515969075,13.74566576141607,28483.492600086298,1.0240000486373901,0.3,-0.4019999999999999,-0.491,28389.020936474015,129.30846522065534,32.398176745848886,646018383.4347,2561024.0,2012
1356,0.0059687165081454266,729.9668340323904,14.575358587291538,28483.492600086298,1.0240000486373901,-0.10000000000000003,-0.4019999999999999,-0.491,28377.27206111223,129.30846522065534,32.398176745848886,646018383.4347,2561024.0,2012
1357,0.006116001228419441,729.9668340323904,14.465408250595589,28483.492600086298,1.0240000486373901,0.09999999999999998,-0.4019999999999999,-0.491,28378.8685821581,129.30846522065534,32.398176745848886,646018383.4347,2561024.0,2012
1358,0.00609644203201151,729.9668340323904,14.269192735609884,28483.492600086298,1.0240000486373901,0.3,-0.4019999999999999,-0.491,28381.687669423307,129.30846522065534,32.398176745848886,646018383.4347,2561024.0,2012
1359,0.011025323034275794,290.605030894529,12.980990287320202,28483.492600086298,1.0240000486373901,-0.10000000000000003,-0.3999999999999999,-0.491,28399.239545666547,129.1684627236422,32.34647136280143,646018383.4347,2561024.0,2012
1360,0.009888429950685266,290.605030894529,12.788523591047452,28483.492600086298,1.0240000486373901,0.09999999999999998,-0.3999999999999999,-0.491,28401.71943226691,129.1684627236422,32.34647136280143,646018383.4347,2561024.0,2012
1361,0.008739161249679007,290.605030894529,12.552954872306412,28483.492600086298,1.0240000486373901,0.3,-0.3999999999999999,-0.491,28404.704262073217,129.1684627236422,32.34647136280143,646018383.4347,2561024.0,2012
1362,0.00801113710971119,460.57793515969075,13.834680140868963,28483.492600086298,1.0240000486373901,-0.10000000000000003,-0.3999999999999999,-0.491,28387.79341278622,129.1684627236422,32.34647136280143,646018383.4347,2561024.0,2012
1363,0.007659437868081129,460.57793515969075,13.636310573582872,28483.492600086298,1.0240000486373901,0.09999999999999998,-0.3999999999999999,-0.491,28390.518117056694,129.1684627236422,32.34647136280143,646018383.4347,2561024.0,2012
1364,0.007172380393284729,460.57793515969075,13.3762573950411,28483.492600086298,1.0240000486373901,0.3,-0.3999999999999999,-0.491,28394.030469137102,129.1684627236422,32.34647136280143,646018383.4347,2561024.0,2012
1365,0.005883088896508509,729.9668340323904,14.315811940189068,28483.492600086298,1.0240000486373901,-0.10000000000000003,-0.3999999999999999,-0.491,28381.021364332868,129.1684627236422,32.34647136280143,646018383.4347,2561024.0,2012
1366,0.006016966627405052,729.9668340323904,14.17316378851436,28483.492600086298,1.0240000486373901,0.09999999999999998,-0.3999999999999999,-0.491,28383.05331419827,129.1684627236422,32.34647136280143,646018383.4347,2561024.0,2012
1367,0.005984902819300366,729.9668340323904,13.94399614628518,28483.492600086298,1.0240000486373901,0.3,-0.3999999999999999,-0.491,28386.27508582249,129.1684627236422,32.34647136280143,646018383.4347,2561024.0,2012
1368,0.010717053079405243,290.605030894529,12.637801801546596,28483.492600086298,1.0240000486373901,-0.10000000000000003,-0.3979999999999999,-0.491,28403.63558289871,129.02790061201276,32.294862239765315,646018383.4347,2561024.0,2012
1369,0.009601412858630485,290.605030894529,12.432725603585512,28483.492600086298,1.0240000486373901,0.09999999999999998,-0.3979999999999999,-0.491,28406.206267119273,129.02790061201276,32.294862239765315,646018383.4347,2561024.0,2012
1370,0.008474349357361757,290.605030894529,12.187241257204699,28483.492600086298,1.0240000486373901,0.3,-0.3979999999999999,-0.491,28409.22817535564,129.02790061201276,32.294862239765315,646018383.4347,2561024.0,2012
1371,0.007835744946449407,460.57793515969075,13.554136731762098,28483.492600086298,1.0240000486373901,-0.10000000000000003,-0.3979999999999999,-0.491,28391.635288814647,129.02790061201276,32.294862239765315,646018383.4347,2561024.0,2012
1372,0.007477935290337603,460.57793515969075,13.333203249752891,28483.492600086298,1.0240000486373901,0.09999999999999998,-0.3979999999999999,-0.491,28394.605445636687,129.02790061201276,32.294862239765315,646018383.4347,2561024.0,2012
1373,0.006989376063133982,460.57793515969075,13.052867373954914,28483.492600086298,1.0240000486373901,0.3,-0.3979999999999999,-0.491,28398.30392674527,129.02790061201276,32.294862239765315,646018383.4347,2561024.0,2012
1374,0.0057784751854888395,729.9668340323904,14.088981435346108,28483.492600086298,1.0240000486373901,-0.10000000000000003,-0.3979999999999999,-0.491,28384.242901143534,129.02790061201276,32.294862239765315,646018383.4347,2561024.0,2012
1375,0.005897451286796644,729.9668340323904,13.916559489827426,28483.492600086298,1.0240000486373901,0.09999999999999998,-0.3979999999999999,-0.491,28386.657286069345,129.02790061201276,32.294862239765315,646018383.4347,2561024.0,2012
1376,0.005853140939930509,729.9668340323904,13.658913041006825,28483.492600086298,1.0240000486373901,0.3,-0.3979999999999999,-0.491,28390.209647355405,129.02790061201276,32.294862239765315,646018383.4347,2561024.0,2012
1377,0.006928741722991567,579.833266684221,14.3246584265275,28483.492600086298,1.0240000486373901,-0.20000000000000004,-0.4029999999999999,-0.492,28380.894680567955,129.32110050873845,32.45562269860471,646018383.4347,2561024.0,2012
1378,0.0069505687318911005,579.833266684221,14.27230268747912,28483.492600086298,1.0240000486373901,-0.10000000000000003,-0.4029999999999999,-0.492,28381.643288084786,129.32110050873845,32.45562269860471,646018383.4347,2561024.0,2012
1379,0.0069371820524404,579.833266684221,14.205301492930127,28483.492600086298,1.0240000486373901,-2.7755575615628914e-17,-0.4029999999999999,-0.492,28382.597304833776,129.32110050873845,32.45562269860471,646018383.4347,2561024.0,2012
1380,0.005826825309000378,729.9668340323904,14.475686475941377,28483.492600086298,1.0240000486373901,-0.20000000000000004,-0.4029999999999999,-0.492,28378.719850611422,129.32110050873845,32.45562269860471,646018383.4347,2561024.0,2012
1381,0.0059525682746730734,729.9668340323904,14.445338010170833,28483.492600086298,1.0240000486373901,-0.10000000000000003,-0.4029999999999999,-0.492,28379.158704972255,129.32110050873845,32.45562269860471,646018383.4347,2561024.0,2012
1382,0.006045783127173476,729.9668340323904,14.398198557935787,28483.492600086298,1.0240000486373901,-2.7755575615628914e-17,-0.4029999999999999,-0.492,28379.838539229426,129.32110050873845,32.45562269860471,646018383.4347,2561024.0,2012
1383,0.004912859224613818,918.9737971303117,14.542048261874674,28483.492600086298,1.0240000486373901,-0.20000000000000004,-0.4029999999999999,-0.492,28377.75701626095,129.32110050873845,32.45562269860471,646018383.4347,2561024.0,2012
1384,0.005112421072691896,918.9737971303117,14.539051663584388,28483.492600086298,1.0240000486373901,-0.10000000000000003,-0.4029999999999999,-0.492,28377.80058844811,129.32110050873845,32.45562269860471,646018383.4347,2561024.0,2012
1385,0.005285288734467181,918.9737971303117,14.517512169386332,28483.492600086298,1.0240000486373901,-2.7755575615628914e-17,-0.4029999999999999,-0.492,28378.113520292158,129.32110050873845,32.45562269860471,646018383.4347,2561024.0,2012
1386,0.006901612791055513,579.833266684221,14.371113255906236,28483.492600086298,1.0240000486373901,-0.20000000000000004,-0.4019999999999999,-0.492,28380.228151979256,129.25133658271224,32.42978397143504,646018383.4347,2561024.0,2012
1387,0.006920207067304427,579.833266684221,14.316722071094174,28483.492600086298,1.0240000486373901,-0.10000000000000003,-0.4019999999999999,-0.492,28381.00833465582,129.25133658271224,32.42978397143504,646018383.4347,2561024.0,2012
1388,0.006903614327940829,579.833266684221,14.247675821919536,28483.492600086298,1.0240000486373901,-2.7755575615628914e-17,-0.4019999999999999,-0.492,28381.994466923043,129.25133658271224,32.42978397143504,646018383.4347,2561024.0,2012
1389,0.005810873569160901,729.9668340323904,14.527900125489605,28483.492600086298,1.0240000486373901,-0.20000000000000004,-0.4019999999999999,-0.492,28377.962659058197,129.25133658271224,32.42978397143504,646018383.4347,2561024.0,2012
1390,0.005933404118945935,729.9668340323904,14.49540194365642,28483.492600086298,1.0240000486373901,-0.10000000000000003,-0.4019999999999999,-0.492,28378.43426133222,129.25133658271224,32.42978397143504,646018383.4347,2561024.0,2012
1391,0.006023237052853341,729.9668340323904,14.446003494719893,28483.492600086298,1.0240000486373901,-2.7755575615628914e-17,-0.4019999999999999,-0.492,28379.14909160157,129.25133658271224,32.42978397143504,646018383.4347,2561024.0,2012
1392,0.004904323460281039,918.9737971303117,14.598575620884779,28483.492600086298,1.0240000486373901,-0.20000000000000004,-0.4019999999999999,-0.492,28376.933395006952,129.25133658271224,32.42978397143504,646018383.4347,2561024.0,2012
1393,0.005101032324695232,918.9737971303117,14.593570719317634,28483.492600086298,1.0240000486373901,-0.10000000000000003,-0.4019999999999999,-0.492,28377.006446916435,129.25133658271224,32.42978397143504,646018383.4347,2561024.0,2012
1394,0.005270720367547926,918.9737971303117,14.56979913502733,28483.492600086298,1.0240000486373901,-2.7755575615628914e-17,-0.4019999999999999,-0.492,28377.353076668776,129.25133658271224,32.42978397143504,646018383.4347,2561024.0,2012
1395,0.00695276268046293,579.833266684221,14.442104541791629,28483.492600086298,1.0240000486373901,-0.20000000000000004,-0.4009999999999999,-0.492,28379.20540828828,129.181433567001,32.403968976876016,646018383.4347,2561024.0,2012
1396,0.006975122679808567,579.833266684221,14.392351477439624,28483.492600086298,1.0240000486373901,-0.10000000000000003,-0.4009999999999999,-0.492,28379.92270956122,129.181433567001,32.403968976876016,646018383.4347,2561024.0,2012
1397,0.0069621843238824085,579.833266684221,14.328076905512296,28483.492600086298,1.0240000486373901,-2.7755575615628914e-17,-0.4009999999999999,-0.492,28380.84570618116,129.181433567001,32.403968976876016,646018383.4347,2561024.0,2012
1398,0.005846695383523875,729.9668340323904,14.587930589015667,28483.492600086298,1.0240000486373901,-0.20000000000000004,-0.4009999999999999,-0.492,28377.08874065133,129.181433567001,32.403968976876016,646018383.4347,2561024.0,2012
1399,0.005973157064209763,729.9668340323904,14.560471018015782,28483.492600086298,1.0240000486373901,-0.10000000000000003,-0.4009999999999999,-0.492,28377.48894195306,129.181433567001,32.403968976876016,646018383.4347,2561024.0,2012
1400,0.006067028825054854,729.9668340323904,14.516359470666355,28483.492600086298,1.0240000486373901,-2.7755575615628914e-17,-0.4009999999999999,-0.492,28378.130253945495,129.181433567001,32.403968976876016,646018383.4347,2561024.0,2012
1401,0.004929487444601476,918.9737971303117,14.648716088553803,28483.492600086298,1.0240000486373901,-0.20000000000000004,-0.4009999999999999,-0.492,28376.20015856477,129.181433567001,32.403968976876016,646018383.4347,2561024.0,2012
1402,0.005129907664068588,918.9737971303117,14.648960417537221,28483.492600086298,1.0240000486373901,-0.10000000000000003,-0.4009999999999999,-0.492,28376.19657942901,129.181433567001,32.403968976876016,646018383.4347,2561024.0,2012
1403,0.005303588771912987,918.9737971303117,14.630808374070194,28483.492600086298,1.0240000486373901,-2.7755575615628914e-17,-0.4009999999999999,-0.492,28376.462323246917,129.181433567001,32.403968976876016,646018383.4347,2561024.0,2012
1404,0.007015016120497726,579.833266684221,14.463920555762463,28483.492600086298,1.0240000486373901,-0.20000000000000004,-0.4029999999999999,-0.491,28378.890101164594,129.37825713611542,32.424065084616906,646018383.4347,2561024.0,2012
1405,0.007041953614844565,579.833266684221,14.41688151940422,28483.492600086298,1.0240000486373901,-0.10000000000000003,-0.4029999999999999,-0.491,28379.56936371403,129.37825713611542,32.424065084616906,646018383.4347,2561024.0,2012
1406,0.007033350374076479,579.833266684221,14.355043043030573,28483.492600086298,1.0240000486373901,-2.7755575615628914e-17,-0.4029999999999999,-0.491,28380.458969702668,129.37825713611542,32.424065084616906,646018383.4347,2561024.0,2012
1407,0.005888409093088521,729.9668340323904,14.599289613480307,28483.492600086298,1.0240000486373901,-0.20000000000000004,-0.4029999999999999,-0.491,28376.92297147716,129.37825713611542,32.424065084616906,646018383.4347,2561024.0,2012
1408,0.006019907511026067,729.9668340323904,14.575216883888208,28483.492600086298,1.0240000486373901,-0.10000000000000003,-0.4029999999999999,-0.491,28377.274126480108,129.37825713611542,32.424065084616906,646018383.4347,2561024.0,2012
1409,0.006118871856217485,729.9668340323904,14.534331225933787,28483.492600086298,1.0240000486373901,-2.7755575615628914e-17,-0.4029999999999999,-0.491,28377.86920799372,129.37825713611542,32.424065084616906,646018383.4347,2561024.0,2012
1410,0.004956890763278531,918.9737971303117,14.65104065502819,28483.492600086298,1.0240000486373901,-0.20000000000000004,-0.4029999999999999,-0.491,28376.166103948653,129.37825713611542,32.424065084616906,646018383.4347,2561024.0,2012
1411,0.005162146665161019,918.9737971303117,14.654999020795632,28483.492600086298,1.0240000486373901,-0.10000000000000003,-0.4029999999999999,-0.491,28376.108101936537,129.37825713611542,32.424065084616906,646018383.4347,2561024.0,2012
1412,0.005340981272240649,918.9737971303117,14.640548208853554,28483.492600086298,1.0240000486373901,-2.7755575615628914e-17,-0.4029999999999999,-0.491,28376.319774158415,129.37825713611542,32.424065084616906,646018383.4347,2561024.0,2012
1413,0.006947833011606911,579.833266684221,14.459473283254347,28483.492600086298,1.0240000486373901,-0.20000000000000004,-0.4019999999999999,-0.491,28378.954416271725,129.30846522065534,32.398176745848886,646018383.4347,2561024.0,2012
1414,0.006968741310104468,579.833266684221,14.408647663932225,28483.492600086298,1.0240000486373901,-0.10000000000000003,-0.4019999999999999,-0.491,28379.688036334628,129.30846522065534,32.398176745848886,646018383.4347,2561024.0,2012
1415,0.0069541383155637924,579.833266684221,14.34278694349443,28483.492600086298,1.0240000486373901,-2.7755575615628914e-17,-0.4019999999999999,-0.491,28380.63483143306,129.30846522065534,32.398176745848886,646018383.4347,2561024.0,2012
1416,0.005843459462183067,729.9668340323904,14.60347796285767,28483.492600086298,1.0240000486373901,-0.20000000000000004,-0.4019999999999999,-0.491,28376.861815780463,129.30846522065534,32.398176745848886,646018383.4347,2561024.0,2012
1417,0.0059687165081454266,729.9668340323904,14.575358587291538,28483.492600086298,1.0240000486373901,-0.10000000000000003,-0.4019999999999999,-0.491,28377.27206111223,129.30846522065534,32.398176745848886,646018383.4347,2561024.0,2012
1418,0.00606113810276693,729.9668340323904,14.530067188237389,28483.492600086298,1.0240000486373901,-2.7755575615628914e-17,-0.4019999999999999,-0.491,28377.93117383895,129.30846522065534,32.398176745848886,646018383.4347,2561024.0,2012
1419,0.004927477182670214,918.9737971303117,14.662795285682916,28483.492600086298,1.0240000486373901,-0.20000000000000004,-0.4019999999999999,-0.491,28375.993817291375,129.30846522065534,32.398176745848886,646018383.4347,2561024.0,2012
1420,0.005126926587388014,918.9737971303117,14.662725931771813,28483.492600086298,1.0240000486373901,-0.10000000000000003,-0.4019999999999999,-0.491,28375.99483421117,129.30846522065534,32.398176745848886,646018383.4347,2561024.0,2012
1421,0.005299373600387898,918.9737971303117,14.643739818206114,28483.492600086298,1.0240000486373901,-2.7755575615628914e-17,-0.4019999999999999,-0.491,28376.27304215464,129.30846522065534,32.398176745848886,646018383.4347,2561024.0,2012
1422,0.006969345576296344,579.833266684221,14.353196876686253,28483.492600086298,1.0240000486373901,-0.20000000000000004,-0.4009999999999999,-0.491,28380.48546979584,129.23853381969784,32.372312111999584,646018383.4347,2561024.0,2012
1423,0.006992409965685941,579.833266684221,14.29750096107204,28483.492600086298,1.0240000486373901,-0.10000000000000003,-0.4009999999999999,-0.491,28381.28333322037,129.23853381969784,32.372312111999584,646018383.4347,2561024.0,2012
1424,0.006979890270873548,579.833266684221,14.22666485485343,28483.492600086298,1.0240000486373901,-2.7755575615628914e-17,-0.4009999999999999,-0.491,28382.293603640137,129.23853381969784,32.372312111999584,646018383.4347,2561024.0,2012
1425,0.005854831835649544,729.9668340323904,14.502303775331965,28483.492600086298,1.0240000486373901,-0.20000000000000004,-0.4009999999999999,-0.491,28378.334192690294,129.23853381969784,32.372312111999584,646018383.4347,2561024.0,2012
1426,0.005982444789157674,729.9668340323904,14.469198344155686,28483.492600086298,1.0240000486373901,-0.10000000000000003,-0.4009999999999999,-0.491,28378.81374972504,129.23853381969784,32.372312111999584,646018383.4347,2561024.0,2012
1427,0.006077357800938333,729.9668340323904,14.418855053027292,28483.492600086298,1.0240000486373901,-2.7755575615628914e-17,-0.4009999999999999,-0.491,28379.540909566193,129.23853381969784,32.372312111999584,646018383.4347,2561024.0,2012
1428,0.004931875369032803,918.9737971303117,14.56600426375681,28483.492600086298,1.0240000486373901,-0.20000000000000004,-0.4009999999999999,-0.491,28377.408359980407,129.23853381969784,32.372312111999584,646018383.4347,2561024.0,2012
1429,0.005133428044030504,918.9737971303117,14.560690001586346,28483.492600086298,1.0240000486373901,-0.10000000000000003,-0.4009999999999999,-0.491,28377.48575342515,129.23853381969784,32.372312111999584,646018383.4347,2561024.0,2012
1430,0.005308293010257013,918.9737971303117,14.536448594306824,28483.492600086298,1.0240000486373901,-2.7755575615628914e-17,-0.4009999999999999,-0.491,28377.838431218835,129.23853381969784,32.372312111999584,646018383.4347,2561024.0,2012
1431,0.006906088066860185,579.833266684221,14.440236660335147,28483.492600086298,1.0240000486373901,-0.20000000000000004,-0.4029999999999999,-0.49,28379.232382683054,129.4355530387033,32.392511260303145,646018383.4347,2561024.0,2012
1432,0.0069238423812489226,579.833266684221,14.38672935593196,28483.492600086298,1.0240000486373901,-0.10000000000000003,-0.4029999999999999,-0.49,28380.00360930588,129.4355530387033,32.392511260303145,646018383.4347,2561024.0,2012
1433,0.006906118877996996,579.833266684221,14.317945063024476,28483.492600086298,1.0240000486373901,-2.7755575615628914e-17,-0.4029999999999999,-0.49,28380.990824672404,129.4355530387033,32.392511260303145,646018383.4347,2561024.0,2012
1434,0.005814013866706936,729.9668340323904,14.589100668124086,28483.492600086298,1.0240000486373901,-0.20000000000000004,-0.4029999999999999,-0.49,28377.07167093397,129.4355530387033,32.392511260303145,646018383.4347,2561024.0,2012
1435,0.005935873857263517,729.9668340323904,14.558152290967966,28483.492600086298,1.0240000486373901,-0.10000000000000003,-0.4029999999999999,-0.49,28377.52270102279,129.4355530387033,32.392511260303145,646018383.4347,2561024.0,2012
1436,0.006024769281073962,729.9668340323904,14.509739391911499,28483.492600086298,1.0240000486373901,-2.7755575615628914e-17,-0.4029999999999999,-0.49,28378.226331475704,129.4355530387033,32.392511260303145,646018383.4347,2561024.0,2012
1437,0.004906942820170824,918.9737971303117,14.65298359878267,28483.492600086298,1.0240000486373901,-0.20000000000000004,-0.4029999999999999,-0.49,28376.1376359132,129.4355530387033,32.392511260303145,646018383.4347,2561024.0,2012
1438,0.005103106154308913,918.9737971303117,14.650029621696886,28483.492600086298,1.0240000486373901,-0.10000000000000003,-0.4029999999999999,-0.49,28376.180916128,129.4355530387033,32.392511260303145,646018383.4347,2561024.0,2012
1439,0.005271990648253858,918.9737971303117,14.627803960172916,28483.492600086298,1.0240000486373901,-2.7755575615628914e-17,-0.4029999999999999,-0.49,28376.506275737673,129.4355530387033,32.392511260303145,646018383.4347,2561024.0,2012
1440,0.0067501121674667045,579.833266684221,14.134113100358535,28483.492600086298,1.0240000486373901,-0.20000000000000004,-0.4019999999999999,-0.49,28383.606023519435,129.3657333442326,32.366573226324086,646018383.4347,2561024.0,2012
1441,0.006757526619022356,579.833266684221,14.064553845468868,28483.492600086298,1.0240000486373901,-0.10000000000000003,-0.4019999999999999,-0.49,28384.58676265025,129.3657333442326,32.366573226324086,646018383.4347,2561024.0,2012
1442,0.006729753797620359,579.833266684221,13.979296976070403,28483.492600086298,1.0240000486373901,-2.7755575615628914e-17,-0.4019999999999999,-0.49,28385.782228113712,129.3657333442326,32.366573226324086,646018383.4347,2561024.0,2012
1443,0.005700380672370084,729.9668340323904,14.315947680397526,28483.492600086298,1.0240000486373901,-0.20000000000000004,-0.4019999999999999,-0.49,28381.01942109236,129.3657333442326,32.366573226324086,646018383.4347,2561024.0,2012
1444,0.00581111500687101,729.9668340323904,14.267476258291719,28483.492600086298,1.0240000486373901,-0.10000000000000003,-0.4019999999999999,-0.49,28381.71216069584,129.3657333442326,32.366573226324086,646018383.4347,2561024.0,2012
1445,0.005888669843777342,729.9668340323904,14.200881160944114,28483.492600086298,1.0240000486373901,-2.7755575615628914e-17,-0.4019999999999999,-0.49,28382.66008721267,129.3657333442326,32.366573226324086,646018383.4347,2561024.0,2012
1446,0.004823634625604142,918.9737971303117,14.410236857244506,28483.492600086298,1.0240000486373901,-0.20000000000000004,-0.4019999999999999,-0.49,28379.665136945354,129.3657333442326,32.366573226324086,646018383.4347,2561024.0,2012
1447,0.005008907199360085,918.9737971303117,14.388687085190687,28483.492600086298,1.0240000486373901,-0.10000000000000003,-0.4019999999999999,-0.49,28379.97544206853,129.3657333442326,32.366573226324086,646018383.4347,2561024.0,2012
1448,0.005166253921327377,918.9737971303117,14.346936095217405,28483.492600086298,1.0240000486373901,-2.7755575615628914e-17,-0.4019999999999999,-0.49,28380.575312426172,129.3657333442326,32.366573226324086,646018383.4347,2561024.0,2012
1449,0.006825218159061715,579.833266684221,14.183589998470584,28483.492600086298,1.0240000486373901,-0.20000000000000004,-0.4009999999999999,-0.49,28382.90548746394,129.29577376763174,32.34065886919455,646018383.4347,2561024.0,2012
1450,0.006837791955730836,579.833266684221,14.116468674328257,28483.492600086298,1.0240000486373901,-0.10000000000000003,-0.4009999999999999,-0.49,28383.855256169652,129.29577376763174,32.34065886919455,646018383.4347,2561024.0,2012
1451,0.006814935757040245,579.833266684221,14.033702732586116,28483.492600086298,1.0240000486373901,-2.7755575615628914e-17,-0.4009999999999999,-0.49,28385.020193893,129.29577376763174,32.34065886919455,646018383.4347,2561024.0,2012
1452,0.005752571919643822,729.9668340323904,14.357294709470336,28483.492600086298,1.0240000486373901,-0.20000000000000004,-0.4009999999999999,-0.49,28380.426644399005,129.29577376763174,32.34065886919455,646018383.4347,2561024.0,2012
1453,0.0058690037923332765,729.9668340323904,14.31173405888183,28483.492600086298,1.0240000486373901,-0.10000000000000003,-0.4009999999999999,-0.49,28381.07973420022,129.29577376763174,32.34065886919455,646018383.4347,2561024.0,2012
1454,0.005952359068384728,729.9668340323904,14.248224682310793,28483.492600086298,1.0240000486373901,-2.7755575615628914e-17,-0.4009999999999999,-0.49,28381.986646787493,129.29577376763174,32.34065886919455,646018383.4347,2561024.0,2012
1455,0.004859454670628462,918.9737971303117,14.443560288294153,28483.492600086298,1.0240000486373901,-0.20000000000000004,-0.4009999999999999,-0.49,28379.184383185504,129.29577376763174,32.34065886919455,646018383.4347,2561024.0,2012
1456,0.005050237841922649,918.9737971303117,14.425173199836806,28483.492600086298,1.0240000486373901,-0.10000000000000003,-0.4009999999999999,-0.49,28379.449789163653,129.29577376763174,32.34065886919455,646018383.4347,2561024.0,2012
1457,0.005213499566540401,918.9737971303117,14.386904366762938,28483.492600086298,1.0240000486373901,-2.7755575615628914e-17,-0.4009999999999999,-0.49,28380.001091457107,129.29577376763174,32.34065886919455,646018383.4347,2561024.0,2012
