,A,Epeak,TS,bkg_nllh,dur,gamma,imx,imy,nllh,phi,theta,time,timeID,squareID
0,0.01309484646335093,290.605030894529,16.64340144611493,46039.440351109435,2.0479999780654907,-0.10000000000000003,0.34599999999999986,-0.759,45900.938945261165,65.49351388468804,39.832987913549694,646018382.6667,-5122048.0,2906
1,0.012105382926575916,290.605030894529,16.484024395644827,46039.440351109435,2.0479999780654907,0.09999999999999998,0.34599999999999986,-0.759,45903.57882097133,65.49351388468804,39.832987913549694,646018382.6667,-5122048.0,2906
2,0.011034036441158024,290.605030894529,16.258388561474394,46039.440351109435,2.0479999780654907,0.3,0.34599999999999986,-0.759,45907.272751801494,65.49351388468804,39.832987913549694,646018382.6667,-5122048.0,2906
3,0.008475607150360963,460.57793515969075,17.204882252121735,46039.440351109435,2.0479999780654907,-0.10000000000000003,0.34599999999999986,-0.759,45891.43636445475,65.49351388468804,39.832987913549694,646018382.6667,-5122048.0,2906
4,0.008443610322224288,460.57793515969075,17.12916095592541,46039.440351109435,2.0479999780654907,0.09999999999999998,0.34599999999999986,-0.759,45892.736273582435,65.49351388468804,39.832987913549694,646018382.6667,-5122048.0,2906
5,0.008266051818947621,460.57793515969075,16.97571276966597,46039.440351109435,2.0479999780654907,0.3,0.34599999999999986,-0.759,45895.352939090335,65.49351388468804,39.832987913549694,646018382.6667,-5122048.0,2906
6,0.0056787760736896715,729.9668340323904,17.315914727980132,46039.440351109435,2.0479999780654907,-0.10000000000000003,0.34599999999999986,-0.759,45889.519899676096,65.49351388468804,39.832987913549694,646018382.6667,-5122048.0,2906
7,0.006077921873511624,729.9668340323904,17.354172804191986,46039.440351109435,2.0479999780654907,0.09999999999999998,0.34599999999999986,-0.759,45888.85669425056,65.49351388468804,39.832987913549694,646018382.6667,-5122048.0,2906
8,0.006368466678488428,729.9668340323904,17.30928745566407,46039.440351109435,2.0479999780654907,0.3,0.34599999999999986,-0.759,45889.63463499803,65.49351388468804,39.832987913549694,646018382.6667,-5122048.0,2906
9,0.013107486403260492,290.605030894529,16.659343996440036,46039.440351109435,2.0479999780654907,-0.10000000000000003,0.34799999999999986,-0.759,45900.673479913574,65.36863774797366,39.86107281446647,646018382.6667,-5122048.0,2906
10,0.012132296976307539,290.605030894529,16.525023884266567,46039.440351109435,2.0479999780654907,0.09999999999999998,0.34799999999999986,-0.759,45902.902143921645,65.36863774797366,39.86107281446647,646018382.6667,-5122048.0,2906
11,0.011075034454430253,290.605030894529,16.329040469342537,46039.440351109435,2.0479999780654907,0.3,0.34799999999999986,-0.759,45906.12156978472,65.36863774797366,39.86107281446647,646018382.6667,-5122048.0,2906
12,0.008476499360696511,460.57793515969075,17.202281329619197,46039.440351109435,2.0479999780654907,-0.10000000000000003,0.34799999999999986,-0.759,45891.48110963775,65.36863774797366,39.86107281446647,646018382.6667,-5122048.0,2906
13,0.008453207775617354,460.57793515969075,17.147214546992792,46039.440351109435,2.0479999780654907,0.09999999999999998,0.34799999999999986,-0.759,45892.426867749135,65.36863774797366,39.86107281446647,646018382.6667,-5122048.0,2906
14,0.008286121064896013,460.57793515969075,17.02008313037555,46039.440351109435,2.0479999780654907,0.3,0.34799999999999986,-0.759,45894.59873622699,65.36863774797366,39.86107281446647,646018382.6667,-5122048.0,2906
15,0.005677175206578996,729.9668340323904,17.305984178641562,46039.440351109435,2.0479999780654907,-0.10000000000000003,0.34799999999999986,-0.759,45889.69180691374,65.36863774797366,39.86107281446647,646018382.6667,-5122048.0,2906
16,0.006081433576746599,729.9668340323904,17.36071408167455,46039.440351109435,2.0479999780654907,0.09999999999999998,0.34799999999999986,-0.759,45888.74315439661,65.36863774797366,39.86107281446647,646018382.6667,-5122048.0,2906
17,0.006379389472058464,729.9668340323904,17.338660042068593,46039.440351109435,2.0479999780654907,0.3,0.34799999999999986,-0.759,45889.12578508222,65.36863774797366,39.86107281446647,646018382.6667,-5122048.0,2906
18,0.012973084679163555,290.605030894529,16.283160062425054,46039.440351109435,2.0479999780654907,-0.10000000000000003,0.34999999999999987,-0.759,45906.86970030016,65.2440106895885,39.88926826859481,646018382.6667,-5122048.0,2906
19,0.012019819016829381,290.605030894529,16.15014456790278,46039.440351109435,2.0479999780654907,0.09999999999999998,0.34999999999999987,-0.759,45909.026766327355,65.2440106895885,39.88926826859481,646018382.6667,-5122048.0,2906
20,0.010984449286233879,290.605030894529,15.957794517558451,46039.440351109435,2.0479999780654907,0.3,0.34999999999999987,-0.759,45912.114748177126,65.2440106895885,39.88926826859481,646018382.6667,-5122048.0,2906
21,0.008383917172711329,460.57793515969075,16.86526866935171,46039.440351109435,2.0479999780654907,-0.10000000000000003,0.34999999999999987,-0.759,45897.22170746473,65.2440106895885,39.88926826859481,646018382.6667,-5122048.0,2906
22,0.00836750568732488,460.57793515969075,16.802466942244518,46039.440351109435,2.0479999780654907,0.09999999999999998,0.34999999999999987,-0.759,45898.278903436825,65.2440106895885,39.88926826859481,646018382.6667,-5122048.0,2906
23,0.008210579259205689,460.57793515969075,16.67095335141739,46039.440351109435,2.0479999780654907,0.3,0.34999999999999987,-0.759,45900.48000828687,65.2440106895885,39.88926826859481,646018382.6667,-5122048.0,2906
24,0.005615509126815751,729.9668340323904,17.013552029858857,46039.440351109435,2.0479999780654907,-0.10000000000000003,0.34999999999999987,-0.759,45894.70987477308,65.2440106895885,39.88926826859481,646018382.6667,-5122048.0,2906
25,0.006017876928879036,729.9668340323904,17.05118204683007,46039.440351109435,2.0479999780654907,0.09999999999999998,0.34999999999999987,-0.759,45894.068946512365,65.2440106895885,39.88926826859481,646018382.6667,-5122048.0,2906
26,0.006317619930831817,729.9668340323904,17.015798930624413,46039.440351109435,2.0479999780654907,0.3,0.34999999999999987,-0.759,45894.671644485716,65.2440106895885,39.88926826859481,646018382.6667,-5122048.0,2906
27,0.013074961342321422,290.605030894529,16.69900470457648,46039.440351109435,2.0479999780654907,-0.10000000000000003,0.34599999999999986,-0.757,45900.0119720477,65.43640619989064,39.7714604135489,646018382.6667,-5122048.0,2906
28,0.012089736775595068,290.605030894529,16.54768191888727,46039.440351109435,2.0479999780654907,0.09999999999999998,0.34599999999999986,-0.757,45902.5274626651,65.43640619989064,39.7714604135489,646018382.6667,-5122048.0,2906
29,0.011023130694666945,290.605030894529,16.331838968264623,46039.440351109435,2.0479999780654907,0.3,0.34599999999999986,-0.757,45906.07586906677,65.43640619989064,39.7714604135489,646018382.6667,-5122048.0,2906
30,0.00846395300937601,460.57793515969075,17.248105635149486,46039.440351109435,2.0479999780654907,-0.10000000000000003,0.34599999999999986,-0.757,45890.6917771088,65.43640619989064,39.7714604135489,646018382.6667,-5122048.0,2906
31,0.008432970124554975,460.57793515969075,17.179984215879035,46039.440351109435,2.0479999780654907,0.09999999999999998,0.34599999999999986,-0.757,45891.86442228051,65.43640619989064,39.7714604135489,646018382.6667,-5122048.0,2906
32,0.00825715244292324,460.57793515969075,17.036050366982025,46039.440351109435,2.0479999780654907,0.3,0.34599999999999986,-0.757,45894.32684505626,65.43640619989064,39.7714604135489,646018382.6667,-5122048.0,2906
33,0.005672492550266129,729.9668340323904,17.3497580907473,46039.440351109435,2.0479999780654907,-0.10000000000000003,0.34599999999999986,-0.757,45888.93329820571,65.43640619989064,39.7714604135489,646018382.6667,-5122048.0,2906
34,0.006071482584769031,729.9668340323904,17.39538828461153,46039.440351109435,2.0479999780654907,0.09999999999999998,0.34599999999999986,-0.757,45888.140584323235,65.43640619989064,39.7714604135489,646018382.6667,-5122048.0,2906
35,0.006362355646273152,729.9668340323904,17.359886779318742,46039.440351109435,2.0479999780654907,0.3,0.34599999999999986,-0.757,45888.75751661405,65.43640619989064,39.7714604135489,646018382.6667,-5122048.0,2906
36,0.013274281632757375,290.605030894529,16.818147173006913,46039.440351109435,2.0479999780654907,-0.10000000000000003,0.34799999999999986,-0.757,45898.015313942975,65.31131456139767,39.799657038664215,646018382.6667,-5122048.0,2906
37,0.012296881622473142,290.605030894529,16.691642768553223,46039.440351109435,2.0479999780654907,0.09999999999999998,0.34799999999999986,-0.757,45900.13488195294,65.31131456139767,39.799657038664215,646018382.6667,-5122048.0,2906
38,0.01123519243366304,290.605030894529,16.50306010633075,46039.440351109435,2.0479999780654907,0.3,0.34799999999999986,-0.757,45903.26485467285,65.31131456139767,39.799657038664215,646018382.6667,-5122048.0,2906
39,0.008553493253900814,460.57793515969075,17.325457092018123,46039.440351109435,2.0479999780654907,-0.10000000000000003,0.34799999999999986,-0.757,45889.354619385755,65.31131456139767,39.799657038664215,646018382.6667,-5122048.0,2906
40,0.008538851964378747,460.57793515969075,17.282191617724358,46039.440351109435,2.0479999780654907,0.09999999999999998,0.34799999999999986,-0.757,45890.103277553564,65.31131456139767,39.799657038664215,646018382.6667,-5122048.0,2906
41,0.00837964718265752,460.57793515969075,17.167163330290528,46039.440351109435,2.0479999780654907,0.3,0.34799999999999986,-0.757,45892.084602705,65.31131456139767,39.799657038664215,646018382.6667,-5122048.0,2906
42,0.005713969963565834,729.9668340323904,17.39845772083095,46039.440351109435,2.0479999780654907,-0.10000000000000003,0.34799999999999986,-0.757,45888.087185577664,65.31131456139767,39.799657038664215,646018382.6667,-5122048.0,2906
43,0.006127682300834718,729.9668340323904,17.46721076440386,46039.440351109435,2.0479999780654907,0.09999999999999998,0.34799999999999986,-0.757,45886.88862516538,65.31131456139767,39.799657038664215,646018382.6667,-5122048.0,2906
44,0.006436081110842789,729.9668340323904,17.46044753585047,46039.440351109435,2.0479999780654907,0.3,0.34799999999999986,-0.757,45887.00673703334,65.31131456139767,39.799657038664215,646018382.6667,-5122048.0,2906
45,0.013067578996970463,290.605030894529,16.51532092361995,46039.440351109435,2.0479999780654907,-0.10000000000000003,0.34999999999999987,-0.757,45903.062438504356,65.1864735198101,39.82796449179606,646018382.6667,-5122048.0,2906
46,0.012104366769206617,290.605030894529,16.385158233476215,46039.440351109435,2.0479999780654907,0.09999999999999998,0.34999999999999987,-0.757,45905.20364594141,65.1864735198101,39.82796449179606,646018382.6667,-5122048.0,2906
47,0.011058262733669985,290.605030894529,16.19437676658707,46039.440351109435,2.0479999780654907,0.3,0.34999999999999987,-0.757,45908.31143168035,65.1864735198101,39.82796449179606,646018382.6667,-5122048.0,2906
48,0.008440827783219234,460.57793515969075,17.069014804509564,46039.440351109435,2.0479999780654907,-0.10000000000000003,0.34999999999999987,-0.757,45893.76471791115,65.1864735198101,39.82796449179606,646018382.6667,-5122048.0,2906
49,0.008423343458329157,460.57793515969075,17.014061619960287,46039.440351109435,2.0479999780654907,0.09999999999999998,0.34999999999999987,-0.757,45894.70120470553,65.1864735198101,39.82796449179606,646018382.6667,-5122048.0,2906
50,0.00826352676999309,460.57793515969075,16.889039975386325,46039.440351109435,2.0479999780654907,0.3,0.34999999999999987,-0.757,45896.82051546434,65.1864735198101,39.82796449179606,646018382.6667,-5122048.0,2906
51,0.005650520718725473,729.9668340323904,17.18737959350617,46039.440351109435,2.0479999780654907,-0.10000000000000003,0.34999999999999987,-0.757,45891.7373424638,65.1864735198101,39.82796449179606,646018382.6667,-5122048.0,2906
52,0.006055769732099478,729.9668340323904,17.23762271052104,46039.440351109435,2.0479999780654907,0.09999999999999998,0.34999999999999987,-0.757,45890.8725327543,65.1864735198101,39.82796449179606,646018382.6667,-5122048.0,2906
53,0.006356875797487423,729.9668340323904,17.213716159616713,46039.440351109435,2.0479999780654907,0.3,0.34999999999999987,-0.757,45891.28433909751,65.1864735198101,39.82796449179606,646018382.6667,-5122048.0,2906
54,0.012697582934783978,290.605030894529,16.068501160206484,46039.440351109435,2.0479999780654907,-0.10000000000000003,0.34599999999999986,-0.755,45910.34198634166,65.37904835711257,39.7098508905982,646018382.6667,-5122048.0,2906
55,0.011726120222080522,290.605030894529,15.901492615218038,46039.440351109435,2.0479999780654907,0.09999999999999998,0.34599999999999986,-0.755,45913.01161741352,65.37904835711257,39.7098508905982,646018382.6667,-5122048.0,2906
56,0.0106767792010042,290.605030894529,15.672136561657974,46039.440351109435,2.0479999780654907,0.3,0.34599999999999986,-0.755,45916.63241890581,65.37904835711257,39.7098508905982,646018382.6667,-5122048.0,2906
57,0.008263398375765911,460.57793515969075,16.70826531976542,46039.440351109435,2.0479999780654907,-0.10000000000000003,0.34599999999999986,-0.755,45899.8572861116,65.37904835711257,39.7098508905982,646018382.6667,-5122048.0,2906
58,0.008221402837267135,460.57793515969075,16.61224351064029,46039.440351109435,2.0479999780654907,0.09999999999999998,0.34599999999999986,-0.755,45901.45703388103,65.37904835711257,39.7098508905982,646018382.6667,-5122048.0,2906
59,0.008037290482454836,460.57793515969075,16.44187738526217,46039.440351109435,2.0479999780654907,0.3,0.34599999999999986,-0.755,45904.27268513344,65.37904835711257,39.7098508905982,646018382.6667,-5122048.0,2906
60,0.005558891655022703,729.9668340323904,16.89380659674843,46039.440351109435,2.0479999780654907,-0.10000000000000003,0.34599999999999986,-0.755,45896.740000445265,65.37904835711257,39.7098508905982,646018382.6667,-5122048.0,2906
61,0.005940345655176231,729.9668340323904,16.901336910874353,46039.440351109435,2.0479999780654907,0.09999999999999998,0.34599999999999986,-0.755,45896.61275642199,65.37904835711257,39.7098508905982,646018382.6667,-5122048.0,2906
62,0.006214118119329426,729.9668340323904,16.82816984600179,46039.440351109435,2.0479999780654907,0.3,0.34599999999999986,-0.755,45897.84670092649,65.37904835711257,39.7098508905982,646018382.6667,-5122048.0,2906
63,0.01284060285267285,290.605030894529,16.295878891518516,46039.440351109435,2.0479999780654907,-0.10000000000000003,0.34799999999999986,-0.755,45906.662516685916,65.25374077603593,39.73815974771985,646018382.6667,-5122048.0,2906
64,0.011867437191902601,290.605030894529,16.146308335762736,46039.440351109435,2.0479999780654907,0.09999999999999998,0.34799999999999986,-0.755,45909.088714672675,65.25374077603593,39.73815974771985,646018382.6667,-5122048.0,2906
65,0.010814812260232226,290.605030894529,15.935406279758327,46039.440351109435,2.0479999780654907,0.3,0.34799999999999986,-0.755,45912.471764458955,65.25374077603593,39.73815974771985,646018382.6667,-5122048.0,2906
66,0.00833903121551507,460.57793515969075,16.892225556858566,46039.440351109435,2.0479999780654907,-0.10000000000000003,0.34799999999999986,-0.755,45896.76670897754,65.25374077603593,39.73815974771985,646018382.6667,-5122048.0,2906
67,0.008303553212304597,460.57793515969075,16.816647149182433,46039.440351109435,2.0479999780654907,0.09999999999999998,0.34799999999999986,-0.755,45898.04054043938,65.25374077603593,39.73815974771985,646018382.6667,-5122048.0,2906
68,0.008125066825275275,460.57793515969075,16.668418784378616,46039.440351109435,2.0479999780654907,0.3,0.34799999999999986,-0.755,45900.52225872372,65.25374077603593,39.73815974771985,646018382.6667,-5122048.0,2906
69,0.005601128357200534,729.9668340323904,17.042011357190972,46039.440351109435,2.0479999780654907,-0.10000000000000003,0.34799999999999986,-0.755,45894.22527556012,65.25374077603593,39.73815974771985,646018382.6667,-5122048.0,2906
70,0.0059909622835447015,729.9668340323904,17.072252113043266,46039.440351109435,2.0479999780654907,0.09999999999999998,0.34799999999999986,-0.755,45893.70945500378,65.25374077603593,39.73815974771985,646018382.6667,-5122048.0,2906
71,0.006273323312859583,729.9668340323904,17.024256187920567,46039.440351109435,2.0479999780654907,0.3,0.34799999999999986,-0.755,45894.52770173346,65.25374077603593,39.73815974771985,646018382.6667,-5122048.0,2906
72,0.01297903251258856,290.605030894529,16.334803477160477,46039.440351109435,2.0479999780654907,-0.10000000000000003,0.34999999999999987,-0.755,45906.02744879071,65.12868532172303,39.76657970755454,646018382.6667,-5122048.0,2906
73,0.012014957294231545,290.605030894529,16.199353391056338,46039.440351109435,2.0479999780654907,0.09999999999999998,0.34999999999999987,-0.755,45908.23082596527,65.12868532172303,39.76657970755454,646018382.6667,-5122048.0,2906
74,0.010968747106633332,290.605030894529,16.00336087784588,46039.440351109435,2.0479999780654907,0.3,0.34999999999999987,-0.755,45911.38657141615,65.12868532172303,39.76657970755454,646018382.6667,-5122048.0,2906
75,0.008396778970390243,460.57793515969075,16.909814739039295,46039.440351109435,2.0479999780654907,-0.10000000000000003,0.34999999999999987,-0.755,45896.46943385512,65.12868532172303,39.76657970755454,646018382.6667,-5122048.0,2906
76,0.00837469770926286,460.57793515969075,16.84732523818586,46039.440351109435,2.0479999780654907,0.09999999999999998,0.34999999999999987,-0.755,45897.52416726883,65.12868532172303,39.76657970755454,646018382.6667,-5122048.0,2906
77,0.008210203699074737,460.57793515969075,16.714493733311247,46039.440351109435,2.0479999780654907,0.3,0.34999999999999987,-0.755,45899.753200728985,65.12868532172303,39.76657970755454,646018382.6667,-5122048.0,2906
78,0.005626220707502139,729.9668340323904,17.04773781863659,46039.440351109435,2.0479999780654907,-0.10000000000000003,0.34999999999999987,-0.755,45894.12766874295,65.12868532172303,39.76657970755454,646018382.6667,-5122048.0,2906
79,0.006026723399685967,729.9668340323904,17.088552169252928,46039.440351109435,2.0479999780654907,0.09999999999999998,0.34999999999999987,-0.755,45893.431043488796,65.12868532172303,39.76657970755454,646018382.6667,-5122048.0,2906
80,0.006322417560306408,729.9668340323904,17.054671657622265,46039.440351109435,2.0479999780654907,0.3,0.34999999999999987,-0.755,45894.00943843478,65.12868532172303,39.76657970755454,646018382.6667,-5122048.0,2906
81,0.007092159080689472,579.833266684221,17.43932653108977,46039.440351109435,2.0479999780654907,-2.7755575615628914e-17,0.34699999999999986,-0.758,45887.37529618045,65.40246809837015,39.81629089649038,646018382.6667,-5122048.0,2906
82,0.007197152921254918,579.833266684221,17.43173025700388,46039.440351109435,2.0479999780654907,0.09999999999999998,0.34699999999999986,-0.758,45887.50774123296,65.40246809837015,39.81629089649038,646018382.6667,-5122048.0,2906
83,0.007269072095938583,579.833266684221,17.404817421431236,46039.440351109435,2.0479999780654907,0.19999999999999998,0.34699999999999986,-0.758,45887.97651637276,65.40246809837015,39.81629089649038,646018382.6667,-5122048.0,2906
84,0.005932841518838307,729.9668340323904,17.464872806718148,46039.440351109435,2.0479999780654907,-2.7755575615628914e-17,0.34699999999999986,-0.758,45886.92946003201,65.40246809837015,39.81629089649038,646018382.6667,-5122048.0,2906
85,0.006127074417087732,729.9668340323904,17.48718867214627,46039.440351109435,2.0479999780654907,0.09999999999999998,0.34699999999999986,-0.758,45886.539467281815,65.40246809837015,39.81629089649038,646018382.6667,-5122048.0,2906
86,0.0062946149029176526,729.9668340323904,17.489825923051267,46039.440351109435,2.0479999780654907,0.19999999999999998,0.34699999999999986,-0.758,45886.49334570012,65.40246809837015,39.81629089649038,646018382.6667,-5122048.0,2906
87,0.005008187736509543,918.9737971303117,17.424046699037838,46039.440351109435,2.0479999780654907,-2.7755575615628914e-17,0.34699999999999986,-0.758,45887.64164942431,65.40246809837015,39.81629089649038,646018382.6667,-5122048.0,2906
88,0.005261488717633082,918.9737971303117,17.47777330054927,46039.440351109435,2.0479999780654907,0.09999999999999998,0.34699999999999986,-0.758,45886.70407133674,65.40246809837015,39.81629089649038,646018382.6667,-5122048.0,2906
89,0.005495838767711477,918.9737971303117,17.511819573148138,46039.440351109435,2.0479999780654907,0.19999999999999998,0.34699999999999986,-0.758,45886.10843872819,65.40246809837015,39.81629089649038,646018382.6667,-5122048.0,2906
90,0.007018288134873038,579.833266684221,17.30290310099229,46039.440351109435,2.0479999780654907,-2.7755575615628914e-17,0.34799999999999986,-0.758,45889.74512324827,65.34000738435857,39.83037512744008,646018382.6667,-5122048.0,2906
91,0.00711846029370637,579.833266684221,17.291434498634803,46039.440351109435,2.0479999780654907,0.09999999999999998,0.34799999999999986,-0.758,45889.943497599146,65.34000738435857,39.83037512744008,646018382.6667,-5122048.0,2906
92,0.007185585200890654,579.833266684221,17.26091289673128,46039.440351109435,2.0479999780654907,0.19999999999999998,0.34799999999999986,-0.758,45890.47079409516,65.34000738435857,39.83037512744008,646018382.6667,-5122048.0,2906
93,0.005879257965599141,729.9668340323904,17.34404740949346,46039.440351109435,2.0479999780654907,-2.7755575615628914e-17,0.34799999999999986,-0.758,45889.03236083806,65.34000738435857,39.83037512744008,646018382.6667,-5122048.0,2906
94,0.006068407970998287,729.9668340323904,17.36152029755719,46039.440351109435,2.0479999780654907,0.09999999999999998,0.34799999999999986,-0.758,45888.72915758819,65.34000738435857,39.83037512744008,646018382.6667,-5122048.0,2906
95,0.0062306803095165935,729.9668340323904,17.359483803651965,46039.440351109435,2.0479999780654907,0.19999999999999998,0.34799999999999986,-0.758,45888.76451214481,65.34000738435857,39.83037512744008,646018382.6667,-5122048.0,2906
96,0.0049688154819412965,918.9737971303117,17.31729256440094,46039.440351109435,2.0479999780654907,-2.7755575615628914e-17,0.34799999999999986,-0.758,45889.49604022891,65.34000738435857,39.83037512744008,646018382.6667,-5122048.0,2906
97,0.005217191651381239,918.9737971303117,17.36544547587979,46039.440351109435,2.0479999780654907,0.09999999999999998,0.34799999999999986,-0.758,45888.66100282156,65.34000738435857,39.83037512744008,646018382.6667,-5122048.0,2906
98,0.005446263463617463,918.9737971303117,17.393984600190024,46039.440351109435,2.0479999780654907,0.19999999999999998,0.34799999999999986,-0.758,45888.16500097361,65.34000738435857,39.83037512744008,646018382.6667,-5122048.0,2906
99,0.007039611330506213,579.833266684221,17.273124447227353,46039.440351109435,2.0479999780654907,-2.7755575615628914e-17,0.34899999999999987,-0.758,45890.25993702473,65.27760912957575,39.84448703104805,646018382.6667,-5122048.0,2906
100,0.007145132708977379,579.833266684221,17.266191553187184,46039.440351109435,2.0479999780654907,0.09999999999999998,0.34899999999999987,-0.758,45890.37966573376,65.27760912957575,39.84448703104805,646018382.6667,-5122048.0,2906
101,0.00721816470771067,579.833266684221,17.240993196658366,46039.440351109435,2.0479999780654907,0.19999999999999998,0.34899999999999987,-0.758,45890.814427905825,65.27760912957575,39.84448703104805,646018382.6667,-5122048.0,2906
102,0.005890654514331861,729.9668340323904,17.309248623055037,46039.440351109435,2.0479999780654907,-2.7755575615628914e-17,0.34899999999999987,-0.758,45889.63530716207,65.27760912957575,39.84448703104805,646018382.6667,-5122048.0,2906
103,0.006084259760002697,729.9668340323904,17.3306249654378,46039.440351109435,2.0479999780654907,0.09999999999999998,0.34899999999999987,-0.758,45889.26507026311,65.27760912957575,39.84448703104805,646018382.6667,-5122048.0,2906
104,0.006251713449609073,729.9668340323904,17.333401590974947,46039.440351109435,2.0479999780654907,0.19999999999999998,0.34899999999999987,-0.758,45889.21694575243,65.27760912957575,39.84448703104805,646018382.6667,-5122048.0,2906
105,0.004974121502468663,918.9737971303117,17.27914292135076,46039.440351109435,2.0479999780654907,-2.7755575615628914e-17,0.34899999999999987,-0.758,45890.1559610612,65.27760912957575,39.84448703104805,646018382.6667,-5122048.0,2906
106,0.005226043842830476,918.9737971303117,17.330465592132875,46039.440351109435,2.0479999780654907,0.09999999999999998,0.34899999999999987,-0.758,45889.267832289384,65.27760912957575,39.84448703104805,646018382.6667,-5122048.0,2906
107,0.005459474318776899,918.9737971303117,17.3631840088107,46039.440351109435,2.0479999780654907,0.19999999999999998,0.34899999999999987,-0.758,45888.700271647525,65.27760912957575,39.84448703104805,646018382.6667,-5122048.0,2906
108,0.007139331469698972,579.833266684221,17.501713840264223,46039.440351109435,2.0479999780654907,-2.7755575615628914e-17,0.34699999999999986,-0.757,45886.28535743619,65.37382908331679,39.785544827684895,646018382.6667,-5122048.0,2906
109,0.0072508908281694465,579.833266684221,17.501505887522125,46039.440351109435,2.0479999780654907,0.09999999999999998,0.34699999999999986,-0.757,45886.28899694395,65.37382908331679,39.785544827684895,646018382.6667,-5122048.0,2906
110,0.007329844580503598,579.833266684221,17.4826575566477,46039.440351109435,2.0479999780654907,0.19999999999999998,0.34699999999999986,-0.757,45886.61869348793,65.37382908331679,39.785544827684895,646018382.6667,-5122048.0,2906
111,0.005963698923959981,729.9668340323904,17.513953173292048,46039.440351109435,2.0479999780654907,-2.7755575615628914e-17,0.34699999999999986,-0.757,45886.0710732313,65.37382908331679,39.785544827684895,646018382.6667,-5122048.0,2906
112,0.006163814907118172,729.9668340323904,17.54361077463266,46039.440351109435,2.0479999780654907,0.09999999999999998,0.34699999999999986,-0.757,45885.55121160353,65.37382908331679,39.785544827684895,646018382.6667,-5122048.0,2906
113,0.006337926931829678,729.9668340323904,17.554418289521898,46039.440351109435,2.0479999780654907,0.19999999999999998,0.34699999999999986,-0.757,45885.361550367685,65.37382908331679,39.785544827684895,646018382.6667,-5122048.0,2906
114,0.005028403813780008,918.9737971303117,17.462120295334785,46039.440351109435,2.0479999780654907,-2.7755575615628914e-17,0.34699999999999986,-0.757,45886.977528505064,65.37382908331679,39.785544827684895,646018382.6667,-5122048.0,2906
115,0.0052867443939908325,918.9737971303117,17.52294837367763,46039.440351109435,2.0479999780654907,0.09999999999999998,0.34699999999999986,-0.757,45885.91349125615,65.37382908331679,39.785544827684895,646018382.6667,-5122048.0,2906
116,0.005526957182890095,918.9737971303117,17.565064308497398,46039.440351109435,2.0479999780654907,0.19999999999999998,0.34699999999999986,-0.757,45885.17460902861,65.37382908331679,39.785544827684895,646018382.6667,-5122048.0,2906
117,0.007093359928433451,579.833266684221,17.417714339970317,46039.440351109435,2.0479999780654907,-2.7755575615628914e-17,0.34799999999999986,-0.757,45887.75196469503,65.31131456139767,39.799657038664215,646018382.6667,-5122048.0,2906
118,0.007201659703211571,579.833266684221,17.415309175341406,46039.440351109435,2.0479999780654907,0.09999999999999998,0.34799999999999986,-0.757,45887.79385427307,65.31131456139767,39.799657038664215,646018382.6667,-5122048.0,2906
119,0.007277290356106712,579.833266684221,17.39441158355255,46039.440351109435,2.0479999780654907,0.19999999999999998,0.34799999999999986,-0.757,45888.15757394042,65.31131456139767,39.799657038664215,646018382.6667,-5122048.0,2906
120,0.005930894698032537,729.9668340323904,17.440364171735055,46039.440351109435,2.0479999780654907,-2.7755575615628914e-17,0.34799999999999986,-0.757,45887.357199888065,65.31131456139767,39.799657038664215,646018382.6667,-5122048.0,2906
121,0.006127682300834718,729.9668340323904,17.46721076440386,46039.440351109435,2.0479999780654907,0.09999999999999998,0.34799999999999986,-0.757,45886.88862516538,65.31131456139767,39.799657038664215,646018382.6667,-5122048.0,2906
122,0.006298274752042128,729.9668340323904,17.475299883648592,46039.440351109435,2.0479999780654907,0.19999999999999998,0.34799999999999986,-0.757,45886.74729809771,65.31131456139767,39.799657038664215,646018382.6667,-5122048.0,2906
123,0.0050046939948843626,918.9737971303117,17.397829644887175,46039.440351109435,2.0479999780654907,-2.7755575615628914e-17,0.34799999999999986,-0.757,45888.09811293318,65.31131456139767,39.799657038664215,646018382.6667,-5122048.0,2906
124,0.005259884337017086,918.9737971303117,17.455396138177154,46039.440351109435,2.0479999780654907,0.09999999999999998,0.34799999999999986,-0.757,45887.09492393909,65.31131456139767,39.799657038664215,646018382.6667,-5122048.0,2906
125,0.005496659296983631,918.9737971303117,17.49428260223772,46039.440351109435,2.0479999780654907,0.19999999999999998,0.34799999999999986,-0.757,45886.41538922596,65.31131456139767,39.799657038664215,646018382.6667,-5122048.0,2906
126,0.007107012942185221,579.833266684221,17.348385344999144,46039.440351109435,2.0479999780654907,-2.7755575615628914e-17,0.34899999999999987,-0.757,45888.957114070145,65.24886268888118,39.81379695664914,646018382.6667,-5122048.0,2906
127,0.007219956187206292,579.833266684221,17.347594509345004,46039.440351109435,2.0479999780654907,0.09999999999999998,0.34899999999999987,-0.757,45888.97083347911,65.24886268888118,39.81379695664914,646018382.6667,-5122048.0,2906
128,0.007300793057907472,579.833266684221,17.328920340984418,46039.440351109435,2.0479999780654907,0.19999999999999998,0.34899999999999987,-0.757,45889.29461101734,65.24886268888118,39.81379695664914,646018382.6667,-5122048.0,2906
129,0.005936417521932,729.9668340323904,17.370062536469575,46039.440351109435,2.0479999780654907,-2.7755575615628914e-17,0.34899999999999987,-0.757,45888.580814849,65.24886268888118,39.81379695664914,646018382.6667,-5122048.0,2906
130,0.006136941189287649,729.9668340323904,17.397780703905422,46039.440351109435,2.0479999780654907,0.09999999999999998,0.34899999999999987,-0.757,45888.09896439884,65.24886268888118,39.81379695664914,646018382.6667,-5122048.0,2906
131,0.006311973193493644,729.9668340323904,17.407445897253524,46039.440351109435,2.0479999780654907,0.19999999999999998,0.34899999999999987,-0.757,45887.93076477653,65.24886268888118,39.81379695664914,646018382.6667,-5122048.0,2906
132,0.005005421857276009,918.9737971303117,17.32771422332247,46039.440351109435,2.0479999780654907,-2.7755575615628914e-17,0.34899999999999987,-0.757,45889.31551100687,65.24886268888118,39.81379695664914,646018382.6667,-5122048.0,2906
133,0.005263457734662914,918.9737971303117,17.38533913798411,46039.440351109435,2.0479999780654907,0.09999999999999998,0.34899999999999987,-0.757,45888.315342638074,65.24886268888118,39.81379695664914,646018382.6667,-5122048.0,2906
134,0.005503845594813744,918.9737971303117,17.425060789889464,46039.440351109435,2.0479999780654907,0.19999999999999998,0.34899999999999987,-0.757,45887.62397934376,65.24886268888118,39.81379695664914,646018382.6667,-5122048.0,2906
135,0.006998066289791561,579.833266684221,17.201050333229016,46039.440351109435,2.0479999780654907,-2.7755575615628914e-17,0.34699999999999986,-0.756,45891.502284826296,65.34512747349088,39.75477831656348,646018382.6667,-5122048.0,2906
136,0.007098419742754973,579.833266684221,17.18944257255559,46039.440351109435,2.0479999780654907,0.09999999999999998,0.34699999999999986,-0.756,45891.70188313184,65.34512747349088,39.75477831656348,646018382.6667,-5122048.0,2906
137,0.007165805110946805,579.833266684221,17.158786307769468,46039.440351109435,2.0479999780654907,0.19999999999999998,0.34699999999999986,-0.756,45892.22837733159,65.34512747349088,39.75477831656348,646018382.6667,-5122048.0,2906
138,0.005860613613974424,729.9668340323904,17.24020362576555,46039.440351109435,2.0479999780654907,-2.7755575615628914e-17,0.34699999999999986,-0.756,45890.828040580505,65.34512747349088,39.75477831656348,646018382.6667,-5122048.0,2906
139,0.006049586603615267,729.9668340323904,17.257396038318223,46039.440351109435,2.0479999780654907,0.09999999999999998,0.34699999999999986,-0.756,45890.531492097754,65.34512747349088,39.75477831656348,646018382.6667,-5122048.0,2906
140,0.006211796047391353,729.9668340323904,17.255139431155996,46039.440351109435,2.0479999780654907,0.19999999999999998,0.34699999999999986,-0.756,45890.57043271512,65.34512747349088,39.75477831656348,646018382.6667,-5122048.0,2906
141,0.004952067497584015,918.9737971303117,17.212949502603113,46039.440351109435,2.0479999780654907,-2.7755575615628914e-17,0.34699999999999986,-0.756,45891.29753581985,65.34512747349088,39.75477831656348,646018382.6667,-5122048.0,2906
142,0.005199942801233877,918.9737971303117,17.26050853306759,46039.440351109435,2.0479999780654907,0.09999999999999998,0.34699999999999986,-0.756,45890.477773699386,65.34512747349088,39.75477831656348,646018382.6667,-5122048.0,2906
143,0.0054286375346814094,918.9737971303117,17.288569183372207,46039.440351109435,2.0479999780654907,0.19999999999999998,0.34699999999999986,-0.756,45889.99303890531,65.34512747349088,39.75477831656348,646018382.6667,-5122048.0,2906
144,0.0070008655399145785,579.833266684221,17.22767499007784,46039.440351109435,2.0479999780654907,-2.7755575615628914e-17,0.34799999999999986,-0.756,45891.04395832756,65.28255908891661,39.76891857104541,646018382.6667,-5122048.0,2906
145,0.007100870592667388,579.833266684221,17.218070108762227,46039.440351109435,2.0479999780654907,0.09999999999999998,0.34799999999999986,-0.756,45891.20938197431,65.28255908891661,39.76891857104541,646018382.6667,-5122048.0,2906
146,0.007167771922197245,579.833266684221,17.18947477981188,46039.440351109435,2.0479999780654907,0.19999999999999998,0.34799999999999986,-0.756,45891.70132950654,65.28255908891661,39.76891857104541,646018382.6667,-5122048.0,2906
147,0.005864680442284544,729.9668340323904,17.267174745678357,46039.440351109435,2.0479999780654907,-2.7755575615628914e-17,0.34799999999999986,-0.756,45890.36268926054,65.28255908891661,39.76891857104541,646018382.6667,-5122048.0,2906
148,0.006053479121131582,729.9668340323904,17.286344499005654,46039.440351109435,2.0479999780654907,0.09999999999999998,0.34799999999999986,-0.756,45890.03149804028,65.28255908891661,39.76891857104541,646018382.6667,-5122048.0,2906
149,0.006215366678299417,729.9668340323904,17.286124050881014,46039.440351109435,2.0479999780654907,0.19999999999999998,0.34799999999999986,-0.756,45890.03530875821,65.28255908891661,39.76891857104541,646018382.6667,-5122048.0,2906
150,0.004956650429891977,918.9737971303117,17.24003451541061,46039.440351109435,2.0479999780654907,-2.7755575615628914e-17,0.34799999999999986,-0.756,45890.83095606316,65.28255908891661,39.76891857104541,646018382.6667,-5122048.0,2906
151,0.005204539272717147,918.9737971303117,17.28960799654542,46039.440351109435,2.0479999780654907,0.09999999999999998,0.34799999999999986,-0.756,45889.97507877233,65.28255908891661,39.76891857104541,646018382.6667,-5122048.0,2906
152,0.005433101858156302,918.9737971303117,17.319741975564785,46039.440351109435,2.0479999780654907,0.19999999999999998,0.34799999999999986,-0.756,45889.453620059365,65.28255908891661,39.76891857104541,646018382.6667,-5122048.0,2906
153,0.007039531452973604,579.833266684221,17.20616812454441,46039.440351109435,2.0479999780654907,-2.7755575615628914e-17,0.34899999999999987,-0.756,45891.41424034439,65.220053544624,39.783086566873514,646018382.6667,-5122048.0,2906
154,0.007145865946681009,579.833266684221,17.200486385874,46039.440351109435,2.0479999780654907,0.09999999999999998,0.34899999999999987,-0.756,45891.51198515412,65.220053544624,39.783086566873514,646018382.6667,-5122048.0,2906
155,0.007219631135439784,579.833266684221,17.176445188154783,46039.440351109435,2.0479999780654907,0.19999999999999998,0.34899999999999987,-0.756,45891.92521645859,65.220053544624,39.783086566873514,646018382.6667,-5122048.0,2906
156,0.005888895431928007,729.9668340323904,17.239893365577004,46039.440351109435,2.0479999780654907,-2.7755575615628914e-17,0.34899999999999987,-0.756,45890.8333894812,65.220053544624,39.783086566873514,646018382.6667,-5122048.0,2906
157,0.006083222944527062,729.9668340323904,17.26247090893148,46039.440351109435,2.0479999780654907,0.09999999999999998,0.34899999999999987,-0.756,45890.44390016858,65.220053544624,39.783086566873514,646018382.6667,-5122048.0,2906
158,0.006251389091672772,729.9668340323904,17.266424558538446,46039.440351109435,2.0479999780654907,0.19999999999999998,0.34899999999999987,-0.756,45890.375642591585,65.220053544624,39.783086566873514,646018382.6667,-5122048.0,2906
159,0.004971518683419569,918.9737971303117,17.20858550589518,46039.440351109435,2.0479999780654907,-2.7755575615628914e-17,0.34899999999999987,-0.756,45891.37264355258,65.220053544624,39.783086566873514,646018382.6667,-5122048.0,2906
160,0.005224019588877628,918.9737971303117,17.260924725657414,46039.440351109435,2.0479999780654907,0.09999999999999998,0.34899999999999987,-0.756,45890.47058991703,65.220053544624,39.783086566873514,646018382.6667,-5122048.0,2906
161,0.005458069789325144,918.9737971303117,17.294704292483914,46039.440351109435,2.0479999780654907,0.19999999999999998,0.34899999999999987,-0.756,45889.886952827204,65.220053544624,39.783086566873514,646018382.6667,-5122048.0,2906
162,0.01332228591454424,290.605030894529,16.729310079055594,46039.44035125006,2.0479999780654907,-0.10000000000000003,0.35599999999999987,-0.762,45899.50544338946,64.95841361457386,40.06581061845303,646018382.6667,-5122048.0,2906
163,0.01235909457670309,290.605030894529,16.615296310868732,46039.44035125006,2.0479999780654907,0.09999999999999998,0.35599999999999987,-0.762,45901.40631550107,64.95841361457386,40.06581061845303,646018382.6667,-5122048.0,2906
164,0.011309831306989617,290.605030894529,16.44245473756526,46039.44035125006,2.0479999780654907,0.3,0.35599999999999987,-0.762,45904.26319235162,64.95841361457386,40.06581061845303,646018382.6667,-5122048.0,2906
165,0.0085608575996286,460.57793515969075,17.238869171208904,46039.44035125006,2.0479999780654907,-0.10000000000000003,0.35599999999999987,-0.762,45890.85104609903,64.95841361457386,40.06581061845303,646018382.6667,-5122048.0,2906
166,0.008558534417820052,460.57793515969075,17.203771262313754,46039.44035125006,2.0479999780654907,0.09999999999999998,0.35599999999999987,-0.762,45891.45547842705,64.95841361457386,40.06581061845303,646018382.6667,-5122048.0,2906
167,0.008413465792483234,460.57793515969075,17.101190005129144,46039.44035125006,2.0479999780654907,0.3,0.35599999999999987,-0.762,45893.21500145429,64.95841361457386,40.06581061845303,646018382.6667,-5122048.0,2906
168,0.0057090281944693995,729.9668340323904,17.317962337385328,46039.44035125006,2.0479999780654907,-0.10000000000000003,0.35599999999999987,-0.762,45889.48444149051,64.95841361457386,40.06581061845303,646018382.6667,-5122048.0,2906
169,0.006130109938346087,729.9668340323904,17.390319723604442,46039.44035125006,2.0479999780654907,0.09999999999999998,0.35599999999999987,-0.762,45888.228741205465,64.95841361457386,40.06581061845303,646018382.6667,-5122048.0,2906
170,0.0064492927459851804,729.9668340323904,17.392176286418362,46039.44035125006,2.0479999780654907,0.3,0.35599999999999987,-0.762,45888.19645326113,64.95841361457386,40.06581061845303,646018382.6667,-5122048.0,2906
171,0.012977827329156815,290.605030894529,16.3096809218108,46039.44035125006,2.0479999780654907,-0.10000000000000003,0.3579999999999999,-0.762,45906.43750536442,64.83509823585003,40.09427250812353,646018382.6667,-5122048.0,2906
172,0.012026346205763995,290.605030894529,16.18452533574424,46039.44035125006,2.0479999780654907,0.09999999999999998,0.3579999999999999,-0.762,45908.470921078384,64.83509823585003,40.09427250812353,646018382.6667,-5122048.0,2906
173,0.010993554067084048,290.605030894529,16.002963653432847,46039.44035125006,2.0479999780654907,0.3,0.3579999999999999,-0.762,45911.39292840351,64.83509823585003,40.09427250812353,646018382.6667,-5122048.0,2906
174,0.008387852719894087,460.57793515969075,16.895217949686835,46039.44035125006,2.0479999780654907,-0.10000000000000003,0.3579999999999999,-0.762,45896.71615646635,64.83509823585003,40.09427250812353,646018382.6667,-5122048.0,2906
175,0.008373169662998526,460.57793515969075,16.838534675372216,46039.44035125006,2.0479999780654907,0.09999999999999998,0.3579999999999999,-0.762,45897.6722262432,64.83509823585003,40.09427250812353,646018382.6667,-5122048.0,2906
176,0.0082185095035504,460.57793515969075,16.715772201391914,46039.44035125006,2.0479999780654907,0.3,0.3579999999999999,-0.762,45899.731831105644,64.83509823585003,40.09427250812353,646018382.6667,-5122048.0,2906
177,0.005616838508720605,729.9668340323904,17.041442379133354,46039.44035125006,2.0479999780654907,-0.10000000000000003,0.3579999999999999,-0.762,45894.2349720694,64.83509823585003,40.09427250812353,646018382.6667,-5122048.0,2906
178,0.0060208911375936505,729.9668340323904,17.08491024460962,46039.44035125006,2.0479999780654907,0.09999999999999998,0.3579999999999999,-0.762,45893.493272216874,64.83509823585003,40.09427250812353,646018382.6667,-5122048.0,2906
179,0.0063228726342659984,729.9668340323904,17.057857062160178,46039.44035125006,2.0479999780654907,0.3,0.3579999999999999,-0.762,45893.95510747351,64.83509823585003,40.09427250812353,646018382.6667,-5122048.0,2906
180,0.012714069482039451,290.605030894529,15.891592367045067,46039.44035125006,2.0479999780654907,-0.10000000000000003,0.3599999999999999,-0.762,45913.168997269895,64.71203173817698,40.12284100041473,646018382.6667,-5122048.0,2906
181,0.011777533916880354,290.605030894529,15.750667096229588,46039.44035125006,2.0479999780654907,0.09999999999999998,0.3599999999999999,-0.762,45915.39859426193,64.71203173817698,40.12284100041473,646018382.6667,-5122048.0,2906
182,0.010762594986321648,290.605030894529,15.554385183706197,46039.44035125006,2.0479999780654907,0.3,0.3599999999999999,-0.762,45918.47090202851,64.71203173817698,40.12284100041473,646018382.6667,-5122048.0,2906
183,0.008244607921142361,460.57793515969075,16.546118903816485,46039.44035125006,2.0479999780654907,-0.10000000000000003,0.3599999999999999,-0.762,45902.55332586044,64.71203173817698,40.12284100041473,646018382.6667,-5122048.0,2906
184,0.00822407333812738,460.57793515969075,16.46476055010106,46039.44035125006,2.0479999780654907,0.09999999999999998,0.3599999999999999,-0.762,45903.896181263975,64.71203173817698,40.12284100041473,646018382.6667,-5122048.0,2906
185,0.00806676081063085,460.57793515969075,16.317905061928435,46039.44035125006,2.0479999780654907,0.3,0.3599999999999999,-0.762,45906.303338445,64.71203173817698,40.12284100041473,646018382.6667,-5122048.0,2906
186,0.005536280402277441,729.9668340323904,16.7556192187415,46039.44035125006,2.0479999780654907,-0.10000000000000003,0.3599999999999999,-0.762,45899.06496354833,64.71203173817698,40.12284100041473,646018382.6667,-5122048.0,2906
187,0.0059280212187286145,729.9668340323904,16.76712645512321,46039.44035125006,2.0479999780654907,0.09999999999999998,0.3599999999999999,-0.762,45898.87208646901,64.71203173817698,40.12284100041473,646018382.6667,-5122048.0,2906
188,0.006219055626575461,729.9668340323904,16.70765337631093,46039.44035125006,2.0479999780654907,0.3,0.3599999999999999,-0.762,45899.86751057858,64.71203173817698,40.12284100041473,646018382.6667,-5122048.0,2906
189,0.01311504630871378,290.605030894529,16.498499120036048,46039.44035125006,2.0479999780654907,-0.10000000000000003,0.35599999999999987,-0.76,45903.34011464314,64.90061913357862,40.00496402841109,646018382.6667,-5122048.0,2906
190,0.012140160619313289,290.605030894529,16.354281279100082,46039.44035125006,2.0479999780654907,0.09999999999999998,0.35599999999999987,-0.76,45905.709093172096,64.90061913357862,40.00496402841109,646018382.6667,-5122048.0,2906
191,0.011082401131074419,290.605030894529,16.149152957781084,46039.44035125006,2.0479999780654907,0.3,0.35599999999999987,-0.76,45909.04278062315,64.90061913357862,40.00496402841109,646018382.6667,-5122048.0,2906
192,0.008476958843256123,460.57793515969075,17.080876014973445,46039.44035125006,2.0479999780654907,-0.10000000000000003,0.35599999999999987,-0.76,45893.56218853061,64.90061913357862,40.00496402841109,646018382.6667,-5122048.0,2906
193,0.00845528952440736,460.57793515969075,17.01227294391435,46039.44035125006,2.0479999780654907,0.09999999999999998,0.35599999999999987,-0.76,45894.73163589094,64.90061913357862,40.00496402841109,646018382.6667,-5122048.0,2906
194,0.008290219306579161,460.57793515969075,16.87218584180768,46039.44035125006,2.0479999780654907,0.3,0.35599999999999987,-0.76,45897.10502370981,64.90061913357862,40.00496402841109,646018382.6667,-5122048.0,2906
195,0.0056738843829876534,729.9668340323904,17.21089633207079,46039.44035125006,2.0479999780654907,-0.10000000000000003,0.35599999999999987,-0.76,45891.332874973414,64.90061913357862,40.00496402841109,646018382.6667,-5122048.0,2906
196,0.006078920288955664,729.9668340323904,17.249837900522174,46039.44035125006,2.0479999780654907,0.09999999999999998,0.35599999999999987,-0.76,45890.66189745291,64.90061913357862,40.00496402841109,646018382.6667,-5122048.0,2906
197,0.006378674510553554,729.9668340323904,17.212296503630938,46039.44035125006,2.0479999780654907,0.3,0.35599999999999987,-0.76,45891.308775785605,64.90061913357862,40.00496402841109,646018382.6667,-5122048.0,2906
198,0.013042544470028634,290.605030894529,16.420186774401657,46039.44035125006,2.0479999780654907,-0.10000000000000003,0.3579999999999999,-0.76,45904.62908439694,64.77709640897754,40.033538215137376,646018382.6667,-5122048.0,2906
199,0.012074586290736041,290.605030894529,16.281368563769938,46039.44035125006,2.0479999780654907,0.09999999999999998,0.3579999999999999,-0.76,45906.8988700954,64.77709640897754,40.033538215137376,646018382.6667,-5122048.0,2906
200,0.011024918169526486,290.605030894529,16.08340534864242,46039.44035125006,2.0479999780654907,0.3,0.3579999999999999,-0.76,45910.10238744569,64.77709640897754,40.033538215137376,646018382.6667,-5122048.0,2906
201,0.008439045367468498,460.57793515969075,17.008321927323994,46039.44035125006,2.0479999780654907,-0.10000000000000003,0.3579999999999999,-0.76,45894.79884385831,64.77709640897754,40.033538215137376,646018382.6667,-5122048.0,2906
202,0.008417126054354941,460.57793515969075,16.942200588321743,46039.44035125006,2.0479999780654907,0.09999999999999998,0.3579999999999999,-0.76,45895.92127086259,64.77709640897754,40.033538215137376,646018382.6667,-5122048.0,2906
203,0.008253006823477883,460.57793515969075,16.806373192166536,46039.44035125006,2.0479999780654907,0.3,0.3579999999999999,-0.76,45898.21326131287,64.77709640897754,40.033538215137376,646018382.6667,-5122048.0,2906
204,0.005653499258132925,729.9668340323904,17.147981217414884,46039.44035125006,2.0479999780654907,-0.10000000000000003,0.3579999999999999,-0.76,45892.41372133365,64.77709640897754,40.033538215137376,646018382.6667,-5122048.0,2906
205,0.006056253434376772,729.9668340323904,17.18693623366288,46039.44035125006,2.0479999780654907,0.09999999999999998,0.3579999999999999,-0.76,45891.74496270006,64.77709640897754,40.033538215137376,646018382.6667,-5122048.0,2906
206,0.006354294554051855,729.9668340323904,17.151029410670827,46039.44035125006,2.0479999780654907,0.3,0.3579999999999999,-0.76,45892.36144632721,64.77709640897754,40.033538215137376,646018382.6667,-5122048.0,2906
207,0.012548038903621892,290.605030894529,15.814208845262222,46039.44035125006,2.0479999780654907,-0.10000000000000003,0.3599999999999999,-0.76,45914.39575054927,64.65382405805332,40.06221925723846,646018382.6667,-5122048.0,2906
208,0.011597335508408564,290.605030894529,15.652171172093473,46039.44035125006,2.0479999780654907,0.09999999999999998,0.3599999999999999,-0.76,45916.9451200498,64.65382405805332,40.06221925723846,646018382.6667,-5122048.0,2906
209,0.010570268954353845,290.605030894529,15.432041452632669,46039.44035125006,2.0479999780654907,0.3,0.3599999999999999,-0.76,45920.36639955217,64.65382405805332,40.06221925723846,646018382.6667,-5122048.0,2906
210,0.008181541391758336,460.57793515969075,16.50379675173859,46039.44035125006,2.0479999780654907,-0.10000000000000003,0.3599999999999999,-0.76,45903.25269763871,64.65382405805332,40.06221925723846,646018382.6667,-5122048.0,2906
211,0.008142751110961204,460.57793515969075,16.40209834344054,46039.44035125006,2.0479999780654907,0.09999999999999998,0.3599999999999999,-0.76,45904.92593621611,64.65382405805332,40.06221925723846,646018382.6667,-5122048.0,2906
212,0.007965387952560165,460.57793515969075,16.230634203516356,46039.44035125006,2.0479999780654907,0.3,0.3599999999999999,-0.76,45907.72360792588,64.65382405805332,40.06221925723846,646018382.6667,-5122048.0,2906
213,0.005513287851770234,729.9668340323904,16.735970787011095,46039.44035125006,2.0479999780654907,-0.10000000000000003,0.3599999999999999,-0.76,45899.39399215821,64.65382405805332,40.06221925723846,646018382.6667,-5122048.0,2906
214,0.005891210639436449,729.9668340323904,16.729772709852952,46039.44035125006,2.0479999780654907,0.09999999999999998,0.3599999999999999,-0.76,45899.49770378839,64.65382405805332,40.06221925723846,646018382.6667,-5122048.0,2906
215,0.006164280459464009,729.9668340323904,16.646922936943742,46039.44035125006,2.0479999780654907,0.3,0.3599999999999999,-0.76,45900.880329615786,64.65382405805332,40.06221925723846,646018382.6667,-5122048.0,2906
216,0.012839558566587438,290.605030894529,16.119920099854145,46039.44035125006,2.0479999780654907,-0.10000000000000003,0.35599999999999987,-0.758,45909.51443923722,64.84257466524349,39.944037667131084,646018382.6667,-5122048.0,2906
217,0.011856608055070472,290.605030894529,15.93525771352904,46039.44035125006,2.0479999780654907,0.09999999999999998,0.35599999999999987,-0.758,45912.474132051764,64.84257466524349,39.944037667131084,646018382.6667,-5122048.0,2906
218,0.010794694711859974,290.605030894529,15.686713210422106,46039.44035125006,2.0479999780654907,0.3,0.35599999999999987,-0.758,45916.40386557704,64.84257466524349,39.944037667131084,646018382.6667,-5122048.0,2906
219,0.00834643001168303,460.57793515969075,16.79537915773696,46039.44035125006,2.0479999780654907,-0.10000000000000003,0.35599999999999987,-0.758,45898.397970723985,64.84257466524349,39.944037667131084,646018382.6667,-5122048.0,2906
220,0.008304959428630743,460.57793515969075,16.681988573334586,46039.44035125006,2.0479999780654907,0.09999999999999998,0.35599999999999987,-0.758,45900.295979869625,64.84257466524349,39.944037667131084,646018382.6667,-5122048.0,2906
221,0.008120400205839963,460.57793515969075,16.492014409267515,46039.44035125006,2.0479999780654907,0.3,0.35599999999999987,-0.758,45903.447081612314,64.84257466524349,39.944037667131084,646018382.6667,-5122048.0,2906
222,0.005606549664087344,729.9668340323904,16.99331513693651,46039.44035125006,2.0479999780654907,-0.10000000000000003,0.35599999999999987,-0.758,45895.05397157844,64.84257466524349,39.944037667131084,646018382.6667,-5122048.0,2906
223,0.005992546094229973,729.9668340323904,16.986110457171154,46039.44035125006,2.0479999780654907,0.09999999999999998,0.35599999999999987,-0.758,45895.17637701845,64.84257466524349,39.944037667131084,646018382.6667,-5122048.0,2906
224,0.006270706813685797,729.9668340323904,16.89524235872271,46039.44035125006,2.0479999780654907,0.3,0.35599999999999987,-0.758,45896.71574407007,64.84257466524349,39.944037667131084,646018382.6667,-5122048.0,2906
225,0.012831971822193984,290.605030894529,16.1631931089947,46039.44035125006,2.0479999780654907,-0.10000000000000003,0.3579999999999999,-0.758,45908.81594551073,64.71884420662093,39.97272465448968,646018382.6667,-5122048.0,2906
226,0.011850851201737922,290.605030894529,15.985095929616971,46039.44035125006,2.0479999780654907,0.09999999999999998,0.3579999999999999,-0.758,45911.67870531053,64.71884420662093,39.97272465448968,646018382.6667,-5122048.0,2906
227,0.01079139285102338,290.605030894529,15.744403984308802,46039.44035125006,2.0479999780654907,0.3,0.3579999999999999,-0.758,45915.4972228395,64.71884420662093,39.97272465448968,646018382.6667,-5122048.0,2906
228,0.008343136646840514,460.57793515969075,16.826238758519366,46039.44035125006,2.0479999780654907,-0.10000000000000003,0.3579999999999999,-0.758,45897.87919587071,64.71884420662093,39.97272465448968,646018382.6667,-5122048.0,2906
229,0.00830212673018653,460.57793515969075,16.719599555579496,46039.44035125006,2.0479999780654907,0.09999999999999998,0.3579999999999999,-0.758,45899.66784660059,64.71884420662093,39.97272465448968,646018382.6667,-5122048.0,2906
230,0.008118273048145419,460.57793515969075,16.537676978917638,46039.44035125006,2.0479999780654907,0.3,0.3579999999999999,-0.758,45902.692971320546,64.71884420662093,39.97272465448968,646018382.6667,-5122048.0,2906
231,0.005605513509162415,729.9668340323904,17.015493120830875,46039.44035125006,2.0479999780654907,-0.10000000000000003,0.3579999999999999,-0.758,45894.676848177536,64.71884420662093,39.97272465448968,646018382.6667,-5122048.0,2906
232,0.005991734264810442,729.9668340323904,17.015272698966285,46039.44035125006,2.0479999780654907,0.09999999999999998,0.3579999999999999,-0.758,45894.680598739964,64.71884420662093,39.97272465448968,646018382.6667,-5122048.0,2906
233,0.006270202821757789,729.9668340323904,16.93269153595135,46039.44035125006,2.0479999780654907,0.3,0.3579999999999999,-0.758,45896.08232992422,64.71884420662093,39.97272465448968,646018382.6667,-5122048.0,2906
234,0.012644854775320446,290.605030894529,15.894224042809213,46039.44035125006,2.0479999780654907,-0.10000000000000003,0.3599999999999999,-0.758,45913.12717228855,64.59536562514506,40.00151874974604,646018382.6667,-5122048.0,2906
235,0.011684709121978354,290.605030894529,15.723912407915641,46039.44035125006,2.0479999780654907,0.09999999999999998,0.3599999999999999,-0.758,45915.819640544156,64.59536562514506,40.00151874974604,646018382.6667,-5122048.0,2906
236,0.010647988033219116,290.605030894529,15.494470135079359,46039.44035125006,2.0479999780654907,0.3,0.3599999999999999,-0.758,45919.401048866624,64.59536562514506,40.00151874974604,646018382.6667,-5122048.0,2906
237,0.008235084894207115,460.57793515969075,16.581774052561666,46039.44035125006,2.0479999780654907,-0.10000000000000003,0.3599999999999999,-0.758,45901.962735884954,64.59536562514506,40.00151874974604,646018382.6667,-5122048.0,2906
238,0.00819599897363528,460.57793515969075,16.47482245689176,46039.44035125006,2.0479999780654907,0.09999999999999998,0.3599999999999999,-0.758,45903.730463757005,64.59536562514506,40.00151874974604,646018382.6667,-5122048.0,2906
239,0.008017420337622684,460.57793515969075,16.29659214438573,46039.44035125006,2.0479999780654907,0.3,0.3599999999999999,-0.758,45906.65089348983,64.59536562514506,40.00151874974604,646018382.6667,-5122048.0,2906
240,0.005542555149075265,729.9668340323904,16.803776111968,46039.44035125006,2.0479999780654907,-0.10000000000000003,0.3599999999999999,-0.758,45898.256905439484,64.59536562514506,40.00151874974604,646018382.6667,-5122048.0,2906
241,0.0059233389959804615,729.9668340323904,16.795648897260815,46039.44035125006,2.0479999780654907,0.09999999999999998,0.3599999999999999,-0.758,45898.39344031003,64.59536562514506,40.00151874974604,646018382.6667,-5122048.0,2906
242,0.006198789735809553,729.9668340323904,16.70910781573157,46039.44035125006,2.0479999780654907,0.3,0.3599999999999999,-0.758,45899.84320925119,64.59536562514506,40.00151874974604,646018382.6667,-5122048.0,2906
243,0.007347546740642479,579.833266684221,17.27905487534339,46039.44035125006,2.0479999780654907,0.19999999999999998,0.35499999999999987,-0.763,45890.15748255749,65.04891643353434,40.08204112535233,646018382.6667,-5122048.0,2906
244,0.007400910767737228,579.833266684221,17.246943454440906,46039.44035125006,2.0479999780654907,0.3,0.35499999999999987,-0.763,45890.71182198972,65.04891643353434,40.08204112535233,646018382.6667,-5122048.0,2906
245,0.007412256608626226,579.833266684221,17.190649111401985,46039.44035125006,2.0479999780654907,0.4,0.35499999999999987,-0.763,45891.681142814385,65.04891643353434,40.08204112535233,646018382.6667,-5122048.0,2906
246,0.006341388774767267,729.9668340323904,17.350184446632877,46039.44035125006,2.0479999780654907,0.19999999999999998,0.35499999999999987,-0.763,45888.92590108397,65.04891643353434,40.08204112535233,646018382.6667,-5122048.0,2906
247,0.006493422051728243,729.9668340323904,17.345203736501514,46039.44035125006,2.0479999780654907,0.3,0.35499999999999987,-0.763,45889.012304919685,65.04891643353434,40.08204112535233,646018382.6667,-5122048.0,2906
248,0.006607424280955506,729.9668340323904,17.31486276763235,46039.44035125006,2.0479999780654907,0.4,0.35499999999999987,-0.763,45889.53811491909,65.04891643353434,40.08204112535233,646018382.6667,-5122048.0,2906
249,0.00552160579687604,918.9737971303117,17.362159269521474,46039.44035125006,2.0479999780654907,0.19999999999999998,0.35499999999999987,-0.763,45888.71806399994,65.04891643353434,40.08204112535233,646018382.6667,-5122048.0,2906
250,0.005744833114694038,918.9737971303117,17.386139604996337,46039.44035125006,2.0479999780654907,0.3,0.35499999999999987,-0.763,45888.30142606785,65.04891643353434,40.08204112535233,646018382.6667,-5122048.0,2906
251,0.005935902127507776,918.9737971303117,17.383841692122946,46039.44035125006,2.0479999780654907,0.4,0.35499999999999987,-0.763,45888.34137526166,65.04891643353434,40.08204112535233,646018382.6667,-5122048.0,2906
252,0.0072680705091603,579.833266684221,17.21168744086363,46039.44035125006,2.0479999780654907,0.19999999999999998,0.35599999999999987,-0.763,45891.319258969066,64.98721757732187,40.0962039409742,646018382.6667,-5122048.0,2906
253,0.007313932500989041,579.833266684221,17.1731913914858,46039.44035125006,2.0479999780654907,0.3,0.35599999999999987,-0.763,45891.98109996576,64.98721757732187,40.0962039409742,646018382.6667,-5122048.0,2906
254,0.007317632880798435,579.833266684221,17.110176501922904,46039.44035125006,2.0479999780654907,0.4,0.35599999999999987,-0.763,45893.06128128658,64.98721757732187,40.0962039409742,646018382.6667,-5122048.0,2906
255,0.006282771504321517,729.9668340323904,17.294669911573873,46039.44035125006,2.0479999780654907,0.19999999999999998,0.35599999999999987,-0.763,45889.88754757491,64.98721757732187,40.0962039409742,646018382.6667,-5122048.0,2906
256,0.006427190500970706,729.9668340323904,17.282924221190367,46039.44035125006,2.0479999780654907,0.3,0.35599999999999987,-0.763,45890.09061643235,64.98721757732187,40.0962039409742,646018382.6667,-5122048.0,2906
257,0.006533115811356278,729.9668340323904,17.245325081155435,46039.44035125006,2.0479999780654907,0.4,0.35599999999999987,-0.763,45890.73973267269,64.98721757732187,40.0962039409742,646018382.6667,-5122048.0,2906
258,0.0054779034433947585,918.9737971303117,17.316866001992267,46039.44035125006,2.0479999780654907,0.19999999999999998,0.35599999999999987,-0.763,45889.50342718458,64.98721757732187,40.0962039409742,646018382.6667,-5122048.0,2906
259,0.0056938338014964575,918.9737971303117,17.333913497939406,46039.44035125006,2.0479999780654907,0.3,0.35599999999999987,-0.763,45889.208072673035,64.98721757732187,40.0962039409742,646018382.6667,-5122048.0,2906
260,0.005876886197637077,918.9737971303117,17.32403185429811,46039.44035125006,2.0479999780654907,0.4,0.35599999999999987,-0.763,45889.37931140569,64.98721757732187,40.0962039409742,646018382.6667,-5122048.0,2906
261,0.00729566190007085,579.833266684221,17.18450153207417,46039.44035125006,2.0479999780654907,0.19999999999999998,0.3569999999999999,-0.763,45891.78680479713,64.92558065818434,40.110393552002755,646018382.6667,-5122048.0,2906
262,0.007346902703110848,579.833266684221,17.151500865671984,46039.44035125006,2.0479999780654907,0.3,0.3569999999999999,-0.763,45892.353360277484,64.92558065818434,40.110393552002755,646018382.6667,-5122048.0,2906
263,0.0073563863095927485,579.833266684221,17.0948239404947,46039.44035125006,2.0479999780654907,0.4,0.3569999999999999,-0.763,45893.3238484718,64.92558065818434,40.110393552002755,646018382.6667,-5122048.0,2906
264,0.006300723605706966,729.9668340323904,17.263301836841265,46039.44035125006,2.0479999780654907,0.19999999999999998,0.3569999999999999,-0.763,45890.429556095114,64.92558065818434,40.110393552002755,646018382.6667,-5122048.0,2906
265,0.006450077719575919,729.9668340323904,17.256597500846212,46039.44035125006,2.0479999780654907,0.3,0.3569999999999999,-0.763,45890.54527259695,64.92558065818434,40.110393552002755,646018382.6667,-5122048.0,2906
266,0.006561539971176155,729.9668340323904,17.225009507566945,46039.44035125006,2.0479999780654907,0.4,0.3569999999999999,-0.763,45891.08987498217,64.92558065818434,40.110393552002755,646018382.6667,-5122048.0,2906
267,0.005489262879875481,918.9737971303117,17.282392973448967,46039.44035125006,2.0479999780654907,0.19999999999999998,0.3569999999999999,-0.763,45890.0997978057,64.92558065818434,40.110393552002755,646018382.6667,-5122048.0,2906
268,0.005709556397207057,918.9737971303117,17.303948781827902,46039.44035125006,2.0479999780654907,0.3,0.3569999999999999,-0.763,45889.727029527996,64.92558065818434,40.110393552002755,646018382.6667,-5122048.0,2906
269,0.005897717603801723,918.9737971303117,17.299664640257642,46039.44035125006,2.0479999780654907,0.4,0.3569999999999999,-0.763,45889.80115291737,64.92558065818434,40.110393552002755,646018382.6667,-5122048.0,2906
270,0.0073331956532229564,579.833266684221,17.317468895212368,46039.44035125006,2.0479999780654907,0.19999999999999998,0.35499999999999987,-0.762,45889.49298678173,65.02016451282434,40.051619870742684,646018382.6667,-5122048.0,2906
271,0.007382882486836443,579.833266684221,17.283383520369817,46039.44035125006,2.0479999780654907,0.3,0.35499999999999987,-0.762,45890.08267829396,65.02016451282434,40.051619870742684,646018382.6667,-5122048.0,2906
272,0.007390249932320796,579.833266684221,17.22480780168897,46039.44035125006,2.0479999780654907,0.4,0.35499999999999987,-0.762,45891.093349347495,65.02016451282434,40.051619870742684,646018382.6667,-5122048.0,2906
273,0.00633371699388189,729.9668340323904,17.39186738132046,46039.44035125006,2.0479999780654907,0.19999999999999998,0.35499999999999987,-0.762,45888.20182574534,65.02016451282434,40.051619870742684,646018382.6667,-5122048.0,2906
274,0.006482454026989806,729.9668340323904,17.385089009297314,46039.44035125006,2.0479999780654907,0.3,0.35499999999999987,-0.762,45888.31969131946,65.02016451282434,40.051619870742684,646018382.6667,-5122048.0,2906
275,0.006592713543798029,729.9668340323904,17.352554785733748,46039.44035125006,2.0479999780654907,0.4,0.35499999999999987,-0.762,45888.88477245411,65.02016451282434,40.051619870742684,646018382.6667,-5122048.0,2906
276,0.005518285462971446,918.9737971303117,17.4061474435085,46039.44035125006,2.0479999780654907,0.19999999999999998,0.35499999999999987,-0.762,45887.95336683748,65.02016451282434,40.051619870742684,646018382.6667,-5122048.0,2906
277,0.00573869279082057,918.9737971303117,17.428621246859795,46039.44035125006,2.0479999780654907,0.3,0.35499999999999987,-0.762,45887.56193196681,65.02016451282434,40.051619870742684,646018382.6667,-5122048.0,2906
278,0.005926393632367536,918.9737971303117,17.42433615924397,46039.44035125006,2.0479999780654907,0.4,0.35499999999999987,-0.762,45887.63660595489,65.02016451282434,40.051619870742684,646018382.6667,-5122048.0,2906
279,0.00729227943196862,579.833266684221,17.321033626826416,46039.44035125006,2.0479999780654907,0.19999999999999998,0.35599999999999987,-0.762,45889.43124829923,64.95841361457386,40.06581061845303,646018382.6667,-5122048.0,2906
280,0.007336688184481823,579.833266684221,17.283951704353026,46039.44035125006,2.0479999780654907,0.3,0.35599999999999987,-0.762,45890.072857990854,64.95841361457386,40.06581061845303,646018382.6667,-5122048.0,2906
281,0.007338560027089921,579.833266684221,17.22213938567384,46039.44035125006,2.0479999780654907,0.4,0.35599999999999987,-0.762,45891.13930874027,64.95841361457386,40.06581061845303,646018382.6667,-5122048.0,2906
282,0.006305664252420333,729.9668340323904,17.40203350954101,46039.44035125006,2.0479999780654907,0.19999999999999998,0.35599999999999987,-0.762,45888.02496611646,64.95841361457386,40.06581061845303,646018382.6667,-5122048.0,2906
283,0.0064492927459851804,729.9668340323904,17.392176286418362,46039.44035125006,2.0479999780654907,0.3,0.35599999999999987,-0.762,45888.19645326113,64.95841361457386,40.06581061845303,646018382.6667,-5122048.0,2906
284,0.006553995702611135,729.9668340323904,17.35620108718251,46039.44035125006,2.0479999780654907,0.4,0.35599999999999987,-0.762,45888.8214931607,64.95841361457386,40.06581061845303,646018382.6667,-5122048.0,2906
285,0.0054991390945721575,918.9737971303117,17.42170875658954,46039.44035125006,2.0479999780654907,0.19999999999999998,0.35599999999999987,-0.762,45887.68238325034,64.95841361457386,40.06581061845303,646018382.6667,-5122048.0,2906
286,0.005714861687906506,918.9737971303117,17.441194568130452,46039.44035125006,2.0479999780654907,0.3,0.35599999999999987,-0.762,45887.342717268366,64.95841361457386,40.06581061845303,646018382.6667,-5122048.0,2906
287,0.0058972530990092096,918.9737971303117,17.433437881580367,46039.44035125006,2.0479999780654907,0.4,0.35599999999999987,-0.762,45887.4779730646,64.95841361457386,40.06581061845303,646018382.6667,-5122048.0,2906
288,0.007264542705681367,579.833266684221,17.205483971393527,46039.44035125006,2.0479999780654907,0.19999999999999998,0.3569999999999999,-0.762,45891.42601190512,64.8967248392132,40.08002819373311,646018382.6667,-5122048.0,2906
289,0.007309780692136969,579.833266684221,17.166980324269424,46039.44035125006,2.0479999780654907,0.3,0.3569999999999999,-0.762,45892.08774452313,64.8967248392132,40.08002819373311,646018382.6667,-5122048.0,2906
290,0.007312876642391322,579.833266684221,17.104192618163452,46039.44035125006,2.0479999780654907,0.4,0.3569999999999999,-0.762,45893.16364869044,64.8967248392132,40.08002819373311,646018382.6667,-5122048.0,2906
291,0.006280824887243392,729.9668340323904,17.29092921776759,46039.44035125006,2.0479999780654907,0.19999999999999998,0.3569999999999999,-0.762,45889.95223464313,64.8967248392132,40.08002819373311,646018382.6667,-5122048.0,2906
292,0.006424667601979053,729.9668340323904,17.278964207526712,46039.44035125006,2.0479999780654907,0.3,0.3569999999999999,-0.762,45890.15904920756,64.8967248392132,40.08002819373311,646018382.6667,-5122048.0,2906
293,0.006529998609845148,729.9668340323904,17.241356067121682,46039.44035125006,2.0479999780654907,0.4,0.3569999999999999,-0.762,45890.80817173342,64.8967248392132,40.08002819373311,646018382.6667,-5122048.0,2906
294,0.0054769090060819495,918.9737971303117,17.31508039746427,46039.44035125006,2.0479999780654907,0.19999999999999998,0.3569999999999999,-0.762,45889.53434666473,64.8967248392132,40.08002819373311,646018382.6667,-5122048.0,2906
295,0.005692341935788064,918.9737971303117,17.331774097587836,46039.44035125006,2.0479999780654907,0.3,0.3569999999999999,-0.762,45889.24515456515,64.8967248392132,40.08002819373311,646018382.6667,-5122048.0,2906
296,0.0058748532123424485,918.9737971303117,17.321724438068586,46039.44035125006,2.0479999780654907,0.4,0.3569999999999999,-0.762,45889.419282495866,64.8967248392132,40.08002819373311,646018382.6667,-5122048.0,2906
297,0.007366171285352586,579.833266684221,17.343706325572036,46039.44035125006,2.0479999780654907,0.19999999999999998,0.35499999999999987,-0.761,45889.038276696214,64.99135051889535,40.02117856406871,646018382.6667,-5122048.0,2906
298,0.007417626671769147,579.833266684221,17.307448517983694,46039.44035125006,2.0479999780654907,0.3,0.35499999999999987,-0.761,45889.66646414873,64.99135051889535,40.02117856406871,646018382.6667,-5122048.0,2906
299,0.007426740384649296,579.833266684221,17.246544472689088,46039.44035125006,2.0479999780654907,0.4,0.35499999999999987,-0.761,45890.718703125836,64.99135051889535,40.02117856406871,646018382.6667,-5122048.0,2906
300,0.006358246451594892,729.9668340323904,17.416269469851194,46039.44035125006,2.0479999780654907,0.19999999999999998,0.35499999999999987,-0.761,45887.77713012682,64.99135051889535,40.02117856406871,646018382.6667,-5122048.0,2906
301,0.006509016085178672,729.9668340323904,17.40761288413619,46039.44035125006,2.0479999780654907,0.3,0.35499999999999987,-0.761,45887.927858088085,64.99135051889535,40.02117856406871,646018382.6667,-5122048.0,2906
302,0.0066213958816785795,729.9668340323904,17.373061897800607,46039.44035125006,2.0479999780654907,0.4,0.35499999999999987,-0.761,45888.52871139765,64.99135051889535,40.02117856406871,646018382.6667,-5122048.0,2906
303,0.00553664333270726,918.9737971303117,17.428438843661453,46039.44035125006,2.0479999780654907,0.19999999999999998,0.35499999999999987,-0.761,45887.565110986434,64.99135051889535,40.02117856406871,646018382.6667,-5122048.0,2906
304,0.005759119154375805,918.9737971303117,17.449276059944467,46039.44035125006,2.0479999780654907,0.3,0.35499999999999987,-0.761,45887.20173374198,64.99135051889535,40.02117856406871,646018382.6667,-5122048.0,2906
305,0.0059490689731746685,918.9737971303117,17.443236253789944,46039.44035125006,2.0479999780654907,0.4,0.35499999999999987,-0.761,45887.30710574729,64.99135051889535,40.02117856406871,646018382.6667,-5122048.0,2906
306,0.007352324788957894,579.833266684221,17.38307647047694,46039.44035125006,2.0479999780654907,0.19999999999999998,0.35599999999999987,-0.761,45888.35467746083,64.92954752882328,40.03539730655076,646018382.6667,-5122048.0,2906
307,0.007400157526346191,579.833266684221,17.345078550469992,46039.44035125006,2.0479999780654907,0.3,0.35599999999999987,-0.761,45889.01447628907,64.92954752882328,40.03539730655076,646018382.6667,-5122048.0,2906
308,0.007405371414948634,579.833266684221,17.282121952632597,46039.44035125006,2.0479999780654907,0.4,0.35599999999999987,-0.761,45890.104481657225,64.92954752882328,40.03539730655076,646018382.6667,-5122048.0,2906
309,0.006350918322173662,729.9668340323904,17.458388528459064,46039.44035125006,2.0479999780654907,0.19999999999999998,0.35599999999999987,-0.761,45887.04268624474,64.92954752882328,40.03539730655076,646018382.6667,-5122048.0,2906
310,0.006498449409678367,729.9668340323904,17.44820910067911,46039.44035125006,2.0479999780654907,0.3,0.35599999999999987,-0.761,45887.22035083955,64.92954752882328,40.03539730655076,646018382.6667,-5122048.0,2906
311,0.006607161190167574,729.9668340323904,17.411729509763678,46039.44035125006,2.0479999780654907,0.4,0.35599999999999987,-0.761,45887.85618898947,64.92954752882328,40.03539730655076,646018382.6667,-5122048.0,2906
312,0.005533546565379627,918.9737971303117,17.472429669787175,46039.44035125006,2.0479999780654907,0.19999999999999998,0.35599999999999987,-0.761,45886.79745196723,64.92954752882328,40.03539730655076,646018382.6667,-5122048.0,2906
313,0.0057532626331380735,918.9737971303117,17.492068771472265,46039.44035125006,2.0479999780654907,0.3,0.35599999999999987,-0.761,45886.4541162971,64.92954752882328,40.03539730655076,646018382.6667,-5122048.0,2906
314,0.005939916883729732,918.9737971303117,17.48433686587821,46039.44035125006,2.0479999780654907,0.4,0.35599999999999987,-0.761,45886.589333430304,64.92954752882328,40.03539730655076,646018382.6667,-5122048.0,2906
315,0.007383149091977001,579.833266684221,17.38785498635514,46039.44035125006,2.0479999780654907,0.19999999999999998,0.3569999999999999,-0.761,45888.2716007368,64.86780684813218,40.04964290875382,646018382.6667,-5122048.0,2906
316,0.007436120624201623,579.833266684221,17.35599173158355,46039.44035125006,2.0479999780654907,0.3,0.3569999999999999,-0.761,45888.82512675666,64.86780684813218,40.04964290875382,646018382.6667,-5122048.0,2906
317,0.007446858351497702,579.833266684221,17.299913219445788,46039.44035125006,2.0479999780654907,0.4,0.3569999999999999,-0.761,45889.79685254988,64.86780684813218,40.04964290875382,646018382.6667,-5122048.0,2906
318,0.0063719855068795905,729.9668340323904,17.456924615817805,46039.44035125006,2.0479999780654907,0.19999999999999998,0.3569999999999999,-0.761,45887.068242728885,64.86780684813218,40.04964290875382,646018382.6667,-5122048.0,2906
319,0.006524277014501093,729.9668340323904,17.452637340076674,46039.44035125006,2.0479999780654907,0.3,0.3569999999999999,-0.761,45887.14307618794,64.86780684813218,40.04964290875382,646018382.6667,-5122048.0,2906
320,0.006638306065705592,729.9668340323904,17.422906336526676,46039.44035125006,2.0479999780654907,0.4,0.3569999999999999,-0.761,45887.66151864437,64.86780684813218,40.04964290875382,646018382.6667,-5122048.0,2906
321,0.005547899324394595,918.9737971303117,17.46600934685559,46039.44035125006,2.0479999780654907,0.19999999999999998,0.3569999999999999,-0.761,45886.909609997834,64.86780684813218,40.04964290875382,646018382.6667,-5122048.0,2906
322,0.005771876564742377,918.9737971303117,17.491206889129995,46039.44035125006,2.0479999780654907,0.3,0.3569999999999999,-0.761,45886.46919203088,64.86780684813218,40.04964290875382,646018382.6667,-5122048.0,2906
323,0.005963473690497242,918.9737971303117,17.489996911596556,46039.44035125006,2.0479999780654907,0.4,0.3569999999999999,-0.761,45886.49035526623,64.86780684813218,40.04964290875382,646018382.6667,-5122048.0,2906
324,0.012406062250171001,290.605030894529,15.783557660329253,46039.440351216996,2.0479999780654907,-0.10000000000000003,0.31799999999999984,-0.759,45914.88000500853,67.26766451313631,39.45180685360346,646018382.6667,-5122048.0,2906
325,0.011415692908112235,290.605030894529,15.57878601159002,46039.440351216996,2.0479999780654907,0.09999999999999998,0.31799999999999984,-0.759,45918.09106441954,67.26766451313631,39.45180685360346,646018382.6667,-5122048.0,2906
326,0.010352885637896487,290.605030894529,15.309765828505023,46039.440351216996,2.0479999780654907,0.3,0.31799999999999984,-0.759,45922.245886355166,67.26766451313631,39.45180685360346,646018382.6667,-5122048.0,2906
327,0.008160214010499916,460.57793515969075,16.546611544534212,46039.440351216996,2.0479999780654907,-0.10000000000000003,0.31799999999999984,-0.759,45902.54517441414,67.26766451313631,39.45180685360346,646018382.6667,-5122048.0,2906
328,0.00808836971470013,460.57793515969075,16.404628400673708,46039.440351216996,2.0479999780654907,0.09999999999999998,0.31799999999999984,-0.759,45904.8844347349,67.26766451313631,39.45180685360346,646018382.6667,-5122048.0,2906
329,0.007873146025366496,460.57793515969075,16.18339928644137,46039.440351216996,2.0479999780654907,0.3,0.31799999999999984,-0.759,45908.4891449848,67.26766451313631,39.45180685360346,646018382.6667,-5122048.0,2906
330,0.005525005715392589,729.9668340323904,16.819134810707737,46039.440351216996,2.0479999780654907,-0.10000000000000003,0.31799999999999984,-0.759,45897.998703326615,67.26766451313631,39.45180685360346,646018382.6667,-5122048.0,2906
331,0.005883219397812797,729.9668340323904,16.779194654007245,46039.440351216996,2.0479999780654907,0.09999999999999998,0.31799999999999984,-0.759,45898.66966459846,67.26766451313631,39.45180685360346,646018382.6667,-5122048.0,2906
332,0.006128100578456668,729.9668340323904,16.65058592608373,46039.440351216996,2.0479999780654907,0.3,0.31799999999999984,-0.759,45900.81934537605,67.26766451313631,39.45180685360346,646018382.6667,-5122048.0,2906
333,0.012883409830425609,290.605030894529,16.292514854924814,46039.440351216996,2.0479999780654907,-0.10000000000000003,0.31999999999999984,-0.759,45906.71733106802,67.13935293578642,39.478269149902914,646018382.6667,-5122048.0,2906
334,0.011905521288635378,290.605030894529,16.146329246250172,46039.440351216996,2.0479999780654907,0.09999999999999998,0.31999999999999984,-0.759,45909.08837715284,67.13935293578642,39.478269149902914,646018382.6667,-5122048.0,2906
335,0.01084842876207476,290.605030894529,15.938780802635678,46039.440351216996,2.0479999780654907,0.3,0.31999999999999984,-0.759,45912.41798447976,67.13935293578642,39.478269149902914,646018382.6667,-5122048.0,2906
336,0.008379813238914735,460.57793515969075,16.913175908604497,46039.440351216996,2.0479999780654907,-0.10000000000000003,0.31999999999999984,-0.759,45896.412591559296,67.13935293578642,39.478269149902914,646018382.6667,-5122048.0,2906
337,0.008342822575580807,460.57793515969075,16.83725696565402,46039.440351216996,2.0479999780654907,0.09999999999999998,0.31999999999999984,-0.759,45897.69374015326,67.13935293578642,39.478269149902914,646018382.6667,-5122048.0,2906
338,0.008161850304910435,460.57793515969075,16.688640389751075,46039.440351216996,2.0479999780654907,0.3,0.31999999999999984,-0.759,45900.18499218778,67.13935293578642,39.478269149902914,646018382.6667,-5122048.0,2906
339,0.00563268296737298,729.9668340323904,17.08390579896481,46039.440351216996,2.0479999780654907,-0.10000000000000003,0.31999999999999984,-0.759,45893.510432543044,67.13935293578642,39.478269149902914,646018382.6667,-5122048.0,2906
340,0.006023952671032977,729.9668340323904,17.111424778932868,46039.440351216996,2.0479999780654907,0.09999999999999998,0.31999999999999984,-0.759,45893.03992223446,67.13935293578642,39.478269149902914,646018382.6667,-5122048.0,2906
341,0.006306698221997736,729.9668340323904,17.060553946648657,46039.440351216996,2.0479999780654907,0.3,0.31999999999999984,-0.759,45893.90910073374,67.13935293578642,39.478269149902914,646018382.6667,-5122048.0,2906
342,0.012905166617504389,290.605030894529,16.25578363166215,46039.440351216996,2.0479999780654907,-0.10000000000000003,0.32199999999999984,-0.759,45907.31510047729,67.01128319791938,39.504851968419494,646018382.6667,-5122048.0,2906
343,0.011940276944514439,290.605030894529,16.12788936323502,46039.440351216996,2.0479999780654907,0.09999999999999998,0.32199999999999984,-0.759,45909.38594356062,67.01128319791938,39.504851968419494,646018382.6667,-5122048.0,2906
344,0.01089481942502238,290.605030894529,15.940479048888,46039.440351216996,2.0479999780654907,0.3,0.32199999999999984,-0.759,45912.39091506298,67.01128319791938,39.504851968419494,646018382.6667,-5122048.0,2906
345,0.008380127163061163,460.57793515969075,16.85984307895484,46039.440351216996,2.0479999780654907,-0.10000000000000003,0.32199999999999984,-0.759,45897.313196893505,67.01128319791938,39.504851968419494,646018382.6667,-5122048.0,2906
346,0.00835226844200506,460.57793515969075,16.79932759187298,46039.440351216996,2.0479999780654907,0.09999999999999998,0.32199999999999984,-0.759,45898.33164744746,67.01128319791938,39.504851968419494,646018382.6667,-5122048.0,2906
347,0.008181579567604451,460.57793515969075,16.669229174807366,46039.440351216996,2.0479999780654907,0.3,0.32199999999999984,-0.759,45900.50875057587,67.01128319791938,39.504851968419494,646018382.6667,-5122048.0,2906
348,0.005628094243976202,729.9668340323904,17.02760555042263,46039.440351216996,2.0479999780654907,-0.10000000000000003,0.32199999999999984,-0.759,45894.470675826604,67.01128319791938,39.504851968419494,646018382.6667,-5122048.0,2906
349,0.006024709718495637,729.9668340323904,17.066389868594218,46039.440351216996,2.0479999780654907,0.09999999999999998,0.32199999999999984,-0.759,45893.80951964357,67.01128319791938,39.504851968419494,646018382.6667,-5122048.0,2906
350,0.006314899153373527,729.9668340323904,17.030923799452612,46039.440351216996,2.0479999780654907,0.3,0.32199999999999984,-0.759,45894.414168485615,67.01128319791938,39.504851968419494,646018382.6667,-5122048.0,2906
351,0.012461927801860303,290.605030894529,15.854411419388432,46039.440351216996,2.0479999780654907,-0.10000000000000003,0.31799999999999984,-0.757,45913.75917048938,67.21373406159793,39.38874662668042,646018382.6667,-5122048.0,2906
352,0.011473675301046527,290.605030894529,15.654024100141369,46039.440351216996,2.0479999780654907,0.09999999999999998,0.31799999999999984,-0.757,45916.91611595309,67.21373406159793,39.38874662668042,646018382.6667,-5122048.0,2906
353,0.010412820781841359,290.605030894529,15.390344933323423,46039.440351216996,2.0479999780654907,0.3,0.31799999999999984,-0.757,45921.00899263366,67.21373406159793,39.38874662668042,646018382.6667,-5122048.0,2906
354,0.008186031992668623,460.57793515969075,16.6065357730847,46039.440351216996,2.0479999780654907,-0.10000000000000003,0.31799999999999984,-0.757,45901.551836025625,67.21373406159793,39.38874662668042,646018382.6667,-5122048.0,2906
355,0.008118088625736196,460.57793515969075,16.469280074647987,46039.440351216996,2.0479999780654907,0.09999999999999998,0.31799999999999984,-0.757,45903.8217581284,67.21373406159793,39.38874662668042,646018382.6667,-5122048.0,2906
356,0.007907398332508695,460.57793515969075,16.253910042264057,46039.440351216996,2.0479999780654907,0.3,0.31799999999999984,-0.757,45907.34555538599,67.21373406159793,39.38874662668042,646018382.6667,-5122048.0,2906
357,0.005537532037937294,729.9668340323904,16.867740865084706,46039.440351216996,2.0479999780654907,-0.10000000000000003,0.31799999999999984,-0.757,45897.18001027117,67.21373406159793,39.38874662668042,646018382.6667,-5122048.0,2906
358,0.005899192454853617,729.9668340323904,16.833106251875176,46039.440351216996,2.0479999780654907,0.09999999999999998,0.31799999999999984,-0.757,45897.763618173536,67.21373406159793,39.38874662668042,646018382.6667,-5122048.0,2906
359,0.006148503868484065,729.9668340323904,16.711043218072348,46039.440351216996,2.0479999780654907,0.3,0.31799999999999984,-0.757,45899.810868498855,67.21373406159793,39.38874662668042,646018382.6667,-5122048.0,2906
360,0.012783233181519707,290.605030894529,16.32616786376744,46039.440351216996,2.0479999780654907,-0.10000000000000003,0.31999999999999984,-0.757,45906.16847265904,67.08518559139148,39.41531631901045,646018382.6667,-5122048.0,2906
361,0.011803067857841769,290.605030894529,16.17414199847846,46039.440351216996,2.0479999780654907,0.09999999999999998,0.31999999999999984,-0.757,45908.63891652352,67.08518559139148,39.41531631901045,646018382.6667,-5122048.0,2906
362,0.010745837550302492,290.605030894529,15.960898581834774,46039.440351216996,2.0479999780654907,0.3,0.31999999999999984,-0.757,45912.06520944719,67.08518559139148,39.41531631901045,646018382.6667,-5122048.0,2906
363,0.008340006680786795,460.57793515969075,16.96295680244963,46039.440351216996,2.0479999780654907,-0.10000000000000003,0.31999999999999984,-0.757,45895.56939947611,67.08518559139148,39.41531631901045,646018382.6667,-5122048.0,2906
364,0.008294469377236876,460.57793515969075,16.880089263213694,46039.440351216996,2.0479999780654907,0.09999999999999998,0.31999999999999984,-0.757,45896.971644449965,67.08518559139148,39.41531631901045,646018382.6667,-5122048.0,2906
365,0.00810526179847942,460.57793515969075,16.723944493069816,46039.440351216996,2.0479999780654907,0.3,0.31999999999999984,-0.757,45899.595191513356,67.08518559139148,39.41531631901045,646018382.6667,-5122048.0,2906
366,0.005617985008095628,729.9668340323904,17.14085471572864,46039.440351216996,2.0479999780654907,-0.10000000000000003,0.31999999999999984,-0.757,45892.53590102414,67.08518559139148,39.41531631901045,646018382.6667,-5122048.0,2906
367,0.006001670899885948,729.9668340323904,17.16259903305,46039.440351216996,2.0479999780654907,0.09999999999999998,0.31999999999999984,-0.757,45892.16294843237,67.08518559139148,39.41531631901045,646018382.6667,-5122048.0,2906
368,0.00627542646830398,729.9668340323904,17.104459360015564,46039.440351216996,2.0479999780654907,0.3,0.31999999999999984,-0.757,45893.15908621778,67.08518559139148,39.41531631901045,646018382.6667,-5122048.0,2906
369,0.013030169753633246,290.605030894529,16.475478087069334,46039.440351216996,2.0479999780654907,-0.10000000000000003,0.32199999999999984,-0.757,45903.719662118245,66.95688049371624,39.44200687284297,646018382.6667,-5122048.0,2906
370,0.012068607625657521,290.605030894529,16.36203480836645,46039.440351216996,2.0479999780654907,0.09999999999999998,0.32199999999999984,-0.757,45905.5822596819,66.95688049371624,39.44200687284297,646018382.6667,-5122048.0,2906
371,0.011025595559977093,290.605030894529,16.190608567553053,46039.440351216996,2.0479999780654907,0.3,0.32199999999999984,-0.757,45908.372448323134,66.95688049371624,39.44200687284297,646018382.6667,-5122048.0,2906
372,0.008440978808419462,460.57793515969075,17.04003080470769,46039.440351216996,2.0479999780654907,-0.10000000000000003,0.32199999999999984,-0.757,45894.2590263043,66.95688049371624,39.44200687284297,646018382.6667,-5122048.0,2906
373,0.008420994279073397,460.57793515969075,16.996204118016784,46039.440351216996,2.0479999780654907,0.09999999999999998,0.32199999999999984,-0.757,45895.00487400635,66.95688049371624,39.44200687284297,646018382.6667,-5122048.0,2906
374,0.00825861981019073,460.57793515969075,16.88503052218495,46039.440351216996,2.0479999780654907,0.3,0.32199999999999984,-0.757,45896.88822334944,66.95688049371624,39.44200687284297,646018382.6667,-5122048.0,2906
375,0.005660618288292862,729.9668340323904,17.174480426187223,46039.440351216996,2.0479999780654907,-0.10000000000000003,0.32199999999999984,-0.757,45891.95896226225,66.95688049371624,39.44200687284297,646018382.6667,-5122048.0,2906
376,0.00606484860010092,729.9668340323904,17.231717571393723,46039.440351216996,2.0479999780654907,0.09999999999999998,0.32199999999999984,-0.757,45890.974305986856,66.95688049371624,39.44200687284297,646018382.6667,-5122048.0,2906
377,0.006363990012090817,729.9668340323904,17.217505767093105,46039.440351216996,2.0479999780654907,0.3,0.32199999999999984,-0.757,45891.21909879705,66.95688049371624,39.44200687284297,646018382.6667,-5122048.0,2906
378,0.012064111242755962,290.605030894529,15.421150876231117,46039.440351216996,2.0479999780654907,-0.10000000000000003,0.31799999999999984,-0.755,45920.534404043254,67.15956084023094,39.32559727329484,646018382.6667,-5122048.0,2906
379,0.011085448236621089,290.605030894529,15.211596077380145,46039.440351216996,2.0479999780654907,0.09999999999999998,0.31799999999999984,-0.755,45923.74402360631,67.15956084023094,39.32559727329484,646018382.6667,-5122048.0,2906
380,0.01003853038348656,290.605030894529,14.940693643703627,46039.440351216996,2.0479999780654907,0.3,0.31799999999999984,-0.755,45927.82818793949,67.15956084023094,39.32559727329484,646018382.6667,-5122048.0,2906
381,0.00799059500641915,460.57793515969075,16.24628537424281,46039.440351216996,2.0479999780654907,-0.10000000000000003,0.31799999999999984,-0.755,45907.46945698633,67.15956084023094,39.32559727329484,646018382.6667,-5122048.0,2906
382,0.007905819340999515,460.57793515969075,16.089120603242154,46039.440351216996,2.0479999780654907,0.09999999999999998,0.31799999999999984,-0.755,45910.01045032416,67.15956084023094,39.32559727329484,646018382.6667,-5122048.0,2906
383,0.00768010751223972,460.57793515969075,15.854880716467177,46039.440351216996,2.0479999780654907,0.3,0.31799999999999984,-0.755,45913.751729950294,67.15956084023094,39.32559727329484,646018382.6667,-5122048.0,2906
384,0.005436971136882782,729.9668340323904,16.574633880899782,46039.440351216996,2.0479999780654907,-0.10000000000000003,0.31799999999999984,-0.755,45902.08110707406,67.15956084023094,39.32559727329484,646018382.6667,-5122048.0,2906
385,0.005777876786911611,729.9668340323904,16.512685485931218,46039.440351216996,2.0479999780654907,0.09999999999999998,0.31799999999999984,-0.755,45903.105960238354,67.15956084023094,39.32559727329484,646018382.6667,-5122048.0,2906
386,0.006004811409491581,729.9668340323904,16.362939449250245,46039.440351216996,2.0479999780654907,0.3,0.31799999999999984,-0.755,45905.56745750708,67.15956084023094,39.32559727329484,646018382.6667,-5122048.0,2906
387,0.01253399799649687,290.605030894529,15.921690539322903,46039.440351216996,2.0479999780654907,-0.10000000000000003,0.31999999999999984,-0.755,45912.69023640201,67.0307748724568,39.352274867730195,646018382.6667,-5122048.0,2906
388,0.011569256016389615,290.605030894529,15.768513470293945,46039.440351216996,2.0479999780654907,0.09999999999999998,0.31999999999999984,-0.755,45915.117342685575,67.0307748724568,39.352274867730195,646018382.6667,-5122048.0,2906
389,0.010530373123714623,290.605030894529,15.558344822555986,46039.440351216996,2.0479999780654907,0.3,0.31999999999999984,-0.755,45918.40930440822,67.0307748724568,39.352274867730195,646018382.6667,-5122048.0,2906
390,0.008208115433993239,460.57793515969075,16.611726490062846,46039.440351216996,2.0479999780654907,-0.10000000000000003,0.31999999999999984,-0.755,45901.46562272667,67.0307748724568,39.352274867730195,646018382.6667,-5122048.0,2906
391,0.008157822100912619,460.57793515969075,16.517550853279552,46039.440351216996,2.0479999780654907,0.09999999999999998,0.31999999999999984,-0.755,45903.02560812166,67.0307748724568,39.352274867730195,646018382.6667,-5122048.0,2906
392,0.00796694137747687,460.57793515969075,16.353972856828484,46039.440351216996,2.0479999780654907,0.3,0.31999999999999984,-0.755,45905.714137116054,67.0307748724568,39.352274867730195,646018382.6667,-5122048.0,2906
393,0.005544361450448492,729.9668340323904,16.841966659177142,46039.440351216996,2.0479999780654907,-0.10000000000000003,0.31999999999999984,-0.755,45897.61443074258,67.0307748724568,39.352274867730195,646018382.6667,-5122048.0,2906
394,0.005917720140781103,729.9668340323904,16.8442643889877,46039.440351216996,2.0479999780654907,0.09999999999999998,0.31999999999999984,-0.755,45897.575729813936,67.0307748724568,39.352274867730195,646018382.6667,-5122048.0,2906
395,0.006182455788252828,729.9668340323904,16.76974645714753,46039.440351216996,2.0479999780654907,0.3,0.31999999999999984,-0.755,45898.82815309849,67.0307748724568,39.352274867730195,646018382.6667,-5122048.0,2906
396,0.012526659080089115,290.605030894529,15.93734602709521,46039.440351216996,2.0479999780654907,-0.10000000000000003,0.32199999999999984,-0.755,45912.44085202331,66.90223382231335,39.37907366328622,646018382.6667,-5122048.0,2906
397,0.01156793102867941,290.605030894529,15.794899593727731,46039.440351216996,2.0479999780654907,0.09999999999999998,0.32199999999999984,-0.755,45914.700924629025,66.90223382231335,39.37907366328622,646018382.6667,-5122048.0,2906
398,0.01053394185657542,290.605030894529,15.595239617026746,46039.440351216996,2.0479999780654907,0.3,0.32199999999999984,-0.755,45917.834601860755,66.90223382231335,39.37907366328622,646018382.6667,-5122048.0,2906
399,0.008198265311035688,460.57793515969075,16.607330886988652,46039.440351216996,2.0479999780654907,-0.10000000000000003,0.32199999999999984,-0.755,45901.53863162203,66.90223382231335,39.37907366328622,646018382.6667,-5122048.0,2906
400,0.00815153527532829,460.57793515969075,16.523953241877507,46039.440351216996,2.0479999780654907,0.09999999999999998,0.32199999999999984,-0.755,45902.91983584712,66.90223382231335,39.37907366328622,646018382.6667,-5122048.0,2906
401,0.007964262536322264,460.57793515969075,16.371805596109642,46039.440351216996,2.0479999780654907,0.3,0.32199999999999984,-0.755,45905.42234197859,66.90223382231335,39.37907366328622,646018382.6667,-5122048.0,2906
402,0.005537318829594431,729.9668340323904,16.830096268841313,46039.440351216996,2.0479999780654907,-0.10000000000000003,0.32199999999999984,-0.755,45897.81428100776,66.90223382231335,39.37907366328622,646018382.6667,-5122048.0,2906
403,0.005912274978970613,729.9668340323904,16.8416738272399,46039.440351216996,2.0479999780654907,0.09999999999999998,0.32199999999999984,-0.755,45897.61936256543,66.90223382231335,39.37907366328622,646018382.6667,-5122048.0,2906
404,0.0061790990659893845,729.9668340323904,16.777808708367438,46039.440351216996,2.0479999780654907,0.3,0.32199999999999984,-0.755,45898.69291868971,66.90223382231335,39.37907366328622,646018382.6667,-5122048.0,2906
405,0.007022515759165776,579.833266684221,17.173657348947344,46039.440351216996,2.0479999780654907,-2.7755575615628914e-17,0.32099999999999984,-0.758,45891.97309784747,67.04817555457865,39.46010709083471,646018382.6667,-5122048.0,2906
406,0.0071246286725364415,579.833266684221,17.164602654128927,46039.440351216996,2.0479999780654907,0.09999999999999998,0.32099999999999984,-0.758,45892.12855907993,67.04817555457865,39.46010709083471,646018382.6667,-5122048.0,2906
407,0.007194015727000549,579.833266684221,17.13740532804387,46039.440351216996,2.0479999780654907,0.19999999999999998,0.32099999999999984,-0.758,45892.59502052816,67.04817555457865,39.46010709083471,646018382.6667,-5122048.0,2906
408,0.00588238402913477,729.9668340323904,17.225006742401067,46039.440351216996,2.0479999780654907,-2.7755575615628914e-17,0.32099999999999984,-0.758,45891.089922579114,67.04817555457865,39.46010709083471,646018382.6667,-5122048.0,2906
409,0.006073172848007468,729.9668340323904,17.24326839475866,46039.440351216996,2.0479999780654907,0.09999999999999998,0.32099999999999984,-0.758,45890.775198750154,67.04817555457865,39.46010709083471,646018382.6667,-5122048.0,2906
410,0.006237369231102589,729.9668340323904,17.243014706549484,46039.440351216996,2.0479999780654907,0.19999999999999998,0.32099999999999984,-0.758,45890.779573131855,67.04817555457865,39.46010709083471,646018382.6667,-5122048.0,2906
411,0.004971066929716425,918.9737971303117,17.20848482467202,46039.440351216996,2.0479999780654907,-2.7755575615628914e-17,0.32099999999999984,-0.758,45891.37437623651,67.04817555457865,39.46010709083471,646018382.6667,-5122048.0,2906
412,0.00522076366790023,918.9737971303117,17.255900104157522,46039.440351216996,2.0479999780654907,0.09999999999999998,0.32099999999999984,-0.758,45890.557307014664,67.04817555457865,39.46010709083471,646018382.6667,-5122048.0,2906
413,0.005451482530409167,918.9737971303117,17.284762633951388,46039.440351216996,2.0479999780654907,0.19999999999999998,0.32099999999999984,-0.758,45890.058841560975,67.04817555457865,39.46010709083471,646018382.6667,-5122048.0,2906
414,0.00695704524404361,579.833266684221,17.058672119074018,46039.440351216996,2.0479999780654907,-2.7755575615628914e-17,0.32199999999999984,-0.758,45893.94120398396,66.9841122456447,39.47344044439265,646018382.6667,-5122048.0,2906
415,0.007054951768995095,579.833266684221,17.04702980921707,46039.440351216996,2.0479999780654907,0.09999999999999998,0.32199999999999984,-0.758,45894.13973855883,66.9841122456447,39.47344044439265,646018382.6667,-5122048.0,2906
416,0.007120049626917127,579.833266684221,17.017330472962595,46039.440351216996,2.0479999780654907,0.19999999999999998,0.32199999999999984,-0.758,45894.645583003985,66.9841122456447,39.47344044439265,646018382.6667,-5122048.0,2906
417,0.005835128227503112,729.9668340323904,17.122809518383363,46039.440351216996,2.0479999780654907,-2.7755575615628914e-17,0.32199999999999984,-0.758,45892.845048315576,66.9841122456447,39.47344044439265,646018382.6667,-5122048.0,2906
418,0.006021435829417472,729.9668340323904,17.137657388057733,46039.440351216996,2.0479999780654907,0.09999999999999998,0.32199999999999984,-0.758,45892.59070084177,66.9841122456447,39.47344044439265,646018382.6667,-5122048.0,2906
419,0.00618092815548229,729.9668340323904,17.13401272324269,46039.440351216996,2.0479999780654907,0.19999999999999998,0.32199999999999984,-0.758,45892.653155216874,66.9841122456447,39.47344044439265,646018382.6667,-5122048.0,2906
420,0.0049365508007701234,918.9737971303117,17.118099040206268,46039.440351216996,2.0479999780654907,-2.7755575615628914e-17,0.32199999999999984,-0.758,45892.92569384184,66.9841122456447,39.47344044439265,646018382.6667,-5122048.0,2906
421,0.005181919922558877,918.9737971303117,17.16146249098909,46039.440351216996,2.0479999780654907,0.09999999999999998,0.32199999999999984,-0.758,45892.18245380218,66.9841122456447,39.47344044439265,646018382.6667,-5122048.0,2906
422,0.005407944920876416,918.9737971303117,17.186224291998894,46039.440351216996,2.0479999780654907,0.19999999999999998,0.32199999999999984,-0.758,45891.75719850955,66.9841122456447,39.47344044439265,646018382.6667,-5122048.0,2906
423,0.006958929344097758,579.833266684221,16.985229230124624,46039.440351216996,2.0479999780654907,-2.7755575615628914e-17,0.32299999999999984,-0.758,45895.191345217056,66.9201097362401,39.48680379311303,646018382.6667,-5122048.0,2906
424,0.007059622337913113,579.833266684221,16.973749929700045,46039.440351216996,2.0479999780654907,0.09999999999999998,0.32299999999999984,-0.758,45895.386257879,66.9201097362401,39.48680379311303,646018382.6667,-5122048.0,2906
425,0.007127809920798035,579.833266684221,16.94477802753401,46039.440351216996,2.0479999780654907,0.19999999999999998,0.32299999999999984,-0.758,45895.877600015796,66.9201097362401,39.48680379311303,646018382.6667,-5122048.0,2906
426,0.005832900632549019,729.9668340323904,17.051395958384756,46039.440351216996,2.0479999780654907,-2.7755575615628914e-17,0.32299999999999984,-0.758,45894.065299152186,66.9201097362401,39.48680379311303,646018382.6667,-5122048.0,2906
427,0.006021364915116665,729.9668340323904,17.06572000742638,46039.440351216996,2.0479999780654907,0.09999999999999998,0.32299999999999984,-0.758,45893.82095153106,66.9201097362401,39.48680379311303,646018382.6667,-5122048.0,2906
428,0.006183495384137597,729.9668340323904,17.062179794370472,46039.440351216996,2.0479999780654907,0.19999999999999998,0.32299999999999984,-0.758,45893.88136154928,66.9201097362401,39.48680379311303,646018382.6667,-5122048.0,2906
429,0.004932125473538131,918.9737971303117,17.049096112974496,46039.440351216996,2.0479999780654907,-2.7755575615628914e-17,0.32299999999999984,-0.758,45894.104512082275,66.9201097362401,39.48680379311303,646018382.6667,-5122048.0,2906
430,0.005179027714086372,918.9737971303117,17.091219983816135,46039.440351216996,2.0479999780654907,0.09999999999999998,0.32299999999999984,-0.758,45893.3854509494,66.9201097362401,39.48680379311303,646018382.6667,-5122048.0,2906
431,0.005407115417573024,918.9737971303117,17.115418345088177,46039.440351216996,2.0479999780654907,0.19999999999999998,0.32299999999999984,-0.758,45892.971578653305,66.9201097362401,39.48680379311303,646018382.6667,-5122048.0,2906
432,0.006999265798904614,579.833266684221,17.150939924348776,46039.440351216996,2.0479999780654907,-2.7755575615628914e-17,0.32099999999999984,-0.757,45892.362981072685,67.02100258366382,39.428646532819975,646018382.6667,-5122048.0,2906
433,0.007100356181638328,579.833266684221,17.13940134340317,46039.440351216996,2.0479999780654907,0.09999999999999998,0.32099999999999984,-0.757,45892.56081201187,67.02100258366382,39.428646532819975,646018382.6667,-5122048.0,2906
434,0.0071687480585068825,579.833266684221,17.10980296276428,46039.440351216996,2.0479999780654907,0.19999999999999998,0.32099999999999984,-0.757,45893.06767250469,67.02100258366382,39.428646532819975,646018382.6667,-5122048.0,2906
435,0.005863752018300879,729.9668340323904,17.20454816130995,46039.440351216996,2.0479999780654907,-2.7755575615628914e-17,0.32099999999999984,-0.757,45891.44211249958,67.02100258366382,39.428646532819975,646018382.6667,-5122048.0,2906
436,0.006053166796513673,729.9668340323904,17.220181995974052,46039.440351216996,2.0479999780654907,0.09999999999999998,0.32099999999999984,-0.757,45891.17301722976,67.02100258366382,39.428646532819975,646018382.6667,-5122048.0,2906
437,0.006216087187581032,729.9668340323904,17.217360305297067,46039.440351216996,2.0479999780654907,0.19999999999999998,0.32099999999999984,-0.757,45891.221603275786,67.02100258366382,39.428646532819975,646018382.6667,-5122048.0,2906
438,0.00495605259413996,918.9737971303117,17.189922804599163,46039.440351216996,2.0479999780654907,-2.7755575615628914e-17,0.32099999999999984,-0.757,45891.69362820296,67.02100258366382,39.428646532819975,646018382.6667,-5122048.0,2906
439,0.005204227676803225,918.9737971303117,17.234595086744857,46039.440351216996,2.0479999780654907,0.09999999999999998,0.32099999999999984,-0.757,45890.92471731497,67.02100258366382,39.428646532819975,646018382.6667,-5122048.0,2906
440,0.005433464959734707,918.9737971303117,17.260746461817256,46039.440351216996,2.0479999780654907,0.19999999999999998,0.32099999999999984,-0.757,45890.47366700743,67.02100258366382,39.428646532819975,646018382.6667,-5122048.0,2906
441,0.007011934603884043,579.833266684221,17.159954072016323,46039.440351216996,2.0479999780654907,-2.7755575615628914e-17,0.32199999999999984,-0.757,45892.20833934014,66.95688049371624,39.44200687284297,646018382.6667,-5122048.0,2906
442,0.007116043673817428,579.833266684221,17.15479064965616,46039.440351216996,2.0479999780654907,0.09999999999999998,0.32199999999999984,-0.757,45892.29693010023,66.95688049371624,39.44200687284297,646018382.6667,-5122048.0,2906
443,0.007187821966739168,579.833266684221,17.132207892725404,46039.440351216996,2.0479999780654907,0.19999999999999998,0.32199999999999984,-0.757,45892.684077577214,66.95688049371624,39.44200687284297,646018382.6667,-5122048.0,2906
444,0.005872818320692106,729.9668340323904,17.210196490352384,46039.440351216996,2.0479999780654907,-2.7755575615628914e-17,0.32199999999999984,-0.757,45891.34491959873,66.95688049371624,39.44200687284297,646018382.6667,-5122048.0,2906
445,0.00606484860010092,729.9668340323904,17.231717571393723,46039.440351216996,2.0479999780654907,0.09999999999999998,0.32199999999999984,-0.757,45890.974305986856,66.95688049371624,39.44200687284297,646018382.6667,-5122048.0,2906
446,0.006230734140067069,729.9668340323904,17.235493630792234,46039.440351216996,2.0479999780654907,0.19999999999999998,0.32199999999999984,-0.757,45890.909230868456,66.95688049371624,39.44200687284297,646018382.6667,-5122048.0,2906
447,0.004962774236944861,918.9737971303117,17.19340540643696,46039.440351216996,2.0479999780654907,-2.7755575615628914e-17,0.32199999999999984,-0.757,45891.63375648195,66.95688049371624,39.44200687284297,646018382.6667,-5122048.0,2906
448,0.00521315994085598,918.9737971303117,17.24348177729035,46039.440351216996,2.0479999780654907,0.09999999999999998,0.32199999999999984,-0.757,45890.77151931512,66.95688049371624,39.44200687284297,646018382.6667,-5122048.0,2906
449,0.0054449891398978024,918.9737971303117,17.275803707873134,46039.440351216996,2.0479999780654907,0.19999999999999998,0.32199999999999984,-0.757,45890.213654340514,66.95688049371624,39.44200687284297,646018382.6667,-5122048.0,2906
450,0.007011506438442975,579.833266684221,17.093384290303973,46039.440351216996,2.0479999780654907,-2.7755575615628914e-17,0.32299999999999984,-0.757,45893.34845796899,66.89281939525604,39.455397249863736,646018382.6667,-5122048.0,2906
451,0.007118408046501955,579.833266684221,17.089496617081004,46039.440351216996,2.0479999780654907,0.09999999999999998,0.32299999999999984,-0.757,45893.414903904384,66.89281939525604,39.455397249863736,646018382.6667,-5122048.0,2906
452,0.007193317958623561,579.833266684221,17.06880555673771,46039.440351216996,2.0479999780654907,0.19999999999999998,0.32299999999999984,-0.757,45893.768289650136,66.89281939525604,39.455397249863736,646018382.6667,-5122048.0,2906
453,0.005869203772372336,729.9668340323904,17.14479555775282,46039.440351216996,2.0479999780654907,-2.7755575615628914e-17,0.32299999999999984,-0.757,45892.468343858425,66.89281939525604,39.455397249863736,646018382.6667,-5122048.0,2906
454,0.006063251030027855,729.9668340323904,17.16688271151789,46039.440351216996,2.0479999780654907,0.09999999999999998,0.32299999999999984,-0.757,45892.08942020149,66.89281939525604,39.455397249863736,646018382.6667,-5122048.0,2906
455,0.0062316925312042954,729.9668340323904,17.171906704191525,46039.440351216996,2.0479999780654907,0.19999999999999998,0.32299999999999984,-0.757,45892.00316128827,66.89281939525604,39.455397249863736,646018382.6667,-5122048.0,2906
456,0.004957548450385066,918.9737971303117,17.129802473072687,46039.440351216996,2.0479999780654907,-2.7755575615628914e-17,0.32299999999999984,-0.757,45892.72528483375,66.89281939525604,39.455397249863736,646018382.6667,-5122048.0,2906
457,0.005209389072456844,918.9737971303117,17.179711049957483,46039.440351216996,2.0479999780654907,0.09999999999999998,0.32299999999999984,-0.757,45891.86911533698,66.89281939525604,39.455397249863736,646018382.6667,-5122048.0,2906
458,0.005443189926567707,918.9737971303117,17.212596144892306,46039.440351216996,2.0479999780654907,0.19999999999999998,0.32299999999999984,-0.757,45891.303618193415,66.89281939525604,39.455397249863736,646018382.6667,-5122048.0,2906
459,0.00690966321974349,579.833266684221,16.97361667607108,46039.440351216996,2.0479999780654907,-2.7755575615628914e-17,0.32099999999999984,-0.756,45895.3885196839,66.99376869484364,39.397163882944,646018382.6667,-5122048.0,2906
460,0.007002564062783974,579.833266684221,16.953943729694227,46039.440351216996,2.0479999780654907,0.09999999999999998,0.32099999999999984,-0.756,45895.72224722218,66.99376869484364,39.397163882944,646018382.6667,-5122048.0,2906
461,0.007062513349381563,579.833266684221,16.915871223715495,46039.440351216996,2.0479999780654907,0.19999999999999998,0.32099999999999984,-0.756,45896.36700158833,66.99376869484364,39.397163882944,646018382.6667,-5122048.0,2906
462,0.0058001703319985375,729.9668340323904,17.045473101164802,46039.440351216996,2.0479999780654907,-2.7755575615628914e-17,0.32099999999999984,-0.756,45894.16627459573,66.99376869484364,39.397163882944,646018382.6667,-5122048.0,2906
463,0.005981631074667317,729.9668340323904,17.05237858450802,46039.440351216996,2.0479999780654907,0.09999999999999998,0.32099999999999984,-0.756,45894.0485435223,66.99376869484364,39.397163882944,646018382.6667,-5122048.0,2906
464,0.006136001916154087,729.9668340323904,17.040319917183265,46039.440351216996,2.0479999780654907,0.19999999999999998,0.32099999999999984,-0.756,45894.25409977702,66.99376869484364,39.397163882944,646018382.6667,-5122048.0,2906
465,0.004910459802322207,918.9737971303117,17.047273635028883,46039.440351216996,2.0479999780654907,-2.7755575615628914e-17,0.32099999999999984,-0.756,45894.13558202322,66.99376869484364,39.397163882944,646018382.6667,-5122048.0,2906
466,0.0051513222309872994,918.9737971303117,17.082851763025072,46039.440351216996,2.0479999780654907,0.09999999999999998,0.32099999999999984,-0.756,45893.52843903825,66.99376869484364,39.397163882944,646018382.6667,-5122048.0,2906
467,0.00537242448752889,918.9737971303117,17.099233925388997,46039.440351216996,2.0479999780654907,0.19999999999999998,0.32099999999999984,-0.756,45893.24845079941,66.99376869484364,39.397163882944,646018382.6667,-5122048.0,2906
468,0.006842579876890706,579.833266684221,16.85685810554621,46039.440351216996,2.0479999780654907,-2.7755575615628914e-17,0.32199999999999984,-0.756,45897.363518621736,66.92958775017536,39.4105512727428,646018382.6667,-5122048.0,2906
469,0.006931383295677048,579.833266684221,16.835043019309502,46039.440351216996,2.0479999780654907,0.09999999999999998,0.32199999999999984,-0.756,45897.731014485995,66.92958775017536,39.4105512727428,646018382.6667,-5122048.0,2906
470,0.006987271253850564,579.833266684221,16.794989690301982,46039.440351216996,2.0479999780654907,0.19999999999999998,0.32199999999999984,-0.756,45898.40451186832,66.92958775017536,39.4105512727428,646018382.6667,-5122048.0,2906
471,0.0057515356724264916,729.9668340323904,16.94118706762805,46039.440351216996,2.0479999780654907,-2.7755575615628914e-17,0.32199999999999984,-0.756,45895.93844158681,66.92958775017536,39.4105512727428,646018382.6667,-5122048.0,2906
472,0.005928577765004507,729.9668340323904,16.945061691912265,46039.440351216996,2.0479999780654907,0.09999999999999998,0.32199999999999984,-0.756,45895.87279334564,66.92958775017536,39.4105512727428,646018382.6667,-5122048.0,2906
473,0.006078350888451672,729.9668340323904,16.930072350323492,46039.440351216996,2.0479999780654907,0.19999999999999998,0.32199999999999984,-0.756,45896.1266763234,66.92958775017536,39.4105512727428,646018382.6667,-5122048.0,2906
474,0.00487481349711409,918.9737971303117,16.954681530334042,46039.440351216996,2.0479999780654907,-2.7755575615628914e-17,0.32199999999999984,-0.756,45895.70973831947,66.92958775017536,39.4105512727428,646018382.6667,-5122048.0,2906
475,0.005111354622628791,918.9737971303117,16.986528798078837,46039.440351216996,2.0479999780654907,0.09999999999999998,0.32199999999999984,-0.756,45895.169270913015,66.92958775017536,39.4105512727428,646018382.6667,-5122048.0,2906
476,0.005327806719459809,918.9737971303117,16.9992077621825,46039.440351216996,2.0479999780654907,0.19999999999999998,0.32199999999999984,-0.756,45894.95381894607,66.92958775017536,39.4105512727428,646018382.6667,-5122048.0,2906
477,0.00692782581635436,579.833266684221,16.93149892439862,46039.440351216996,2.0479999780654907,-2.7755575615628914e-17,0.32299999999999984,-0.756,45896.10252330354,66.86546798970265,39.423968741393416,646018382.6667,-5122048.0,2906
478,0.007027183779610491,579.833266684221,16.92121518030597,46039.440351216996,2.0479999780654907,0.09999999999999998,0.32299999999999984,-0.756,45896.27658962789,66.86546798970265,39.423968741393416,646018382.6667,-5122048.0,2906
479,0.007094278452472024,579.833266684221,16.89387069428043,46039.440351216996,2.0479999780654907,0.19999999999999998,0.32299999999999984,-0.756,45896.73891769946,66.86546798970265,39.423968741393416,646018382.6667,-5122048.0,2906
480,0.005810112665286322,729.9668340323904,16.999043769740922,46039.440351216996,2.0479999780654907,-2.7755575615628914e-17,0.32299999999999984,-0.756,45894.95660667421,66.86546798970265,39.423968741393416,646018382.6667,-5122048.0,2906
481,0.005996872599953376,729.9668340323904,17.014167666471216,46039.440351216996,2.0479999780654907,0.09999999999999998,0.32299999999999984,-0.756,45894.6994005256,66.86546798970265,39.423968741393416,646018382.6667,-5122048.0,2906
482,0.006157404152617535,729.9668340323904,17.011819393234354,46039.440351216996,2.0479999780654907,0.19999999999999998,0.32299999999999984,-0.756,45894.73935168298,66.86546798970265,39.423968741393416,646018382.6667,-5122048.0,2906
483,0.0049155206667758486,918.9737971303117,16.998765975248794,46039.440351216996,2.0479999780654907,-2.7755575615628914e-17,0.32299999999999984,-0.756,45894.96132887636,66.86546798970265,39.423968741393416,646018382.6667,-5122048.0,2906
484,0.005160623017967507,918.9737971303117,17.041350123261072,46039.440351216996,2.0479999780654907,0.09999999999999998,0.32299999999999984,-0.756,45894.23654420521,66.86546798970265,39.423968741393416,646018382.6667,-5122048.0,2906
485,0.005386910680689662,918.9737971303117,17.066352449843567,46039.440351216996,2.0479999780654907,0.19999999999999998,0.32299999999999984,-0.756,45893.810158245855,66.86546798970265,39.423968741393416,646018382.6667,-5122048.0,2906
486,0.015554019539508622,290.605030894529,13.92546641285567,28312.377047139602,1.0240000486373901,-0.10000000000000003,0.34599999999999986,-0.759,28215.417739731816,65.49351388468804,39.832987913549694,646018382.9226999,-2561024.0,2906
487,0.014359094325749474,290.605030894529,13.783504804523353,28312.377047139602,1.0240000486373901,0.09999999999999998,0.34599999999999986,-0.759,28217.384544791443,65.49351388468804,39.832987913549694,646018382.9226999,-2561024.0,2906
488,0.013061376856117224,290.605030894529,13.575480101371634,28312.377047139602,1.0240000486373901,0.3,0.34599999999999986,-0.759,28220.230217148233,65.49351388468804,39.832987913549694,646018382.9226999,-2561024.0,2906
489,0.010001248563882537,460.57793515969075,14.293629922441008,28312.377047139602,1.0240000486373901,-0.10000000000000003,0.34599999999999986,-0.759,28210.22311895975,65.49351388468804,39.832987913549694,646018382.9226999,-2561024.0,2906
490,0.00996225895980792,460.57793515969075,14.239680262258378,28312.377047139602,1.0240000486373901,0.09999999999999998,0.34599999999999986,-0.759,28210.992800153927,65.49351388468804,39.832987913549694,646018382.9226999,-2561024.0,2906
491,0.009744452137931181,460.57793515969075,14.110773183398509,28312.377047139602,1.0240000486373901,0.3,0.34599999999999986,-0.759,28212.820087222943,65.49351388468804,39.832987913549694,646018382.9226999,-2561024.0,2906
492,0.006672125049233715,729.9668340323904,14.312080503978967,28312.377047139602,1.0240000486373901,-0.10000000000000003,0.34599999999999986,-0.759,28209.959222963415,65.49351388468804,39.832987913549694,646018382.9226999,-2561024.0,2906
493,0.007144425195806175,729.9668340323904,14.363157319951593,28312.377047139602,1.0240000486373901,0.09999999999999998,0.34599999999999986,-0.759,28209.226903040762,65.49351388468804,39.832987913549694,646018382.9226999,-2561024.0,2906
494,0.007484481044767663,729.9668340323904,14.336666271179618,28312.377047139602,1.0240000486373901,0.3,0.34599999999999986,-0.759,28209.607047254012,65.49351388468804,39.832987913549694,646018382.9226999,-2561024.0,2906
495,0.015659047923529706,290.605030894529,14.020598828669442,28312.377047139602,1.0240000486373901,-0.10000000000000003,0.34799999999999986,-0.759,28214.08845138236,65.36863774797366,39.86107281446647,646018382.9226999,-2561024.0,2906
496,0.014484968232199717,290.605030894529,13.908409883536054,28312.377047139602,1.0240000486373901,0.09999999999999998,0.34799999999999986,-0.759,28215.65511439538,65.36863774797366,39.86107281446647,646018382.9226999,-2561024.0,2906
497,0.013206972106824358,290.605030894529,13.735119621721395,28312.377047139602,1.0240000486373901,0.3,0.34799999999999986,-0.759,28218.050291628104,65.36863774797366,39.86107281446647,646018382.9226999,-2561024.0,2906
498,0.01004680221570467,460.57793515969075,14.357334166285224,28312.377047139602,1.0240000486373901,-0.10000000000000003,0.34799999999999986,-0.759,28209.31052495841,65.36863774797366,39.86107281446647,646018382.9226999,-2561024.0,2906
499,0.010024881986938159,460.57793515969075,14.329687033183534,28312.377047139602,1.0240000486373901,0.09999999999999998,0.34799999999999986,-0.759,28209.707081905108,65.36863774797366,39.86107281446647,646018382.9226999,-2561024.0,2906
500,0.009826546014566753,460.57793515969075,14.233368466529578,28312.377047139602,1.0240000486373901,0.3,0.34799999999999986,-0.759,28211.082658187603,65.36863774797366,39.86107281446647,646018382.9226999,-2561024.0,2906
501,0.006694279384334699,729.9668340323904,14.35741999662778,28312.377047139602,1.0240000486373901,-0.10000000000000003,0.34799999999999986,-0.759,28209.30929265982,65.36863774797366,39.86107281446647,646018382.9226999,-2561024.0,2906
502,0.007178905927063197,729.9668340323904,14.431290223439051,28312.377047139602,1.0240000486373901,0.09999999999999998,0.34799999999999986,-0.759,28208.245978383038,65.36863774797366,39.86107281446647,646018382.9226999,-2561024.0,2906
503,0.007535152285800526,729.9668340323904,14.43481244559632,28312.377047139602,1.0240000486373901,0.3,0.34799999999999986,-0.759,28208.19514196983,65.36863774797366,39.86107281446647,646018382.9226999,-2561024.0,2906
504,0.015480027466206633,290.605030894529,13.642855223741313,28312.377047139602,1.0240000486373901,-0.10000000000000003,0.34999999999999987,-0.759,28219.31329781162,65.2440106895885,39.88926826859481,646018382.9226999,-2561024.0,2906
505,0.014331576137549625,290.605030894529,13.525088486881126,28312.377047139602,1.0240000486373901,0.09999999999999998,0.34999999999999987,-0.759,28220.91303785062,65.2440106895885,39.88926826859481,646018382.9226999,-2561024.0,2906
506,0.013076399854709783,290.605030894529,13.347402337221746,28312.377047139602,1.0240000486373901,0.3,0.34999999999999987,-0.759,28223.300472563766,65.2440106895885,39.88926826859481,646018382.9226999,-2561024.0,2906
507,0.009921235087939689,460.57793515969075,14.021201958859598,28312.377047139602,1.0240000486373901,-0.10000000000000003,0.34999999999999987,-0.759,28214.079994954038,65.2440106895885,39.88926826859481,646018382.9226999,-2561024.0,2906
508,0.009906363640406543,460.57793515969075,13.980570309867364,28312.377047139602,1.0240000486373901,0.09999999999999998,0.34999999999999987,-0.759,28214.64887404503,65.2440106895885,39.88926826859481,646018382.9226999,-2561024.0,2906
509,0.009718794229978431,460.57793515969075,13.873237691220131,28312.377047139602,1.0240000486373901,0.3,0.34999999999999987,-0.759,28216.143685121056,65.2440106895885,39.88926826859481,646018382.9226999,-2561024.0,2906
510,0.006608652063674631,729.9668340323904,14.06523222394434,28312.377047139602,1.0240000486373901,-0.10000000000000003,0.34999999999999987,-0.759,28213.46166838286,65.2440106895885,39.88926826859481,646018382.9226999,-2561024.0,2906
511,0.007089566336198859,729.9668340323904,14.118084409171281,28312.377047139602,1.0240000486373901,0.09999999999999998,0.34999999999999987,-0.759,28212.71689344736,65.2440106895885,39.88926826859481,646018382.9226999,-2561024.0,2906
512,0.00744649517340318,729.9668340323904,14.10292548703397,28312.377047139602,1.0240000486373901,0.3,0.34999999999999987,-0.759,28212.930793493186,65.2440106895885,39.88926826859481,646018382.9226999,-2561024.0,2906
513,0.015513985094826042,290.605030894529,13.939181158222604,28312.377047139602,1.0240000486373901,-0.10000000000000003,0.34599999999999986,-0.757,28215.226661458728,65.43640619989064,39.7714604135489,646018382.9226999,-2561024.0,2906
514,0.014331936692084492,290.605030894529,13.807959073074993,28312.377047139602,1.0240000486373901,0.09999999999999998,0.34599999999999986,-0.757,28217.047180257745,65.43640619989064,39.7714604135489,646018382.9226999,-2561024.0,2906
515,0.013048074563745272,290.605030894529,13.613763365783731,28312.377047139602,1.0240000486373901,0.3,0.34599999999999986,-0.757,28219.709770649824,65.43640619989064,39.7714604135489,646018382.9226999,-2561024.0,2906
516,0.009977289854736128,460.57793515969075,14.303273270488752,28312.377047139602,1.0240000486373901,-0.10000000000000003,0.34599999999999986,-0.757,28210.085234014463,65.43640619989064,39.7714604135489,646018382.9226999,-2561024.0,2906
517,0.00994258113530294,460.57793515969075,14.257154868588701,28312.377047139602,1.0240000486373901,0.09999999999999998,0.34599999999999986,-0.757,28210.74381466614,65.43640619989064,39.7714604135489,646018382.9226999,-2561024.0,2906
518,0.009731295943918472,460.57793515969075,14.139531361744115,28312.377047139602,1.0240000486373901,0.3,0.34599999999999986,-0.757,28212.41387357473,65.43640619989064,39.7714604135489,646018382.9226999,-2561024.0,2906
519,0.006658371926563931,729.9668340323904,14.319808337324739,28312.377047139602,1.0240000486373901,-0.10000000000000003,0.34599999999999986,-0.757,28209.848591730744,65.43640619989064,39.7714604135489,646018382.9226999,-2561024.0,2906
520,0.007131407587798023,729.9668340323904,14.376628796021,28312.377047139602,1.0240000486373901,0.09999999999999998,0.34599999999999986,-0.757,28209.03331937031,65.43640619989064,39.7714604135489,646018382.9226999,-2561024.0,2906
521,0.007474151670419865,729.9668340323904,14.359428429930412,28312.377047139602,1.0240000486373901,0.3,0.34599999999999986,-0.757,28209.280454722455,65.43640619989064,39.7714604135489,646018382.9226999,-2561024.0,2906
522,0.01588525158045337,290.605030894529,14.144046387343051,28312.377047139602,1.0240000486373901,-0.10000000000000003,0.34799999999999986,-0.757,28212.350023035946,65.31131456139767,39.799657038664215,646018382.9226999,-2561024.0,2906
523,0.014720767960484904,290.605030894529,14.047353259684355,28312.377047139602,1.0240000486373901,0.09999999999999998,0.34799999999999986,-0.757,28213.71298033842,65.31131456139767,39.799657038664215,646018382.9226999,-2561024.0,2906
524,0.013450239100032483,290.605030894529,13.892225861664931,28312.377047139602,1.0240000486373901,0.3,0.34799999999999986,-0.757,28215.880077443846,65.31131456139767,39.799657038664215,646018382.9226999,-2561024.0,2906
525,0.01014474766636759,460.57793515969075,14.447394807110356,28312.377047139602,1.0240000486373901,-0.10000000000000003,0.34799999999999986,-0.757,28208.013438783342,65.31131456139767,39.799657038664215,646018382.9226999,-2561024.0,2906
526,0.010140964706105149,460.57793515969075,14.435847418897279,28312.377047139602,1.0240000486373901,0.09999999999999998,0.34799999999999986,-0.757,28208.18020178876,65.31131456139767,39.799657038664215,646018382.9226999,-2561024.0,2906
527,0.009962192801257914,460.57793515969075,14.35927905266621,28312.377047139602,1.0240000486373901,0.3,0.34799999999999986,-0.757,28209.282599683433,65.31131456139767,39.799657038664215,646018382.9226999,-2561024.0,2906
528,0.0067380440342388,729.9668340323904,14.420799585206227,28312.377047139602,1.0240000486373901,-0.10000000000000003,0.34799999999999986,-0.757,28208.39731680126,65.31131456139767,39.799657038664215,646018382.9226999,-2561024.0,2906
529,0.007238304145316285,729.9668340323904,14.510393279120578,28312.377047139602,1.0240000486373901,0.09999999999999998,0.34799999999999986,-0.757,28207.101290582228,65.31131456139767,39.799657038664215,646018382.9226999,-2561024.0,2906
530,0.007614059233496242,729.9668340323904,14.534208202418641,28312.377047139602,1.0240000486373901,0.3,0.34799999999999986,-0.757,28206.755443103975,65.31131456139767,39.799657038664215,646018382.9226999,-2561024.0,2906
531,0.01558978951677282,290.605030894529,13.804369751215775,28312.377047139602,1.0240000486373901,-0.10000000000000003,0.34999999999999987,-0.757,28217.09673502546,65.1864735198101,39.82796449179606,646018382.9226999,-2561024.0,2906
532,0.014446300900989006,290.605030894529,13.701658889658674,28312.377047139602,1.0240000486373901,0.09999999999999998,0.34999999999999987,-0.757,28218.50931897532,65.1864735198101,39.82796449179606,646018382.9226999,-2561024.0,2906
533,0.0131974764059445,290.605030894529,13.541558252095927,28312.377047139602,1.0240000486373901,0.3,0.34999999999999987,-0.757,28220.69014719215,65.1864735198101,39.82796449179606,646018382.9226999,-2561024.0,2906
534,0.009977258794129815,460.57793515969075,14.152330509264829,28312.377047139602,1.0240000486373901,-0.10000000000000003,0.34999999999999987,-0.757,28212.232817717868,65.1864735198101,39.82796449179606,646018382.9226999,-2561024.0,2906
535,0.009970196012720764,460.57793515969075,14.127561154368275,28312.377047139602,1.0240000486373901,0.09999999999999998,0.34999999999999987,-0.757,28212.583055054394,65.1864735198101,39.82796449179606,646018382.9226999,-2561024.0,2906
536,0.0097912193358394,460.57793515969075,14.039041032499412,28312.377047139602,1.0240000486373901,0.3,0.34999999999999987,-0.757,28213.8297105835,65.1864735198101,39.82796449179606,646018382.9226999,-2561024.0,2906
537,0.006639480085982345,729.9668340323904,14.170828341803565,28312.377047139602,1.0240000486373901,-0.10000000000000003,0.34999999999999987,-0.757,28211.97085919317,65.1864735198101,39.82796449179606,646018382.9226999,-2561024.0,2906
538,0.007128054878364609,729.9668340323904,14.240395149464993,28312.377047139602,1.0240000486373901,0.09999999999999998,0.34999999999999987,-0.757,28210.98262013315,65.1864735198101,39.82796449179606,646018382.9226999,-2561024.0,2906
539,0.007494029506961759,729.9668340323904,14.245286997263612,28312.377047139602,1.0240000486373901,0.3,0.34999999999999987,-0.757,28210.912946322398,65.1864735198101,39.82796449179606,646018382.9226999,-2561024.0,2906
540,0.015321338442789764,290.605030894529,13.634570368631959,28312.377047139602,1.0240000486373901,-0.10000000000000003,0.34599999999999986,-0.755,28219.426292571014,65.37904835711257,39.7098508905982,646018382.9226999,-2561024.0,2906
541,0.014153772676582396,290.605030894529,13.505521504538269,28312.377047139602,1.0240000486373901,0.09999999999999998,0.34599999999999986,-0.755,28221.17749158483,65.37904835711257,39.7098508905982,646018382.9226999,-2561024.0,2906
542,0.012885724186689327,290.605030894529,13.316691293784416,28312.377047139602,1.0240000486373901,0.3,0.34599999999999986,-0.755,28223.709913632625,65.37904835711257,39.7098508905982,646018382.9226999,-2561024.0,2906
543,0.009876277715593415,460.57793515969075,14.043340775713858,28312.377047139602,1.0240000486373901,-0.10000000000000003,0.34599999999999986,-0.755,28213.769337068188,65.37904835711257,39.7098508905982,646018382.9226999,-2561024.0,2906
544,0.009840099006128063,460.57793515969075,13.9907503360958,28312.377047139602,1.0240000486373901,0.09999999999999998,0.34599999999999986,-0.755,28214.50649965612,65.37904835711257,39.7098508905982,646018382.9226999,-2561024.0,2906
545,0.00962964566874183,460.57793515969075,13.870032873687931,28312.377047139602,1.0240000486373901,0.3,0.34599999999999986,-0.755,28216.18814118101,65.37904835711257,39.7098508905982,646018382.9226999,-2561024.0,2906
546,0.006600853563526603,729.9668340323904,14.10220368649307,28312.377047139602,1.0240000486373901,-0.10000000000000003,0.34599999999999986,-0.755,28212.940972731933,65.37904835711257,39.7098508905982,646018382.9226999,-2561024.0,2906
547,0.00706747916521183,729.9668340323904,14.14534683997638,28312.377047139602,1.0240000486373901,0.09999999999999998,0.34599999999999986,-0.755,28212.331628527987,65.37904835711257,39.7098508905982,646018382.9226999,-2561024.0,2906
548,0.00740539614775365,729.9668340323904,14.117733137176652,28312.377047139602,1.0240000486373901,0.3,0.34599999999999986,-0.755,28212.721852673334,65.37904835711257,39.7098508905982,646018382.9226999,-2561024.0,2906
549,0.015605396302013179,290.605030894529,13.926732338745463,28312.377047139602,1.0240000486373901,-0.10000000000000003,0.34799999999999986,-0.755,28215.400110322073,65.25374077603593,39.73815974771985,646018382.9226999,-2561024.0,2906
550,0.014440718965013487,290.605030894529,13.821465332950615,28312.377047139602,1.0240000486373901,0.09999999999999998,0.34799999999999986,-0.755,28216.860595164624,65.25374077603593,39.73815974771985,646018382.9226999,-2561024.0,2906
551,0.0131736930278881,290.605030894529,13.659148641543108,28312.377047139602,1.0240000486373901,0.3,0.34799999999999986,-0.755,28219.090876333717,65.25374077603593,39.73815974771985,646018382.9226999,-2561024.0,2906
552,0.010019813703068781,460.57793515969075,14.277925904389585,28312.377047139602,1.0240000486373901,-0.10000000000000003,0.34799999999999986,-0.755,28210.447463073982,65.25374077603593,39.73815974771985,646018382.9226999,-2561024.0,2906
553,0.009999744883058513,460.57793515969075,14.25223373753611,28312.377047139602,1.0240000486373901,0.09999999999999998,0.34799999999999986,-0.755,28210.81396388492,65.25374077603593,39.73815974771985,646018382.9226999,-2561024.0,2906
554,0.009805447181916097,460.57793515969075,14.162017793569762,28312.377047139602,1.0240000486373901,0.3,0.34799999999999986,-0.755,28212.09567314691,65.25374077603593,39.73815974771985,646018382.9226999,-2561024.0,2906
555,0.00667900038891744,729.9668340323904,14.2898966958534,28312.377047139602,1.0240000486373901,-0.10000000000000003,0.34799999999999986,-0.755,28210.27647335052,65.25374077603593,39.73815974771985,646018382.9226999,-2561024.0,2906
556,0.007162969208156935,729.9668340323904,14.362240467832564,28312.377047139602,1.0240000486373901,0.09999999999999998,0.34799999999999986,-0.755,28209.24007151168,65.25374077603593,39.73815974771985,646018382.9226999,-2561024.0,2906
557,0.007520346519093496,729.9668340323904,14.368264292408842,28312.377047139602,1.0240000486373901,0.3,0.34799999999999986,-0.755,28209.153537751346,65.25374077603593,39.73815974771985,646018382.9226999,-2561024.0,2906
558,0.01569564634384643,290.605030894529,13.853018108490842,28312.377047139602,1.0240000486373901,-0.10000000000000003,0.34999999999999987,-0.755,28216.423991782514,65.12868532172303,39.76657970755454,646018382.9226999,-2561024.0,2906
559,0.014546503166127848,290.605030894529,13.757549122364125,28312.377047139602,1.0240000486373901,0.09999999999999998,0.34999999999999987,-0.755,28217.74196821247,65.12868532172303,39.76657970755454,646018382.9226999,-2561024.0,2906
560,0.013289767603256189,290.605030894529,13.605682996209262,28312.377047139602,1.0240000486373901,0.3,0.34999999999999987,-0.755,28219.819742242933,65.12868532172303,39.76657970755454,646018382.9226999,-2561024.0,2906
561,0.01004073984724952,460.57793515969075,14.19139326752195,28312.377047139602,1.0240000486373901,-0.10000000000000003,0.34999999999999987,-0.755,28211.67922570287,65.12868532172303,39.76657970755454,646018382.9226999,-2561024.0,2906
562,0.010036064423750232,460.57793515969075,14.174038953468285,28312.377047139602,1.0240000486373901,0.09999999999999998,0.34999999999999987,-0.755,28211.925357012384,65.12868532172303,39.76657970755454,646018382.9226999,-2561024.0,2906
563,0.009858275633850952,460.57793515969075,14.094052837745584,28312.377047139602,1.0240000486373901,0.3,0.34999999999999987,-0.755,28213.05588444302,65.12868532172303,39.76657970755454,646018382.9226999,-2561024.0,2906
564,0.006677500958380527,729.9668340323904,14.201368667108808,28312.377047139602,1.0240000486373901,-0.10000000000000003,0.34999999999999987,-0.755,28211.537611130032,65.12868532172303,39.76657970755454,646018382.9226999,-2561024.0,2906
565,0.007171557940665852,729.9668340323904,14.278613937967231,28312.377047139602,1.0240000486373901,0.09999999999999998,0.34999999999999987,-0.755,28210.437639144846,65.12868532172303,39.76657970755454,646018382.9226999,-2561024.0,2906
566,0.007542510370968685,729.9668340323904,14.292560972930126,28312.377047139602,1.0240000486373901,0.3,0.34999999999999987,-0.755,28210.23839755714,65.12868532172303,39.76657970755454,646018382.9226999,-2561024.0,2906
567,0.00856540156863357,579.833266684221,14.440647320070084,28312.377047139602,1.0240000486373901,0.19999999999999998,0.34699999999999986,-0.758,28208.11089962828,65.40246809837015,39.81629089649038,646018382.9226999,-2561024.0,2906
568,0.008604193675391397,579.833266684221,14.402122202134844,28312.377047139602,1.0240000486373901,0.3,0.34699999999999986,-0.758,28208.66648517699,65.40246809837015,39.81629089649038,646018382.9226999,-2561024.0,2906
569,0.008590406000006776,579.833266684221,14.33850110784637,28312.377047139602,1.0240000486373901,0.4,0.34699999999999986,-0.758,28209.580740129746,65.40246809837015,39.81629089649038,646018382.9226999,-2561024.0,2906
570,0.007405009213305033,729.9668340323904,14.48475027116542,28312.377047139602,1.0240000486373901,0.19999999999999998,0.34699999999999986,-0.758,28207.47305193059,65.40246809837015,39.81629089649038,646018382.9226999,-2561024.0,2906
571,0.0075630873148075746,729.9668340323904,14.472463287254886,28312.377047139602,1.0240000486373901,0.3,0.34699999999999986,-0.758,28207.65095033913,65.40246809837015,39.81629089649038,646018382.9226999,-2561024.0,2906
572,0.007672640169734684,729.9668340323904,14.433858647975255,28312.377047139602,1.0240000486373901,0.4,0.34699999999999986,-0.758,28208.208909404737,65.40246809837015,39.81629089649038,646018382.9226999,-2561024.0,2906
573,0.006457115027256649,918.9737971303117,14.48077439084635,28312.377047139602,1.0240000486373901,0.19999999999999998,0.34699999999999986,-0.758,28207.530633660306,65.40246809837015,39.81629089649038,646018382.9226999,-2561024.0,2906
574,0.006701876922954482,918.9737971303117,14.495864174080108,28312.377047139602,1.0240000486373901,0.3,0.34699999999999986,-0.758,28207.312008062912,65.40246809837015,39.81629089649038,646018382.9226999,-2561024.0,2906
575,0.006904622330371827,918.9737971303117,14.483696525687165,28312.377047139602,1.0240000486373901,0.4,0.34699999999999986,-0.758,28207.4883146155,65.40246809837015,39.81629089649038,646018382.9226999,-2561024.0,2906
576,0.008508062668370515,579.833266684221,14.388424283937452,28312.377047139602,1.0240000486373901,0.19999999999999998,0.34799999999999986,-0.758,28208.8636704523,65.34000738435857,39.83037512744008,646018382.9226999,-2561024.0,2906
577,0.008545069234890217,579.833266684221,14.35221324014183,28312.377047139602,1.0240000486373901,0.3,0.34799999999999986,-0.758,28209.38403469435,65.34000738435857,39.83037512744008,646018382.9226999,-2561024.0,2906
578,0.008529908403694483,579.833266684221,14.291697474759141,28312.377047139602,1.0240000486373901,0.4,0.34799999999999986,-0.758,28210.250738784584,65.34000738435857,39.83037512744008,646018382.9226999,-2561024.0,2906
579,0.007361841284866351,729.9668340323904,14.438028612805365,28312.377047139602,1.0240000486373901,0.19999999999999998,0.34799999999999986,-0.758,28208.14871202751,65.34000738435857,39.83037512744008,646018382.9226999,-2561024.0,2906
580,0.0075173345380023515,729.9668340323904,14.427233378169554,28312.377047139602,1.0240000486373901,0.3,0.34799999999999986,-0.758,28208.304515665517,65.34000738435857,39.83037512744008,646018382.9226999,-2561024.0,2906
581,0.007624549972991571,729.9668340323904,14.390886385682634,28312.377047139602,1.0240000486373901,0.4,0.34799999999999986,-0.758,28208.82824165679,65.34000738435857,39.83037512744008,646018382.9226999,-2561024.0,2906
582,0.006424315059891882,918.9737971303117,14.439291137061536,28312.377047139602,1.0240000486373901,0.19999999999999998,0.34799999999999986,-0.758,28208.13048286919,65.34000738435857,39.83037512744008,646018382.9226999,-2561024.0,2906
583,0.006666151829359593,918.9737971303117,14.45520788771325,28312.377047139602,1.0240000486373901,0.3,0.34799999999999986,-0.758,28207.9005296011,65.34000738435857,39.83037512744008,646018382.9226999,-2561024.0,2906
584,0.0068660624657730296,918.9737971303117,14.444594504482634,28312.377047139602,1.0240000486373901,0.4,0.34799999999999986,-0.758,28208.053891940137,65.34000738435857,39.83037512744008,646018382.9226999,-2561024.0,2906
585,0.008525128966995563,579.833266684221,14.314356933451268,28312.377047139602,1.0240000486373901,0.19999999999999998,0.34899999999999987,-0.758,28209.92663993048,65.27760912957575,39.84448703104805,646018382.9226999,-2561024.0,2906
586,0.008568745814684467,579.833266684221,14.2805456266821,28312.377047139602,1.0240000486373901,0.3,0.34899999999999987,-0.758,28210.410055441727,65.27760912957575,39.84448703104805,646018382.9226999,-2561024.0,2906
587,0.00856060107409244,579.833266684221,14.222924689438003,28312.377047139602,1.0240000486373901,0.4,0.34899999999999987,-0.758,28211.23125377889,65.27760912957575,39.84448703104805,646018382.9226999,-2561024.0,2906
588,0.007368482245376294,729.9668340323904,14.361901195947985,28312.377047139602,1.0240000486373901,0.19999999999999998,0.34899999999999987,-0.758,28209.244944158516,65.27760912957575,39.84448703104805,646018382.9226999,-2561024.0,2906
589,0.0075298515751172,729.9668340323904,14.353050380144275,28312.377047139602,1.0240000486373901,0.3,0.34899999999999987,-0.758,28209.372019532122,65.27760912957575,39.84448703104805,646018382.9226999,-2561024.0,2906
590,0.007643664213149852,729.9668340323904,14.319289599109366,28312.377047139602,1.0240000486373901,0.4,0.34899999999999987,-0.758,28209.85601982802,65.27760912957575,39.84448703104805,646018382.9226999,-2561024.0,2906
591,0.006424282232716592,918.9737971303117,14.362114998687366,28312.377047139602,1.0240000486373901,0.19999999999999998,0.34899999999999987,-0.758,28209.24187352184,65.27760912957575,39.84448703104805,646018382.9226999,-2561024.0,2906
592,0.006671087002806224,918.9737971303117,14.379389815665473,28312.377047139602,1.0240000486373901,0.3,0.34899999999999987,-0.758,28208.99362140417,65.27760912957575,39.84448703104805,646018382.9226999,-2561024.0,2906
593,0.0068769147938341525,918.9737971303117,14.370914861655763,28312.377047139602,1.0240000486373901,0.4,0.34899999999999987,-0.758,28209.115450159123,65.27760912957575,39.84448703104805,646018382.9226999,-2561024.0,2906
594,0.00865169004903799,579.833266684221,14.524180686421916,28312.377047139602,1.0240000486373901,0.19999999999999998,0.34699999999999986,-0.757,28206.901134833686,65.37382908331679,39.785544827684895,646018382.9226999,-2561024.0,2906
595,0.008702079981821237,579.833266684221,14.497128558440869,28312.377047139602,1.0240000486373901,0.3,0.34699999999999986,-0.757,28207.29367891962,65.37382908331679,39.785544827684895,646018382.9226999,-2561024.0,2906
596,0.008700433907356767,579.833266684221,14.44603167587516,28312.377047139602,1.0240000486373901,0.4,0.34699999999999986,-0.757,28208.033131549408,65.37382908331679,39.785544827684895,646018382.9226999,-2561024.0,2906
597,0.007467012364311309,729.9668340323904,14.554478561520687,28312.377047139602,1.0240000486373901,0.19999999999999998,0.34699999999999986,-0.757,28206.46062404072,65.37382908331679,39.785544827684895,646018382.9226999,-2561024.0,2906
598,0.007636160425739608,729.9668340323904,14.55370980050651,28312.377047139602,1.0240000486373901,0.3,0.34699999999999986,-0.757,28206.471812660922,65.37382908331679,39.785544827684895,646018382.9226999,-2561024.0,2906
599,0.007757758598990006,729.9668340323904,14.527870567930089,28312.377047139602,1.0240000486373901,0.4,0.34699999999999986,-0.757,28206.847535520337,65.37382908331679,39.785544827684895,646018382.9226999,-2561024.0,2906
600,0.006502163343376973,918.9737971303117,14.538825882772437,28312.377047139602,1.0240000486373901,0.19999999999999998,0.34699999999999986,-0.757,28206.688318114815,65.37382908331679,39.785544827684895,646018382.9226999,-2561024.0,2906
601,0.006757103689153438,918.9737971303117,14.565307681288257,28312.377047139602,1.0240000486373901,0.3,0.34699999999999986,-0.757,28206.302953214305,65.37382908331679,39.785544827684895,646018382.9226999,-2561024.0,2906
602,0.006971327212084391,918.9737971303117,14.565966975391051,28312.377047139602,1.0240000486373901,0.4,0.34699999999999986,-0.757,28206.29335017551,65.37382908331679,39.785544827684895,646018382.9226999,-2561024.0,2906
603,0.008622856317213677,579.833266684221,14.499489337676872,28312.377047139602,1.0240000486373901,0.19999999999999998,0.34799999999999986,-0.757,28207.2594516129,65.31131456139767,39.799657038664215,646018382.9226999,-2561024.0,2906
604,0.008673009848926709,579.833266684221,14.475597087903791,28312.377047139602,1.0240000486373901,0.3,0.34799999999999986,-0.757,28207.605591613938,65.31131456139767,39.799657038664215,646018382.9226999,-2561024.0,2906
605,0.00867139153158245,579.833266684221,14.428338360144393,28312.377047139602,1.0240000486373901,0.4,0.34799999999999986,-0.757,28208.288573222195,65.31131456139767,39.799657038664215,646018382.9226999,-2561024.0,2906
606,0.007445656928853697,729.9668340323904,14.532382739955205,28312.377047139602,1.0240000486373901,0.19999999999999998,0.34799999999999986,-0.757,28206.781973089328,65.31131456139767,39.799657038664215,646018382.9226999,-2561024.0,2906
607,0.007614059233496242,729.9668340323904,14.534208202418641,28312.377047139602,1.0240000486373901,0.3,0.34799999999999986,-0.757,28206.755443103975,65.31131456139767,39.799657038664215,646018382.9226999,-2561024.0,2906
608,0.007735105295290599,729.9668340323904,14.511641791421784,28312.377047139602,1.0240000486373901,0.4,0.34799999999999986,-0.757,28207.083173398332,65.31131456139767,39.799657038664215,646018382.9226999,-2561024.0,2906
609,0.006486243472183118,918.9737971303117,14.519308023450746,28312.377047139602,1.0240000486373901,0.19999999999999998,0.34799999999999986,-0.757,28206.97189439968,65.31131456139767,39.799657038664215,646018382.9226999,-2561024.0,2906
610,0.006740195083222909,918.9737971303117,14.547919172705289,28312.377047139602,1.0240000486373901,0.3,0.34799999999999986,-0.757,28206.55607101182,65.31131456139767,39.799657038664215,646018382.9226999,-2561024.0,2906
611,0.006953552234657942,918.9737971303117,14.55137705729588,28312.377047139602,1.0240000486373901,0.4,0.34799999999999986,-0.757,28206.505760007803,65.31131456139767,39.799657038664215,646018382.9226999,-2561024.0,2906
612,0.008655953728489965,579.833266684221,14.439461291795455,28312.377047139602,1.0240000486373901,0.19999999999999998,0.34899999999999987,-0.757,28208.128025940972,65.24886268888118,39.81379695664914,646018382.9226999,-2561024.0,2906
613,0.008713856970446507,579.833266684221,14.418792682990137,28312.377047139602,1.0240000486373901,0.3,0.34899999999999987,-0.757,28208.426255922077,65.24886268888118,39.81379695664914,646018382.9226999,-2561024.0,2906
614,0.008720447038189487,579.833266684221,14.375265877607925,28312.377047139602,1.0240000486373901,0.4,0.34899999999999987,-0.757,28209.052912613643,65.24886268888118,39.81379695664914,646018382.9226999,-2561024.0,2906
615,0.007464871593051118,729.9668340323904,14.468695023580512,28312.377047139602,1.0240000486373901,0.19999999999999998,0.34899999999999987,-0.757,28207.70547929691,65.24886268888118,39.81379695664914,646018382.9226999,-2561024.0,2906
616,0.007640330270049099,729.9668340323904,14.473362326105875,28312.377047139602,1.0240000486373901,0.3,0.34899999999999987,-0.757,28207.63793862823,65.24886268888118,39.81379695664914,646018382.9226999,-2561024.0,2906
617,0.007769228391052692,729.9668340323904,14.454296733564792,28312.377047139602,1.0240000486373901,0.4,0.34899999999999987,-0.757,28207.91370010863,65.24886268888118,39.81379695664914,646018382.9226999,-2561024.0,2906
618,0.0064962485188955425,918.9737971303117,14.453179609835985,28312.377047139602,1.0240000486373901,0.19999999999999998,0.34899999999999987,-0.757,28207.929846722513,65.24886268888118,39.81379695664914,646018382.9226999,-2561024.0,2906
619,0.006756343317143211,918.9737971303117,14.484107438974938,28312.377047139602,1.0240000486373901,0.3,0.34899999999999987,-0.757,28207.482362987717,65.24886268888118,39.81379695664914,646018382.9226999,-2561024.0,2906
620,0.006976885555525883,918.9737971303117,14.490683624196373,28312.377047139602,1.0240000486373901,0.4,0.34899999999999987,-0.757,28207.387091191325,65.24886268888118,39.81379695664914,646018382.9226999,-2561024.0,2906
621,0.008531999825890393,579.833266684221,14.368457419151559,28312.377047139602,1.0240000486373901,0.19999999999999998,0.34699999999999986,-0.756,28209.150762836616,65.34512747349088,39.75477831656348,646018382.9226999,-2561024.0,2906
622,0.008571652423848265,579.833266684221,14.33450498222019,28312.377047139602,1.0240000486373901,0.3,0.34699999999999986,-0.756,28209.638030596954,65.34512747349088,39.75477831656348,646018382.9226999,-2561024.0,2906
623,0.008559210988326838,579.833266684221,14.27670779825682,28312.377047139602,1.0240000486373901,0.4,0.34699999999999986,-0.756,28210.4648543612,65.34512747349088,39.75477831656348,646018382.9226999,-2561024.0,2906
624,0.007378819844162329,729.9668340323904,14.415559200929927,28312.377047139602,1.0240000486373901,0.19999999999999998,0.34699999999999986,-0.756,28208.472873601844,65.34512747349088,39.75477831656348,646018382.9226999,-2561024.0,2906
625,0.0075369676410597395,729.9668340323904,14.40688512038768,28312.377047139602,1.0240000486373901,0.3,0.34699999999999986,-0.756,28208.597877703578,65.34512747349088,39.75477831656348,646018382.9226999,-2561024.0,2906
626,0.007647042832389347,729.9668340323904,14.373185894709522,28312.377047139602,1.0240000486373901,0.4,0.34699999999999986,-0.756,28209.082810757664,65.34512747349088,39.75477831656348,646018382.9226999,-2561024.0,2906
627,0.006436381072219756,918.9737971303117,14.414885843375318,28312.377047139602,1.0240000486373901,0.19999999999999998,0.34699999999999986,-0.756,28208.48258020083,65.34512747349088,39.75477831656348,646018382.9226999,-2561024.0,2906
628,0.0066807167087303875,918.9737971303117,14.432715843495943,28312.377047139602,1.0240000486373901,0.3,0.34699999999999986,-0.756,28208.225403830053,65.34512747349088,39.75477831656348,646018382.9226999,-2561024.0,2906
629,0.006883438959697058,918.9737971303117,14.424610161150007,28312.377047139602,1.0240000486373901,0.4,0.34699999999999986,-0.756,28208.342357989026,65.34512747349088,39.75477831656348,646018382.9226999,-2561024.0,2906
630,0.008548362168775544,579.833266684221,14.411339443946133,28312.377047139602,1.0240000486373901,0.19999999999999998,0.34799999999999986,-0.756,28208.533694855283,65.28255908891661,39.76891857104541,646018382.9226999,-2561024.0,2906
631,0.008589819172681805,579.833266684221,14.382312221289688,28312.377047139602,1.0240000486373901,0.3,0.34799999999999986,-0.756,28208.951594724273,65.28255908891661,39.76891857104541,646018382.9226999,-2561024.0,2906
632,0.008579300224570199,579.833266684221,14.329941899600227,28312.377047139602,1.0240000486373901,0.4,0.34799999999999986,-0.756,28209.703429716643,65.28255908891661,39.76891857104541,646018382.9226999,-2561024.0,2906
633,0.007393341317927193,729.9668340323904,14.456111861359695,28312.377047139602,1.0240000486373901,0.19999999999999998,0.34799999999999986,-0.756,28207.88746206553,65.28255908891661,39.76891857104541,646018382.9226999,-2561024.0,2906
634,0.0075532027663610685,729.9668340323904,14.452237825180143,28312.377047139602,1.0240000486373901,0.3,0.34799999999999986,-0.756,28207.943458061818,65.28255908891661,39.76891857104541,646018382.9226999,-2561024.0,2906
635,0.007665122421480595,729.9668340323904,14.423854793259432,28312.377047139602,1.0240000486373901,0.4,0.34799999999999986,-0.756,28208.353253591085,65.28255908891661,39.76891857104541,646018382.9226999,-2561024.0,2906
636,0.00644936455718271,918.9737971303117,14.453448340050302,28312.377047139602,1.0240000486373901,0.19999999999999998,0.34799999999999986,-0.756,28207.92596268035,65.28255908891661,39.76891857104541,646018382.9226999,-2561024.0,2906
637,0.0066953701335029404,918.9737971303117,14.476000066629927,28312.377047139602,1.0240000486373901,0.3,0.34799999999999986,-0.756,28207.599758175067,65.28255908891661,39.76891857104541,646018382.9226999,-2561024.0,2906
638,0.0068999005512997355,918.9737971303117,14.47314091927137,28312.377047139602,1.0240000486373901,0.4,0.34799999999999986,-0.756,28207.64114310506,65.28255908891661,39.76891857104541,646018382.9226999,-2561024.0,2906
639,0.008607571858065998,579.833266684221,14.383380891778925,28312.377047139602,1.0240000486373901,0.19999999999999998,0.34899999999999987,-0.756,28208.936224200606,65.220053544624,39.783086566873514,646018382.9226999,-2561024.0,2906
640,0.00865854951517321,579.833266684221,14.359771820056075,28312.377047139602,1.0240000486373901,0.3,0.34899999999999987,-0.756,28209.275523777564,65.220053544624,39.783086566873514,646018382.9226999,-2561024.0,2906
641,0.008657941287301258,579.833266684221,14.313375423965681,28312.377047139602,1.0240000486373901,0.4,0.34899999999999987,-0.756,28209.94068912591,65.220053544624,39.783086566873514,646018382.9226999,-2561024.0,2906
642,0.007433047812091733,729.9668340323904,14.421401586110411,28312.377047139602,1.0240000486373901,0.19999999999999998,0.34899999999999987,-0.756,28208.388635285668,65.220053544624,39.783086566873514,646018382.9226999,-2561024.0,2906
643,0.007601926785423657,729.9668340323904,14.42272590601075,28312.377047139602,1.0240000486373901,0.3,0.34899999999999987,-0.756,28208.369535859645,65.220053544624,39.783086566873514,646018382.9226999,-2561024.0,2906
644,0.0077236639027860555,729.9668340323904,14.400275948341735,28312.377047139602,1.0240000486373901,0.4,0.34899999999999987,-0.756,28208.693073445407,65.220053544624,39.783086566873514,646018382.9226999,-2561024.0,2906
645,0.006475647303803399,918.9737971303117,14.413531042439272,28312.377047139602,1.0240000486373901,0.19999999999999998,0.34899999999999987,-0.756,28208.50210858392,65.220053544624,39.783086566873514,646018382.9226999,-2561024.0,2906
646,0.0067298166849771935,918.9737971303117,14.440882291545444,28312.377047139602,1.0240000486373901,0.3,0.34899999999999987,-0.756,28208.107506460467,65.220053544624,39.783086566873514,646018382.9226999,-2561024.0,2906
647,0.006943624274889484,918.9737971303117,14.443730370527877,28312.377047139602,1.0240000486373901,0.4,0.34899999999999987,-0.756,28208.066373631347,65.220053544624,39.783086566873514,646018382.9226999,-2561024.0,2906
648,0.014886030267613558,290.605030894529,13.364507796646437,28312.377047229187,1.0240000486373901,-0.10000000000000003,0.31799999999999984,-0.759,28223.072012905875,67.26766451313631,39.45180685360346,646018382.9226999,-2561024.0,2906
649,0.013702209669084052,290.605030894529,13.204606977123284,28312.377047229187,1.0240000486373901,0.09999999999999998,0.31799999999999984,-0.759,28225.19622451904,67.26766451313631,39.45180685360346,646018382.9226999,-2561024.0,2906
650,0.012423694152415359,290.605030894529,12.98249545543307,28312.377047229187,1.0240000486373901,0.3,0.31799999999999984,-0.759,28228.104453104017,67.26766451313631,39.45180685360346,646018382.9226999,-2561024.0,2906
651,0.009691132045755769,460.57793515969075,13.85033492348017,28312.377047229187,1.0240000486373901,-0.10000000000000003,0.31799999999999984,-0.759,28216.4611584829,67.26766451313631,39.45180685360346,646018382.9226999,-2561024.0,2906
652,0.0096192095453803,460.57793515969075,13.763476320731021,28312.377047229187,1.0240000486373901,0.09999999999999998,0.31799999999999984,-0.759,28217.660407013525,67.26766451313631,39.45180685360346,646018382.9226999,-2561024.0,2906
653,0.009372525465936135,460.57793515969075,13.603352742159355,28312.377047229187,1.0240000486373901,0.3,0.31799999999999984,-0.759,28219.85144431538,67.26766451313631,39.45180685360346,646018382.9226999,-2561024.0,2906
654,0.006518232112313569,729.9668340323904,13.966826606360195,28312.377047229187,1.0240000486373901,-0.10000000000000003,0.31799999999999984,-0.759,28214.84092450312,67.26766451313631,39.45180685360346,646018382.9226999,-2561024.0,2906
655,0.006954156588652813,729.9668340323904,13.975936558081974,28312.377047229187,1.0240000486373901,0.09999999999999998,0.31799999999999984,-0.759,28214.71364589142,67.26766451313631,39.45180685360346,646018382.9226999,-2561024.0,2906
656,0.0072550373155789135,729.9668340323904,13.90663119369326,28312.377047229187,1.0240000486373901,0.3,0.31799999999999984,-0.759,28215.679851650486,67.26766451313631,39.45180685360346,646018382.9226999,-2561024.0,2906
657,0.01537470377957136,290.605030894529,13.702467060899027,28312.377047229187,1.0240000486373901,-0.10000000000000003,0.31999999999999984,-0.759,28218.498245451676,67.13935293578642,39.478269149902914,646018382.9226999,-2561024.0,2906
658,0.014192714793991658,290.605030894529,13.575055008097825,28312.377047229187,1.0240000486373901,0.09999999999999998,0.31999999999999984,-0.759,28220.235987992746,67.13935293578642,39.478269149902914,646018382.9226999,-2561024.0,2906
659,0.012910233254987524,290.605030894529,13.385914568305598,28312.377047229187,1.0240000486373901,0.3,0.31999999999999984,-0.759,28222.7856928142,67.13935293578642,39.478269149902914,646018382.9226999,-2561024.0,2906
660,0.009923238065034541,460.57793515969075,14.101228698663995,28312.377047229187,1.0240000486373901,-0.10000000000000003,0.31999999999999984,-0.759,28212.954721823175,67.13935293578642,39.478269149902914,646018382.9226999,-2561024.0,2906
661,0.009881115011018243,460.57793515969075,14.053140194633878,28312.377047229187,1.0240000486373901,0.09999999999999998,0.31999999999999984,-0.759,28213.63167256417,67.13935293578642,39.478269149902914,646018382.9226999,-2561024.0,2906
662,0.009662012355610098,460.57793515969075,13.934342957883949,28312.377047229187,1.0240000486373901,0.3,0.31999999999999984,-0.759,28215.294090395222,67.13935293578642,39.478269149902914,646018382.9226999,-2561024.0,2906
663,0.006634563203648074,729.9668340323904,14.153045168214804,28312.377047229187,1.0240000486373901,-0.10000000000000003,0.31999999999999984,-0.759,28212.222703462423,67.13935293578642,39.478269149902914,646018382.9226999,-2561024.0,2906
664,0.007101648738226464,729.9668340323904,14.20311538141604,28312.377047229187,1.0240000486373901,0.09999999999999998,0.31999999999999984,-0.759,28211.51280396028,67.13935293578642,39.478269149902914,646018382.9226999,-2561024.0,2906
665,0.007436777603452159,729.9668340323904,14.179717321502443,28312.377047229187,1.0240000486373901,0.3,0.31999999999999984,-0.759,28211.84485557033,67.13935293578642,39.478269149902914,646018382.9226999,-2561024.0,2906
666,0.015266452188873597,290.605030894529,13.553005981691385,28312.377047229187,1.0240000486373901,-0.10000000000000003,0.32199999999999984,-0.759,28220.535061659306,67.01128319791938,39.504851968419494,646018382.9226999,-2561024.0,2906
667,0.01409738911616338,290.605030894529,13.428636542993909,28312.377047229187,1.0240000486373901,0.09999999999999998,0.32199999999999984,-0.759,28222.21290752727,67.01128319791938,39.504851968419494,646018382.9226999,-2561024.0,2906
668,0.012827632604468168,290.605030894529,13.243039380771208,28312.377047229187,1.0240000486373901,0.3,0.32199999999999984,-0.759,28224.68800120886,67.01128319791938,39.504851968419494,646018382.9226999,-2561024.0,2906
669,0.009856250875697381,460.57793515969075,13.96254359597941,28312.377047229187,1.0240000486373901,-0.10000000000000003,0.32199999999999984,-0.759,28214.900735394374,67.01128319791938,39.504851968419494,646018382.9226999,-2561024.0,2906
670,0.009816626239377632,460.57793515969075,13.914192602735335,28312.377047229187,1.0240000486373901,0.09999999999999998,0.32199999999999984,-0.759,28215.57466933618,67.01128319791938,39.504851968419494,646018382.9226999,-2561024.0,2906
671,0.00960146348788084,460.57793515969075,13.79613003884872,28312.377047229187,1.0240000486373901,0.3,0.32199999999999984,-0.759,28217.210445204775,67.01128319791938,39.504851968419494,646018382.9226999,-2561024.0,2906
672,0.00659317164926146,729.9668340323904,14.030784754680687,28312.377047229187,1.0240000486373901,-0.10000000000000003,0.32199999999999984,-0.759,28213.945586813097,67.01128319791938,39.504851968419494,646018382.9226999,-2561024.0,2906
673,0.0070578702255908385,729.9668340323904,14.076799270256053,28312.377047229187,1.0240000486373901,0.09999999999999998,0.32199999999999984,-0.759,28213.298908381646,67.01128319791938,39.504851968419494,646018382.9226999,-2561024.0,2906
674,0.007392046764660443,729.9668340323904,14.050631087589476,28312.377047229187,1.0240000486373901,0.3,0.32199999999999984,-0.759,28213.66693024942,67.01128319791938,39.504851968419494,646018382.9226999,-2561024.0,2906
675,0.014786510866267906,290.605030894529,13.29829570160008,28312.377047229187,1.0240000486373901,-0.10000000000000003,0.31799999999999984,-0.757,28223.95471294559,67.21373406159793,39.38874662668042,646018382.9226999,-2561024.0,2906
676,0.013604182364683436,290.605030894529,13.133464018482519,28312.377047229187,1.0240000486373901,0.09999999999999998,0.31799999999999984,-0.757,28226.1331086668,67.21373406159793,39.38874662668042,646018382.9226999,-2561024.0,2906
677,0.012328521379246327,290.605030894529,12.905622930852223,28312.377047229187,1.0240000486373901,0.3,0.31799999999999984,-0.757,28229.099495612518,67.21373406159793,39.38874662668042,646018382.9226999,-2561024.0,2906
678,0.009635905036993011,460.57793515969075,13.78982265589872,28312.377047229187,1.0240000486373901,-0.10000000000000003,0.31799999999999984,-0.757,28217.29744278862,67.21373406159793,39.38874662668042,646018382.9226999,-2561024.0,2906
679,0.009559771739183848,460.57793515969075,13.698167868364585,28312.377047229187,1.0240000486373901,0.09999999999999998,0.31799999999999984,-0.757,28218.55714575424,67.21373406159793,39.38874662668042,646018382.9226999,-2561024.0,2906
680,0.00930943812286143,460.57793515969075,13.532132924007636,28312.377047229187,1.0240000486373901,0.3,0.31799999999999984,-0.757,28220.81773649268,67.21373406159793,39.38874662668042,646018382.9226999,-2561024.0,2906
681,0.0064862624222044515,729.9668340323904,13.911952659535718,28312.377047229187,1.0240000486373901,-0.10000000000000003,0.31799999999999984,-0.757,28215.605833828606,67.21373406159793,39.38874662668042,646018382.9226999,-2561024.0,2906
682,0.006916672202163264,729.9668340323904,13.916331126963392,28312.377047229187,1.0240000486373901,0.09999999999999998,0.31799999999999984,-0.757,28215.544911211542,67.21373406159793,39.38874662668042,646018382.9226999,-2561024.0,2906
683,0.007211680434657906,729.9668340323904,13.840922489312875,28312.377047229187,1.0240000486373901,0.3,0.31799999999999984,-0.757,28216.591479551604,67.21373406159793,39.38874662668042,646018382.9226999,-2561024.0,2906
684,0.015243205487941124,290.605030894529,13.740452279636353,28312.377047229187,1.0240000486373901,-0.10000000000000003,0.31999999999999984,-0.757,28217.977032804705,67.08518559139148,39.41531631901045,646018382.9226999,-2561024.0,2906
685,0.014057480854100825,290.605030894529,13.607013920043856,28312.377047229187,1.0240000486373901,0.09999999999999998,0.31999999999999984,-0.757,28219.801633319054,67.08518559139148,39.41531631901045,646018382.9226999,-2561024.0,2906
686,0.012773892566309028,290.605030894529,13.41014438547877,28312.377047229187,1.0240000486373901,0.3,0.31999999999999984,-0.757,28222.461061009493,67.08518559139148,39.41531631901045,646018382.9226999,-2561024.0,2906
687,0.00986206626241107,460.57793515969075,14.137897026945778,28312.377047229187,1.0240000486373901,-0.10000000000000003,0.31999999999999984,-0.757,28212.436981056926,67.08518559139148,39.41531631901045,646018382.9226999,-2561024.0,2906
688,0.009809845842907373,460.57793515969075,14.085397047554656,28312.377047229187,1.0240000486373901,0.09999999999999998,0.31999999999999984,-0.757,28213.177842235556,67.08518559139148,39.41531631901045,646018382.9226999,-2561024.0,2906
689,0.009580452563779467,460.57793515969075,13.960049239516705,28312.377047229187,1.0240000486373901,0.3,0.31999999999999984,-0.757,28214.93555984432,67.08518559139148,39.41531631901045,646018382.9226999,-2561024.0,2906
690,0.006607080851514038,729.9668340323904,14.187486174867608,28312.377047229187,1.0240000486373901,-0.10000000000000003,0.31999999999999984,-0.757,28211.734665248157,67.08518559139148,39.41531631901045,646018382.9226999,-2561024.0,2906
691,0.007064544534180028,729.9668340323904,14.235137128289315,28312.377047229187,1.0240000486373901,0.09999999999999998,0.31999999999999984,-0.757,28211.057482698587,67.08518559139148,39.41531631901045,646018382.9226999,-2561024.0,2906
692,0.007388006350377694,729.9668340323904,14.206689294080336,28312.377047229187,1.0240000486373901,0.3,0.31999999999999984,-0.757,28211.46203687992,67.08518559139148,39.41531631901045,646018382.9226999,-2561024.0,2906
693,0.015315145115824592,290.605030894529,13.628934346104332,28312.377047229187,1.0240000486373901,-0.10000000000000003,0.32199999999999984,-0.757,28219.503121523976,66.95688049371624,39.44200687284297,646018382.9226999,-2561024.0,2906
694,0.014160962919184322,290.605030894529,13.520253515991621,28312.377047229187,1.0240000486373901,0.09999999999999998,0.32199999999999984,-0.757,28220.978419660845,66.95688049371624,39.44200687284297,646018382.9226999,-2561024.0,2906
695,0.01290511204767115,290.605030894529,13.351520485766862,28312.377047229187,1.0240000486373901,0.3,0.32199999999999984,-0.757,28223.24549758826,66.95688049371624,39.44200687284297,646018382.9226999,-2561024.0,2906
696,0.009862700747431723,460.57793515969075,14.003861042229822,28312.377047229187,1.0240000486373901,-0.10000000000000003,0.32199999999999984,-0.757,28214.322985184146,66.95688049371624,39.44200687284297,646018382.9226999,-2561024.0,2906
697,0.009835008071786293,460.57793515969075,13.971599889895554,28312.377047229187,1.0240000486373901,0.09999999999999998,0.32199999999999984,-0.757,28214.774245487522,66.95688049371624,39.44200687284297,646018382.9226999,-2561024.0,2906
698,0.009633267451412653,460.57793515969075,13.871949742149878,28312.377047229187,1.0240000486373901,0.3,0.32199999999999984,-0.757,28216.16155240482,66.95688049371624,39.44200687284297,646018382.9226999,-2561024.0,2906
699,0.006590268746817872,729.9668340323904,14.0516121411514,28312.377047229187,1.0240000486373901,-0.10000000000000003,0.32199999999999984,-0.757,28213.65314534651,66.95688049371624,39.44200687284297,646018382.9226999,-2561024.0,2906
700,0.0070618701967882745,729.9668340323904,14.112470982643906,28312.377047229187,1.0240000486373901,0.09999999999999998,0.32199999999999984,-0.757,28212.796128611204,66.95688049371624,39.44200687284297,646018382.9226999,-2561024.0,2906
701,0.0074056365687357835,729.9668340323904,14.104386436302558,28312.377047229187,1.0240000486373901,0.3,0.32199999999999984,-0.757,28212.91018885691,66.95688049371624,39.44200687284297,646018382.9226999,-2561024.0,2906
702,0.014401833320814496,290.605030894529,13.032258792736368,28312.377047229187,1.0240000486373901,-0.10000000000000003,0.31799999999999984,-0.755,28227.45716260876,67.15956084023094,39.32559727329484,646018382.9226999,-2561024.0,2906
703,0.013216678841632036,290.605030894529,12.849564550888376,28312.377047229187,1.0240000486373901,0.09999999999999998,0.31799999999999984,-0.755,28229.821392655464,67.15956084023094,39.32559727329484,646018382.9226999,-2561024.0,2906
704,0.01194265830244595,290.605030894529,12.603712240001355,28312.377047229187,1.0240000486373901,0.3,0.31799999999999984,-0.755,28232.950266114807,67.15956084023094,39.32559727329484,646018382.9226999,-2561024.0,2906
705,0.009461970007299193,460.57793515969075,13.591154578767341,28312.377047229187,1.0240000486373901,-0.10000000000000003,0.31799999999999984,-0.755,28220.017305837213,67.15956084023094,39.32559727329484,646018382.9226999,-2561024.0,2906
706,0.009361558693879137,460.57793515969075,13.47516963462069,28312.377047229187,1.0240000486373901,0.09999999999999998,0.31799999999999984,-0.755,28221.586948888285,67.15956084023094,39.32559727329484,646018382.9226999,-2561024.0,2906
707,0.00908734131604918,460.57793515969075,13.283473256402992,28312.377047229187,1.0240000486373901,0.3,0.31799999999999984,-0.755,28224.1517163524,67.15956084023094,39.32559727329484,646018382.9226999,-2561024.0,2906
708,0.006404417544723493,729.9668340323904,13.765625264259606,28312.377047229187,1.0240000486373901,-0.10000000000000003,0.31799999999999984,-0.755,28217.630827771176,67.15956084023094,39.32559727329484,646018382.9226999,-2561024.0,2906
709,0.00681062702033961,729.9668340323904,13.742640529510544,28312.377047229187,1.0240000486373901,0.09999999999999998,0.31799999999999984,-0.755,28217.946962867514,67.15956084023094,39.32559727329484,646018382.9226999,-2561024.0,2906
710,0.007077876633078086,729.9668340323904,13.63703305076728,28312.377047229187,1.0240000486373901,0.3,0.31799999999999984,-0.755,28219.392712015328,67.15956084023094,39.32559727329484,646018382.9226999,-2561024.0,2906
711,0.015020717445025134,290.605030894529,13.486808790056175,28312.377047229187,1.0240000486373901,-0.10000000000000003,0.31999999999999984,-0.755,28221.43004155942,67.0307748724568,39.352274867730195,646018382.9226999,-2561024.0,2906
712,0.013846197165086753,290.605030894529,13.348763018923885,28312.377047229187,1.0240000486373901,0.09999999999999998,0.31999999999999984,-0.755,28223.282310161492,67.0307748724568,39.352274867730195,646018382.9226999,-2561024.0,2906
713,0.012574258090260467,290.605030894529,13.14992720149187,28312.377047229187,1.0240000486373901,0.3,0.31999999999999984,-0.755,28225.91675452692,67.0307748724568,39.352274867730195,646018382.9226999,-2561024.0,2906
714,0.009754642282722837,460.57793515969075,13.932219151207246,28312.377047229187,1.0240000486373901,-0.10000000000000003,0.31999999999999984,-0.755,28215.323681990554,67.0307748724568,39.352274867730195,646018382.9226999,-2561024.0,2906
715,0.009695028131163012,460.57793515969075,13.867546397959892,28312.377047229187,1.0240000486373901,0.09999999999999998,0.31999999999999984,-0.755,28216.222625679402,67.0307748724568,39.352274867730195,646018382.9226999,-2561024.0,2906
716,0.009460649656588946,460.57793515969075,13.73233586742443,28312.377047229187,1.0240000486373901,0.3,0.31999999999999984,-0.755,28218.08852304131,67.0307748724568,39.352274867730195,646018382.9226999,-2561024.0,2906
717,0.006552300869701463,729.9668340323904,14.022892619431829,28312.377047229187,1.0240000486373901,-0.10000000000000003,0.31999999999999984,-0.755,28214.05628852113,67.0307748724568,39.352274867730195,646018382.9226999,-2561024.0,2906
718,0.006998916509812909,729.9668340323904,14.053179819358013,28312.377047229187,1.0240000486373901,0.09999999999999998,0.31999999999999984,-0.755,28213.63111571158,67.0307748724568,39.352274867730195,646018382.9226999,-2561024.0,2906
719,0.007312062256683379,729.9668340323904,14.00889653188208,28312.377047229187,1.0240000486373901,0.3,0.31999999999999984,-0.755,28214.2524562087,67.0307748724568,39.352274867730195,646018382.9226999,-2561024.0,2906
720,0.014857185132934108,290.605030894529,13.329346350552967,28312.377047229187,1.0240000486373901,-0.10000000000000003,0.32199999999999984,-0.755,28223.541310162687,66.90223382231335,39.37907366328622,646018382.9226999,-2561024.0,2906
721,0.013695830604329133,290.605030894529,13.193258461100928,28312.377047229187,1.0240000486373901,0.09999999999999998,0.32199999999999984,-0.755,28225.34601281848,66.90223382231335,39.37907366328622,646018382.9226999,-2561024.0,2906
722,0.012436759982663068,290.605030894529,12.996390648541976,28312.377047229187,1.0240000486373901,0.3,0.32199999999999984,-0.755,28227.923962284432,66.90223382231335,39.37907366328622,646018382.9226999,-2561024.0,2906
723,0.009658785669817897,460.57793515969075,13.785052152619379,28312.377047229187,1.0240000486373901,-0.10000000000000003,0.32199999999999984,-0.755,28217.36321580397,66.90223382231335,39.37907366328622,646018382.9226999,-2561024.0,2906
724,0.009599098331357225,460.57793515969075,13.7193270128846,28312.377047229187,1.0240000486373901,0.09999999999999998,0.32199999999999984,-0.755,28218.267080385955,66.90223382231335,39.37907366328622,646018382.9226999,-2561024.0,2906
725,0.0093657824870636,460.57793515969075,13.58362481268965,28312.377047229187,1.0240000486373901,0.3,0.32199999999999984,-0.755,28220.11961570323,66.90223382231335,39.37907366328622,646018382.9226999,-2561024.0,2906
726,0.006495933952873177,729.9668340323904,13.89428987818831,28312.377047229187,1.0240000486373901,-0.10000000000000003,0.32199999999999984,-0.755,28215.851401619624,66.90223382231335,39.37907366328622,646018382.9226999,-2561024.0,2906
727,0.006937046951758898,729.9668340323904,13.919522258586731,28312.377047229187,1.0240000486373901,0.09999999999999998,0.32199999999999984,-0.755,28215.50049727554,66.90223382231335,39.37907366328622,646018382.9226999,-2561024.0,2906
728,0.007245584577263005,729.9668340323904,13.871078610389672,28312.377047229187,1.0240000486373901,0.3,0.32199999999999984,-0.755,28216.173636321382,66.90223382231335,39.37907366328622,646018382.9226999,-2561024.0,2906
729,0.00811511163621508,579.833266684221,14.067456074042285,28312.377047229187,1.0240000486373901,-2.7755575615628914e-17,0.31899999999999984,-0.758,28213.430387031633,67.1764842753528,39.43353072485503,646018382.9226999,-2561024.0,2906
730,0.008218036350833714,579.833266684221,14.046827288541369,28312.377047229187,1.0240000486373901,0.09999999999999998,0.31899999999999984,-0.758,28213.720368792132,67.1764842753528,39.43353072485503,646018382.9226999,-2561024.0,2906
731,0.008279952449391772,579.833266684221,14.006880065020242,28312.377047229187,1.0240000486373901,0.19999999999999998,0.31899999999999984,-0.758,28214.280702651256,67.1764842753528,39.43353072485503,646018382.9226999,-2561024.0,2906
732,0.00680211856458195,729.9668340323904,14.099320435773386,28312.377047229187,1.0240000486373901,-2.7755575615628914e-17,0.31899999999999984,-0.758,28212.98162885388,67.1764842753528,39.43353072485503,646018382.9226999,-2561024.0,2906
733,0.007011085991722138,729.9668340323904,14.104358842332731,28312.377047229187,1.0240000486373901,0.09999999999999998,0.31899999999999984,-0.758,28212.910578052542,67.1764842753528,39.43353072485503,646018382.9226999,-2561024.0,2906
734,0.00718616497132322,729.9668340323904,14.08973598509553,28312.377047229187,1.0240000486373901,0.19999999999999998,0.31899999999999984,-0.758,28213.11671716434,67.1764842753528,39.43353072485503,646018382.9226999,-2561024.0,2906
735,0.005752121473159441,918.9737971303117,14.077049147604134,28312.377047229187,1.0240000486373901,-2.7755575615628914e-17,0.31899999999999984,-0.758,28213.295390877156,67.1764842753528,39.43353072485503,646018382.9226999,-2561024.0,2906
736,0.006031864784857302,918.9737971303117,14.10861714863657,28312.377047229187,1.0240000486373901,0.09999999999999998,0.31899999999999984,-0.758,28212.850508305786,67.1764842753528,39.43353072485503,646018382.9226999,-2561024.0,2906
737,0.006286581531450428,918.9737971303117,14.120531307406717,28312.377047229187,1.0240000486373901,0.19999999999999998,0.31899999999999984,-0.758,28212.68234502746,67.1764842753528,39.43353072485503,646018382.9226999,-2561024.0,2906
738,0.00811351017028809,579.833266684221,14.110068233381158,28312.377047229187,1.0240000486373901,-2.7755575615628914e-17,0.31999999999999984,-0.758,28212.83003445385,67.11229958930858,39.44680382136215,646018382.9226999,-2561024.0,2906
739,0.0082163776018505,579.833266684221,14.09433651236264,28312.377047229187,1.0240000486373901,0.09999999999999998,0.31999999999999984,-0.758,28213.051886367328,67.11229958930858,39.44680382136215,646018382.9226999,-2561024.0,2906
740,0.008278090556640834,579.833266684221,14.059474553792745,28312.377047229187,1.0240000486373901,0.19999999999999998,0.31999999999999984,-0.758,28213.542634864814,67.11229958930858,39.44680382136215,646018382.9226999,-2561024.0,2906
741,0.00680365668281313,729.9668340323904,14.139505214625826,28312.377047229187,1.0240000486373901,-2.7755575615628914e-17,0.31999999999999984,-0.758,28212.41424337197,67.11229958930858,39.44680382136215,646018382.9226999,-2561024.0,2906
742,0.007012600121834283,729.9668340323904,14.149318153514859,28312.377047229187,1.0240000486373901,0.09999999999999998,0.31999999999999984,-0.758,28212.275445124495,67.11229958930858,39.44680382136215,646018382.9226999,-2561024.0,2906
743,0.0071874872871986175,729.9668340323904,14.139691808360219,28312.377047229187,1.0240000486373901,0.19999999999999998,0.31999999999999984,-0.758,28212.411605011483,67.11229958930858,39.44680382136215,646018382.9226999,-2561024.0,2906
744,0.005755502753754408,918.9737971303117,14.115340728803305,28312.377047229187,1.0240000486373901,-2.7755575615628914e-17,0.31999999999999984,-0.758,28212.75562528408,67.11229958930858,39.44680382136215,646018382.9226999,-2561024.0,2906
745,0.006035364597496032,918.9737971303117,14.151603039767664,28312.377047229187,1.0240000486373901,0.09999999999999998,0.31999999999999984,-0.758,28212.243112931606,67.11229958930858,39.44680382136215,646018382.9226999,-2561024.0,2906
746,0.006290025314659961,918.9737971303117,14.168462742161372,28312.377047229187,1.0240000486373901,0.19999999999999998,0.31999999999999984,-0.758,28212.00437899118,67.11229958930858,39.44680382136215,646018382.9226999,-2561024.0,2906
747,0.00822604961367698,579.833266684221,14.162210088934758,28312.377047229187,1.0240000486373901,-2.7755575615628914e-17,0.32099999999999984,-0.758,28212.092949927624,67.04817555457865,39.46010709083471,646018382.9226999,-2561024.0,2906
748,0.008344773111827084,579.833266684221,14.160092973433873,28312.377047229187,1.0240000486373901,0.09999999999999998,0.32099999999999984,-0.758,28212.12293072104,67.04817555457865,39.46010709083471,646018382.9226999,-2561024.0,2906
749,0.008423391305553923,579.833266684221,14.140223282440157,28312.377047229187,1.0240000486373901,0.19999999999999998,0.32099999999999984,-0.758,28212.404089990556,67.04817555457865,39.46010709083471,646018382.9226999,-2561024.0,2906
750,0.0068796746165664825,729.9668340323904,14.174526372125378,28312.377047229187,1.0240000486373901,-2.7755575615628914e-17,0.32099999999999984,-0.758,28211.91844829215,67.04817555457865,39.46010709083471,646018382.9226999,-2561024.0,2906
751,0.007102974076761317,729.9668340323904,14.197410959779111,28312.377047229187,1.0240000486373901,0.09999999999999998,0.32099999999999984,-0.758,28211.59380824876,67.04817555457865,39.46010709083471,646018382.9226999,-2561024.0,2906
752,0.007293791249644362,729.9668340323904,14.20248589097852,28312.377047229187,1.0240000486373901,0.19999999999999998,0.32099999999999984,-0.758,28211.521744487465,67.04817555457865,39.46010709083471,646018382.9226999,-2561024.0,2906
753,0.005807155138625093,918.9737971303117,14.136783373007896,28312.377047229187,1.0240000486373901,-2.7755575615628914e-17,0.32099999999999984,-0.758,28212.45272516151,67.04817555457865,39.46010709083471,646018382.9226999,-2561024.0,2906
754,0.0060995172547358145,918.9737971303117,14.18533376950775,28312.377047229187,1.0240000486373901,0.09999999999999998,0.32099999999999984,-0.758,28211.76520015302,67.04817555457865,39.46010709083471,646018382.9226999,-2561024.0,2906
755,0.006368593023603382,918.9737971303117,14.216339475155452,28312.377047229187,1.0240000486373901,0.19999999999999998,0.32099999999999984,-0.758,28211.324893192756,67.04817555457865,39.46010709083471,646018382.9226999,-2561024.0,2906
756,0.00813833200001802,579.833266684221,14.04255209337506,28312.377047229187,1.0240000486373901,-2.7755575615628914e-17,0.31899999999999984,-0.757,28213.78041258161,67.14942944244024,39.40201632058754,646018382.9226999,-2561024.0,2906
757,0.00824850191492828,579.833266684221,14.02705517016433,28312.377047229187,1.0240000486373901,0.09999999999999998,0.31899999999999984,-0.757,28213.99790885577,67.14942944244024,39.40201632058754,646018382.9226999,-2561024.0,2906
758,0.008318482554205529,579.833266684221,13.992998245114046,28312.377047229187,1.0240000486373901,0.19999999999999998,0.31899999999999984,-0.757,28214.475047285305,67.14942944244024,39.40201632058754,646018382.9226999,-2561024.0,2906
759,0.006813223164337795,729.9668340323904,14.068618253085761,28312.377047229187,1.0240000486373901,-2.7755575615628914e-17,0.31899999999999984,-0.757,28213.41403745366,67.14942944244024,39.40201632058754,646018382.9226999,-2561024.0,2906
760,0.007028126468524361,729.9668340323904,14.078239983303774,28312.377047229187,1.0240000486373901,0.09999999999999998,0.31899999999999984,-0.757,28213.27862671544,67.14942944244024,39.40201632058754,646018382.9226999,-2561024.0,2906
761,0.007210159365279413,729.9668340323904,14.069072233564203,28312.377047229187,1.0240000486373901,0.19999999999999998,0.31899999999999984,-0.757,28213.407650472564,67.14942944244024,39.40201632058754,646018382.9226999,-2561024.0,2906
762,0.005756007366414569,918.9737971303117,14.042315238454364,28312.377047229187,1.0240000486373901,-2.7755575615628914e-17,0.31899999999999984,-0.757,28213.783738601123,67.14942944244024,39.40201632058754,646018382.9226999,-2561024.0,2906
763,0.0060404134671098965,918.9737971303117,14.07781388104824,28312.377047229187,1.0240000486373901,0.09999999999999998,0.31899999999999984,-0.757,28213.28462539447,67.14942944244024,39.40201632058754,646018382.9226999,-2561024.0,2906
764,0.006300904518617925,918.9737971303117,14.094625905677129,28312.377047229187,1.0240000486373901,0.19999999999999998,0.31899999999999984,-0.757,28213.047807518695,67.14942944244024,39.40201632058754,646018382.9226999,-2561024.0,2906
765,0.008179031850022186,579.833266684221,14.202687145903845,28312.377047229187,1.0240000486373901,-2.7755575615628914e-17,0.31999999999999984,-0.757,28211.518886146976,67.08518559139148,39.41531631901045,646018382.9226999,-2561024.0,2906
766,0.008289171088176287,579.833266684221,14.19297621978229,28312.377047229187,1.0240000486373901,0.09999999999999998,0.31999999999999984,-0.757,28211.656760241534,67.08518559139148,39.41531631901045,646018382.9226999,-2561024.0,2906
767,0.008358588387184649,579.833266684221,14.164533964225038,28312.377047229187,1.0240000486373901,0.19999999999999998,0.31999999999999984,-0.757,28212.060036017345,67.08518559139148,39.41531631901045,646018382.9226999,-2561024.0,2906
768,0.006848860095549983,729.9668340323904,14.21900689889289,28312.377047229187,1.0240000486373901,-2.7755575615628914e-17,0.31999999999999984,-0.757,28211.286968633805,67.08518559139148,39.41531631901045,646018382.9226999,-2561024.0,2906
769,0.007064544534180028,729.9668340323904,14.235137128289315,28312.377047229187,1.0240000486373901,0.09999999999999998,0.31999999999999984,-0.757,28211.057482698587,67.08518559139148,39.41531631901045,646018382.9226999,-2561024.0,2906
770,0.0072468511854023795,729.9668340323904,14.232335092607189,28312.377047229187,1.0240000486373901,0.19999999999999998,0.31999999999999984,-0.757,28211.097366135058,67.08518559139148,39.41531631901045,646018382.9226999,-2561024.0,2906
771,0.005787123749495408,918.9737971303117,14.183514806913262,28312.377047229187,1.0240000486373901,-2.7755575615628914e-17,0.31999999999999984,-0.757,28211.791001090223,67.08518559139148,39.41531631901045,646018382.9226999,-2561024.0,2906
772,0.0060729545016010595,918.9737971303117,14.226228023727616,28312.377047229187,1.0240000486373901,0.09999999999999998,0.31999999999999984,-0.757,28211.18426533764,67.08518559139148,39.41531631901045,646018382.9226999,-2561024.0,2906
773,0.006334420452073684,918.9737971303117,14.250146444944228,28312.377047229187,1.0240000486373901,0.19999999999999998,0.31999999999999984,-0.757,28210.84371037801,67.08518559139148,39.41531631901045,646018382.9226999,-2561024.0,2906
774,0.008208306975086118,579.833266684221,14.167133094586424,28312.377047229187,1.0240000486373901,-2.7755575615628914e-17,0.32099999999999984,-0.757,28212.023217169324,67.02100258366382,39.428646532819975,646018382.9226999,-2561024.0,2906
775,0.008325754049021156,579.833266684221,14.162951557346284,28312.377047229187,1.0240000486373901,0.09999999999999998,0.32099999999999984,-0.757,28212.08244882132,67.02100258366382,39.428646532819975,646018382.9226999,-2561024.0,2906
776,0.008403057427907997,579.833266684221,14.140712430764822,28312.377047229187,1.0240000486373901,0.19999999999999998,0.32099999999999984,-0.757,28212.397173204394,67.02100258366382,39.428646532819975,646018382.9226999,-2561024.0,2906
777,0.00686482848710177,729.9668340323904,14.178162184513189,28312.377047229187,1.0240000486373901,-2.7755575615628914e-17,0.32099999999999984,-0.757,28211.866905764007,67.02100258366382,39.428646532819975,646018382.9226999,-2561024.0,2906
778,0.007086731516754397,729.9668340323904,14.199214635542837,28312.377047229187,1.0240000486373901,0.09999999999999998,0.32099999999999984,-0.757,28211.56819909608,67.02100258366382,39.428646532819975,646018382.9226999,-2561024.0,2906
779,0.007276096138087254,729.9668340323904,14.202156028741257,28312.377047229187,1.0240000486373901,0.19999999999999998,0.32099999999999984,-0.757,28211.52642929683,67.02100258366382,39.428646532819975,646018382.9226999,-2561024.0,2906
780,0.005794835949623215,918.9737971303117,14.139268198580085,28312.377047229187,1.0240000486373901,-2.7755575615628914e-17,0.32099999999999984,-0.757,28212.417594633498,67.02100258366382,39.428646532819975,646018382.9226999,-2561024.0,2906
781,0.006085732370417105,918.9737971303117,14.186166285308017,28312.377047229187,1.0240000486373901,0.09999999999999998,0.32099999999999984,-0.757,28211.753390291982,67.02100258366382,39.428646532819975,646018382.9226999,-2561024.0,2906
782,0.006353258443808811,918.9737971303117,14.2152196426705,28312.377047229187,1.0240000486373901,0.19999999999999998,0.32099999999999984,-0.757,28211.340812484505,67.02100258366382,39.428646532819975,646018382.9226999,-2561024.0,2906
783,0.008069006611306285,579.833266684221,13.967081966438457,28312.377047229187,1.0240000486373901,-2.7755575615628914e-17,0.31899999999999984,-0.756,28214.837357900582,67.12231384129294,39.37047969789766,646018382.9226999,-2561024.0,2906
784,0.008169720373066534,579.833266684221,13.944143727555433,28312.377047229187,1.0240000486373901,0.09999999999999998,0.31899999999999984,-0.756,28215.157475081825,67.12231384129294,39.37047969789766,646018382.9226999,-2561024.0,2906
785,0.008229679444439125,579.833266684221,13.902135940000857,28312.377047229187,1.0240000486373901,0.19999999999999998,0.31899999999999984,-0.756,28215.742355382055,67.12231384129294,39.37047969789766,646018382.9226999,-2561024.0,2906
786,0.00676793265056324,729.9668340323904,14.006506873995518,28312.377047229187,1.0240000486373901,-2.7755575615628914e-17,0.31899999999999984,-0.756,28214.285929823545,67.12231384129294,39.37047969789766,646018382.9226999,-2561024.0,2906
787,0.006974184629696363,729.9668340323904,14.008569030741835,28312.377047229187,1.0240000486373901,0.09999999999999998,0.31899999999999984,-0.756,28214.257044084658,67.12231384129294,39.37047969789766,646018382.9226999,-2561024.0,2906
788,0.007146668847605441,729.9668340323904,13.991180639216543,28312.377047229187,1.0240000486373901,0.19999999999999998,0.31899999999999984,-0.756,28214.500479389593,67.12231384129294,39.37047969789766,646018382.9226999,-2561024.0,2906
789,0.005726600634413345,918.9737971303117,13.991480152498047,28312.377047229187,1.0240000486373901,-2.7755575615628914e-17,0.31899999999999984,-0.756,28214.496288800314,67.12231384129294,39.37047969789766,646018382.9226999,-2561024.0,2906
790,0.006003474471947473,918.9737971303117,14.019509193955109,28312.377047229187,1.0240000486373901,0.09999999999999998,0.31899999999999984,-0.756,28214.10372820949,67.12231384129294,39.37047969789766,646018382.9226999,-2561024.0,2906
791,0.006255313413691497,918.9737971303117,14.028043002356672,28312.377047229187,1.0240000486373901,0.19999999999999998,0.31899999999999984,-0.756,28213.984051991203,67.12231384129294,39.37047969789766,646018382.9226999,-2561024.0,2906
792,0.008089097661412924,579.833266684221,14.03741843238506,28312.377047229187,1.0240000486373901,-2.7755575615628914e-17,0.31999999999999984,-0.756,28213.852489106255,67.05801075002773,39.38380666150653,646018382.9226999,-2561024.0,2906
793,0.008191609364365669,579.833266684221,14.021397461764112,28312.377047229187,1.0240000486373901,0.09999999999999998,0.31999999999999984,-0.756,28214.077253838805,67.05801075002773,39.38380666150653,646018382.9226999,-2561024.0,2906
794,0.008253246995049557,579.833266684221,13.986639811472045,28312.377047229187,1.0240000486373901,0.19999999999999998,0.31999999999999984,-0.756,28214.56400062126,67.05801075002773,39.38380666150653,646018382.9226999,-2561024.0,2906
795,0.006785401689471669,729.9668340323904,14.071053344702717,28312.377047229187,1.0240000486373901,-2.7755575615628914e-17,0.31999999999999984,-0.756,28213.379776114452,67.05801075002773,39.38380666150653,646018382.9226999,-2561024.0,2906
796,0.006993492718754369,729.9668340323904,14.079986049822681,28312.377047229187,1.0240000486373901,0.09999999999999998,0.31999999999999984,-0.756,28213.254043647587,67.05801075002773,39.38380666150653,646018382.9226999,-2561024.0,2906
797,0.007167749786444401,729.9668340323904,14.069866544884995,28312.377047229187,1.0240000486373901,0.19999999999999998,0.31999999999999984,-0.756,28213.39647493375,67.05801075002773,39.38380666150653,646018382.9226999,-2561024.0,2906
798,0.005741850962083098,918.9737971303117,14.051227738040286,28312.377047229187,1.0240000486373901,-2.7755575615628914e-17,0.31999999999999984,-0.756,28213.65854675605,67.05801075002773,39.38380666150653,646018382.9226999,-2561024.0,2906
799,0.006020610102594127,918.9737971303117,14.086080134298186,28312.377047229187,1.0240000486373901,0.09999999999999998,0.31999999999999984,-0.756,28213.168220454252,67.05801075002773,39.38380666150653,646018382.9226999,-2561024.0,2906
800,0.0062743202603665225,918.9737971303117,14.101896254155749,28312.377047229187,1.0240000486373901,0.19999999999999998,0.31999999999999984,-0.756,28212.9453082477,67.05801075002773,39.38380666150653,646018382.9226999,-2561024.0,2906
801,0.008146069561214251,579.833266684221,14.094493510927833,28312.377047229187,1.0240000486373901,-2.7755575615628914e-17,0.32099999999999984,-0.756,28213.049673564394,66.99376869484364,39.397163882944,646018382.9226999,-2561024.0,2906
802,0.008255082293619083,579.833266684221,14.083992333123708,28312.377047229187,1.0240000486373901,0.09999999999999998,0.32099999999999984,-0.756,28213.197627209443,66.99376869484364,39.397163882944,646018382.9226999,-2561024.0,2906
803,0.008323448494347822,579.833266684221,14.055078601384723,28312.377047229187,1.0240000486373901,0.19999999999999998,0.32099999999999984,-0.756,28213.604429983636,66.99376869484364,39.397163882944,646018382.9226999,-2561024.0,2906
804,0.006824550551851023,729.9668340323904,14.11813197636478,28312.377047229187,1.0240000486373901,-2.7755575615628914e-17,0.32099999999999984,-0.756,28212.71622197816,66.99376869484364,39.397163882944,646018382.9226999,-2561024.0,2906
805,0.007038737177226153,729.9668340323904,14.132660659886312,28312.377047229187,1.0240000486373901,0.09999999999999998,0.32099999999999984,-0.756,28212.510998565438,66.99376869484364,39.397163882944,646018382.9226999,-2561024.0,2906
806,0.007219587931673171,729.9668340323904,14.128590079671518,28312.377047229187,1.0240000486373901,0.19999999999999998,0.32099999999999984,-0.756,28212.56851840949,66.99376869484364,39.397163882944,646018382.9226999,-2561024.0,2906
807,0.005769026592076079,918.9737971303117,14.090014056660644,28312.377047229187,1.0240000486373901,-2.7755575615628914e-17,0.32099999999999984,-0.756,28213.11279917074,66.99376869484364,39.397163882944,646018382.9226999,-2561024.0,2906
808,0.006053216098259163,918.9737971303117,14.130378063716869,28312.377047229187,1.0240000486373901,0.09999999999999998,0.32099999999999984,-0.756,28212.5432551174,66.99376869484364,39.397163882944,646018382.9226999,-2561024.0,2906
809,0.006313040719885052,918.9737971303117,14.152277938330801,28312.377047229187,1.0240000486373901,0.19999999999999998,0.32099999999999984,-0.756,28212.233561807305,66.99376869484364,39.397163882944,646018382.9226999,-2561024.0,2906
810,0.015258117891313653,290.605030894529,13.658034665967582,28312.37704725433,1.0240000486373901,-0.10000000000000003,0.33399999999999985,-0.759,28219.106091785943,66.24797578045765,39.66684010487186,646018382.9226999,-2561024.0,2906
811,0.014074039162489681,290.605030894529,13.513461747562394,28312.37704725433,1.0240000486373901,0.09999999999999998,0.33399999999999985,-0.759,28221.070223052913,66.24797578045765,39.66684010487186,646018382.9226999,-2561024.0,2906
812,0.012790965426519337,290.605030894529,13.30742531138814,28312.37704725433,1.0240000486373901,0.3,0.33399999999999985,-0.759,28223.833263045242,66.24797578045765,39.66684010487186,646018382.9226999,-2561024.0,2906
813,0.00986698231757521,460.57793515969075,14.095280323104333,28312.37704725433,1.0240000486373901,-0.10000000000000003,0.33399999999999985,-0.759,28213.038583560883,66.24797578045765,39.66684010487186,646018382.9226999,-2561024.0,2906
814,0.009816254637736757,460.57793515969075,14.02786628491598,28312.37704725433,1.0240000486373901,0.09999999999999998,0.33399999999999985,-0.759,28213.986531000588,66.24797578045765,39.66684010487186,646018382.9226999,-2561024.0,2906
815,0.00958942827032276,460.57793515969075,13.889442879080008,28312.37704725433,1.0240000486373901,0.3,0.33399999999999985,-0.759,28215.918735508716,66.24797578045765,39.66684010487186,646018382.9226999,-2561024.0,2906
816,0.006605659985883148,729.9668340323904,14.16640948411213,28312.37704725433,1.0240000486373901,-0.10000000000000003,0.33399999999999985,-0.759,28212.03346841856,66.24797578045765,39.66684010487186,646018382.9226999,-2561024.0,2906
817,0.007063489683487501,729.9668340323904,14.19761354758006,28312.37704725433,1.0240000486373901,0.09999999999999998,0.33399999999999985,-0.759,28211.590932031115,66.24797578045765,39.66684010487186,646018382.9226999,-2561024.0,2906
818,0.0073891922868006815,729.9668340323904,14.154143560502593,28312.37704725433,1.0240000486373901,0.3,0.33399999999999985,-0.759,28212.20715728867,66.24797578045765,39.66684010487186,646018382.9226999,-2561024.0,2906
819,0.015350428470921168,290.605030894529,13.62069409186308,28312.37704725433,1.0240000486373901,-0.10000000000000003,0.33599999999999985,-0.759,28219.615393482272,66.12161486154864,39.694246696145825,646018382.9226999,-2561024.0,2906
820,0.014191774255830415,290.605030894529,13.498922078683947,28312.37704725433,1.0240000486373901,0.09999999999999998,0.33599999999999985,-0.759,28221.26659861114,66.12161486154864,39.694246696145825,646018382.9226999,-2561024.0,2906
821,0.01293034320035358,290.605030894529,13.3204471850344,28312.37704725433,1.0240000486373901,0.3,0.33599999999999985,-0.759,28223.659890649684,66.12161486154864,39.694246696145825,646018382.9226999,-2561024.0,2906
822,0.009885854584555702,460.57793515969075,14.037786617018986,28312.37704725433,1.0240000486373901,-0.10000000000000003,0.33599999999999985,-0.759,28213.84732070185,66.12161486154864,39.694246696145825,646018382.9226999,-2561024.0,2906
823,0.009856560431923761,460.57793515969075,13.989024979057694,28312.37704725433,1.0240000486373901,0.09999999999999998,0.33599999999999985,-0.759,28214.53063732198,66.12161486154864,39.694246696145825,646018382.9226999,-2561024.0,2906
824,0.009654278319976683,460.57793515969075,13.875609328414853,28312.37704725433,1.0240000486373901,0.3,0.33599999999999985,-0.759,28216.110780136933,66.12161486154864,39.694246696145825,646018382.9226999,-2561024.0,2906
825,0.006601952533522593,729.9668340323904,14.100793906947242,28312.37704725433,1.0240000486373901,-0.10000000000000003,0.33599999999999985,-0.759,28212.96085285123,66.12161486154864,39.694246696145825,646018382.9226999,-2561024.0,2906
826,0.007072993267699188,729.9668340323904,14.145494338452139,28312.37704725433,1.0240000486373901,0.09999999999999998,0.33599999999999985,-0.759,28212.32954221474,66.12161486154864,39.694246696145825,646018382.9226999,-2561024.0,2906
827,0.00741760378914182,729.9668340323904,14.123095338819015,28312.37704725433,1.0240000486373901,0.3,0.33599999999999985,-0.759,28212.646136279644,66.12161486154864,39.694246696145825,646018382.9226999,-2561024.0,2906
828,0.014870626393915775,290.605030894529,13.168946546808098,28312.37704725433,1.0240000486373901,-0.10000000000000003,0.33799999999999986,-0.759,28225.666470677985,65.9955001962062,39.72176812242889,646018382.9226999,-2561024.0,2906
829,0.013754198365000388,290.605030894529,13.055575741227965,28312.37704725433,1.0240000486373901,0.09999999999999998,0.33799999999999986,-0.759,28227.15301828686,65.9955001962062,39.72176812242889,646018382.9226999,-2561024.0,2906
830,0.012542109576666285,290.605030894529,12.891899210381535,28312.37704725433,1.0240000486373901,0.3,0.33799999999999986,-0.759,28229.27651462901,65.9955001962062,39.72176812242889,646018382.9226999,-2561024.0,2906
831,0.009625745883033035,460.57793515969075,13.644438684461623,28312.37704725433,1.0240000486373901,-0.10000000000000003,0.33799999999999986,-0.759,28219.291693747313,65.9955001962062,39.72176812242889,646018382.9226999,-2561024.0,2906
832,0.009594038799376824,460.57793515969075,13.589748427755623,28312.37704725433,1.0240000486373901,0.09999999999999998,0.33799999999999986,-0.759,28220.036416089486,65.9955001962062,39.72176812242889,646018382.9226999,-2561024.0,2906
833,0.009397020074271123,460.57793515969075,13.476878721875616,28312.37704725433,1.0240000486373901,0.3,0.33799999999999986,-0.759,28221.563917212257,65.9955001962062,39.72176812242889,646018382.9226999,-2561024.0,2906
834,0.006455969676762781,729.9668340323904,13.769710339480552,28312.37704725433,1.0240000486373901,-0.10000000000000003,0.33799999999999986,-0.759,28217.57458583773,65.9955001962062,39.72176812242889,646018382.9226999,-2561024.0,2906
835,0.0069100966838148035,729.9668340323904,13.796846646709145,28312.37704725433,1.0240000486373901,0.09999999999999998,0.33799999999999986,-0.759,28217.200558557925,65.9955001962062,39.72176812242889,646018382.9226999,-2561024.0,2906
836,0.007242153094336201,729.9668340323904,13.762546385204361,28312.37704725433,1.0240000486373901,0.3,0.33799999999999986,-0.759,28217.67320575188,65.9955001962062,39.72176812242889,646018382.9226999,-2561024.0,2906
837,0.014852424405185796,290.605030894529,13.32671266543169,28312.37704725433,1.0240000486373901,-0.10000000000000003,0.33399999999999985,-0.757,28223.57641202084,66.19219308296377,39.60464828488959,646018382.9226999,-2561024.0,2906
838,0.013682952419909078,290.605030894529,13.170564473443518,28312.37704725433,1.0240000486373901,0.09999999999999998,0.33399999999999985,-0.757,28225.645162979763,66.19219308296377,39.60464828488959,646018382.9226999,-2561024.0,2906
839,0.0124195986249669,290.605030894529,12.954842284021737,28312.37704725433,1.0240000486373901,0.3,0.33399999999999985,-0.757,28228.46307795239,66.19219308296377,39.60464828488959,646018382.9226999,-2561024.0,2906
840,0.009660060667939903,460.57793515969075,13.82905871825083,28312.37704725433,1.0240000486373901,-0.10000000000000003,0.33399999999999985,-0.757,28216.755614737915,66.19219308296377,39.60464828488959,646018382.9226999,-2561024.0,2906
841,0.009595155551837013,460.57793515969075,13.741505958866538,28312.37704725433,1.0240000486373901,0.09999999999999998,0.33399999999999985,-0.757,28217.962554245547,66.19219308296377,39.60464828488959,646018382.9226999,-2561024.0,2906
842,0.009357776188426701,460.57793515969075,13.584017330673964,28312.37704725433,1.0240000486373901,0.3,0.33399999999999985,-0.757,28220.114283834304,66.19219308296377,39.60464828488959,646018382.9226999,-2561024.0,2906
843,0.006494116512956136,729.9668340323904,13.955286052992506,28312.37704725433,1.0240000486373901,-0.10000000000000003,0.33399999999999985,-0.757,28215.002042843906,66.19219308296377,39.60464828488959,646018382.9226999,-2561024.0,2906
844,0.006931496974255261,729.9668340323904,13.960598651898374,28312.37704725433,1.0240000486373901,0.09999999999999998,0.33399999999999985,-0.757,28214.927889894636,66.19219308296377,39.60464828488959,646018382.9226999,-2561024.0,2906
845,0.007236980490633549,729.9668340323904,13.891105095683676,28312.37704725433,1.0240000486373901,0.3,0.33399999999999985,-0.757,28215.895646864665,66.19219308296377,39.60464828488959,646018382.9226999,-2561024.0,2906
846,0.015271340701948376,290.605030894529,13.675069402666836,28312.37704725433,1.0240000486373901,-0.10000000000000003,0.33599999999999985,-0.757,28218.873285670452,66.06560751919181,39.6321648560511,646018382.9226999,-2561024.0,2906
847,0.014100487860395932,290.605030894529,13.541571723655258,28312.37704725433,1.0240000486373901,0.09999999999999998,0.33599999999999985,-0.757,28220.68996488088,66.06560751919181,39.6321648560511,646018382.9226999,-2561024.0,2906
848,0.012829108812544412,290.605030894529,13.349714369856297,28312.37704725433,1.0240000486373901,0.3,0.33599999999999985,-0.757,28223.269610375955,66.06560751919181,39.6321648560511,646018382.9226999,-2561024.0,2906
849,0.009864715081265131,460.57793515969075,14.104480446336757,28312.37704725433,1.0240000486373901,-0.10000000000000003,0.33599999999999985,-0.757,28212.90886292378,66.06560751919181,39.6321648560511,646018382.9226999,-2561024.0,2906
850,0.009821945393079538,460.57793515969075,14.045675509213247,28312.37704725433,1.0240000486373901,0.09999999999999998,0.33599999999999985,-0.757,28213.736546999273,66.06560751919181,39.6321648560511,646018382.9226999,-2561024.0,2906
851,0.009605277263106648,460.57793515969075,13.919507669338804,28312.37704725433,1.0240000486373901,0.3,0.33599999999999985,-0.757,28215.50070037594,66.06560751919181,39.6321648560511,646018382.9226999,-2561024.0,2906
852,0.0066008637742287915,729.9668340323904,14.170796114819936,28312.37704725433,1.0240000486373901,-0.10000000000000003,0.33599999999999985,-0.757,28211.97131599043,66.06560751919181,39.6321648560511,646018382.9226999,-2561024.0,2906
853,0.007062646646507959,729.9668340323904,14.208570966293198,28312.37704725433,1.0240000486373901,0.09999999999999998,0.33599999999999985,-0.757,28211.435302802234,66.06560751919181,39.6321648560511,646018382.9226999,-2561024.0,2906
854,0.007394980104578218,729.9668340323904,14.175562452059738,28312.37704725433,1.0240000486373901,0.3,0.33599999999999985,-0.757,28211.903761838206,66.06560751919181,39.6321648560511,646018382.9226999,-2561024.0,2906
855,0.014875757877620266,290.605030894529,13.262718422383104,28312.37704725433,1.0240000486373901,-0.10000000000000003,0.33799999999999986,-0.757,28224.42719727862,65.9392697361269,39.659796564373046,646018382.9226999,-2561024.0,2906
856,0.013740584651759636,290.605030894529,13.134005299000641,28312.37704725433,1.0240000486373901,0.09999999999999998,0.33799999999999986,-0.757,28226.12599965724,65.9392697361269,39.659796564373046,646018382.9226999,-2561024.0,2906
857,0.012510288696713334,290.605030894529,12.951132845572488,28312.37704725433,1.0240000486373901,0.3,0.33799999999999986,-0.757,28228.511126262496,65.9392697361269,39.659796564373046,646018382.9226999,-2561024.0,2906
858,0.009637642648246098,460.57793515969075,13.733444098210065,28312.37704725433,1.0240000486373901,-0.10000000000000003,0.33799999999999986,-0.757,28218.073303855,65.9392697361269,39.659796564373046,646018382.9226999,-2561024.0,2906
859,0.009595141030767107,460.57793515969075,13.669187003832606,28312.37704725433,1.0240000486373901,0.09999999999999998,0.33799999999999986,-0.757,28218.953710581456,65.9392697361269,39.659796564373046,646018382.9226999,-2561024.0,2906
860,0.009384918628750665,460.57793515969075,13.541974754894907,28312.37704725433,1.0240000486373901,0.3,0.33799999999999986,-0.757,28220.684507123224,65.9392697361269,39.659796564373046,646018382.9226999,-2561024.0,2906
861,0.006466921772763184,729.9668340323904,13.848692009025283,28312.37704725433,1.0240000486373901,-0.10000000000000003,0.33799999999999986,-0.757,28216.48391207391,65.9392697361269,39.659796564373046,646018382.9226999,-2561024.0,2906
862,0.006915631419279746,729.9668340323904,13.871454659989917,28312.37704725433,1.0240000486373901,0.09999999999999998,0.33799999999999986,-0.757,28216.16842006225,65.9392697361269,39.659796564373046,646018382.9226999,-2561024.0,2906
863,0.007238935933834179,729.9668340323904,13.827522080118625,28312.37704725433,1.0240000486373901,0.3,0.33799999999999986,-0.757,28216.776863816245,65.9392697361269,39.659796564373046,646018382.9226999,-2561024.0,2906
864,0.01471093649877896,290.605030894529,13.221552417851044,28312.37704725433,1.0240000486373901,-0.10000000000000003,0.33399999999999985,-0.755,28224.972323085338,66.13616311255811,39.54237139452221,646018382.9226999,-2561024.0,2906
865,0.013522513926116699,290.605030894529,13.044388719926664,28312.37704725433,1.0240000486373901,0.09999999999999998,0.33399999999999985,-0.755,28227.299008716054,66.13616311255811,39.54237139452221,646018382.9226999,-2561024.0,2906
866,0.012241949051210925,290.605030894529,12.804991682863863,28312.37704725433,1.0240000486373901,0.3,0.33399999999999985,-0.755,28230.393141255223,66.13616311255811,39.54237139452221,646018382.9226999,-2561024.0,2906
867,0.009612872855546207,460.57793515969075,13.760632124937343,28312.37704725433,1.0240000486373901,-0.10000000000000003,0.33399999999999985,-0.755,28217.6995490154,66.13616311255811,39.54237139452221,646018382.9226999,-2561024.0,2906
868,0.00952787805075385,460.57793515969075,13.65237181082506,28312.37704725433,1.0240000486373901,0.09999999999999998,0.33399999999999985,-0.755,28219.183419223824,66.13616311255811,39.54237139452221,646018382.9226999,-2561024.0,2906
869,0.00926861871626687,460.57793515969075,13.470032247433405,28312.37704725433,1.0240000486373901,0.3,0.33399999999999985,-0.755,28221.65616288088,66.13616311255811,39.54237139452221,646018382.9226999,-2561024.0,2906
870,0.006480907072886258,729.9668340323904,13.912379718968948,28312.37704725433,1.0240000486373901,-0.10000000000000003,0.33399999999999985,-0.755,28215.59989253194,66.13616311255811,39.54237139452221,646018382.9226999,-2561024.0,2906
871,0.006904037281604105,729.9668340323904,13.898675827050743,28312.37704725433,1.0240000486373901,0.09999999999999998,0.33399999999999985,-0.755,28215.790452381607,66.13616311255811,39.54237139452221,646018382.9226999,-2561024.0,2906
872,0.007190834951360171,729.9668340323904,13.804742183318092,28312.37704725433,1.0240000486373901,0.3,0.33399999999999985,-0.755,28217.09159388039,66.13616311255811,39.54237139452221,646018382.9226999,-2561024.0,2906
873,0.01529132955602507,290.605030894529,13.778060960929187,28312.37704725433,1.0240000486373901,-0.10000000000000003,0.33599999999999985,-0.755,28217.45956533279,66.00935239418942,39.569998453394014,646018382.9226999,-2561024.0,2906
874,0.014092208916786773,290.605030894529,13.627218533789607,28312.37704725433,1.0240000486373901,0.09999999999999998,0.33599999999999985,-0.755,28219.5265047705,66.00935239418942,39.569998453394014,646018382.9226999,-2561024.0,2906
875,0.012796369179758047,290.605030894529,13.414461010307996,28312.37704725433,1.0240000486373901,0.3,0.33599999999999985,-0.755,28222.403165155793,66.00935239418942,39.569998453394014,646018382.9226999,-2561024.0,2906
876,0.009906240073492383,460.57793515969075,14.214398917393531,28312.37704725433,1.0240000486373901,-0.10000000000000003,0.33599999999999985,-0.755,28211.35247896293,66.00935239418942,39.569998453394014,646018382.9226999,-2561024.0,2906
877,0.00984651195316654,460.57793515969075,14.142928159765317,28312.37704725433,1.0240000486373901,0.09999999999999998,0.33599999999999985,-0.755,28212.365838788188,66.00935239418942,39.569998453394014,646018382.9226999,-2561024.0,2906
878,0.009609575178307487,460.57793515969075,13.999188908049945,28312.37704725433,1.0240000486373901,0.3,0.33599999999999985,-0.755,28214.388402212695,66.00935239418942,39.569998453394014,646018382.9226999,-2561024.0,2906
879,0.006639421298660424,729.9668340323904,14.27780405904599,28312.37704725433,1.0240000486373901,-0.10000000000000003,0.33599999999999985,-0.755,28210.449202880074,66.00935239418942,39.569998453394014,646018382.9226999,-2561024.0,2906
880,0.007093732833853127,729.9668340323904,14.308457797156924,28312.37704725433,1.0240000486373901,0.09999999999999998,0.33599999999999985,-0.755,28210.01106498782,66.00935239418942,39.569998453394014,646018382.9226999,-2561024.0,2906
881,0.007413450179503774,729.9668340323904,14.262371756848253,28312.37704725433,1.0240000486373901,0.3,0.33599999999999985,-0.755,28210.669423189058,66.00935239418942,39.569998453394014,646018382.9226999,-2561024.0,2906
882,0.015037623624257576,290.605030894529,13.475852564410939,28312.37704725433,1.0240000486373901,-0.10000000000000003,0.33799999999999986,-0.755,28221.57774608546,65.88279099529964,39.59774095165213,646018382.9226999,-2561024.0,2906
883,0.013868133881113099,290.605030894529,13.329853745809867,28312.37704725433,1.0240000486373901,0.09999999999999998,0.33799999999999986,-0.755,28223.53454681199,65.88279099529964,39.59774095165213,646018382.9226999,-2561024.0,2906
884,0.012603568915972089,290.605030894529,13.125467494627546,28312.37704725433,1.0240000486373901,0.3,0.33799999999999986,-0.755,28226.238098778067,65.88279099529964,39.59774095165213,646018382.9226999,-2561024.0,2906
885,0.0097551088529705,460.57793515969075,13.93999719652796,28312.37704725433,1.0240000486373901,-0.10000000000000003,0.33799999999999986,-0.755,28215.215286334726,65.88279099529964,39.59774095165213,646018382.9226999,-2561024.0,2906
886,0.00969888683393441,460.57793515969075,13.865527855549647,28312.37704725433,1.0240000486373901,0.09999999999999998,0.33799999999999986,-0.755,28216.250615897818,65.88279099529964,39.59774095165213,646018382.9226999,-2561024.0,2906
887,0.00947042038741215,460.57793515969075,13.722687880445108,28312.37704725433,1.0240000486373901,0.3,0.33799999999999986,-0.755,28218.22096592227,65.88279099529964,39.59774095165213,646018382.9226999,-2561024.0,2906
888,0.006547571478807088,729.9668340323904,14.037675121382383,28312.37704725433,1.0240000486373901,-0.10000000000000003,0.33799999999999986,-0.755,28213.84888584759,65.88279099529964,39.59774095165213,646018382.9226999,-2561024.0,2906
889,0.006994889815845075,729.9668340323904,14.05785899072055,28312.37704725433,1.0240000486373901,0.09999999999999998,0.33799999999999986,-0.755,28213.565347552838,65.88279099529964,39.59774095165213,646018382.9226999,-2561024.0,2906
890,0.007311493007117426,729.9668340323904,14.005098776732662,28312.37704725433,1.0240000486373901,0.3,0.33799999999999986,-0.755,28214.30565138131,65.88279099529964,39.59774095165213,646018382.9226999,-2561024.0,2906
891,0.008070978278119485,579.833266684221,13.99189087498283,28312.37704725433,1.0240000486373901,-2.7755575615628914e-17,0.33499999999999985,-0.756,28214.490542125615,66.10082902710381,39.5872918826893,646018382.9226999,-2561024.0,2906
892,0.00817365038810175,579.833266684221,13.965454065723387,28312.37704725433,1.0240000486373901,0.09999999999999998,0.33499999999999985,-0.756,28214.860093623414,66.10082902710381,39.5872918826893,646018382.9226999,-2561024.0,2906
893,0.008236367679555545,579.833266684221,13.920924725532485,28312.37704725433,1.0240000486373901,0.19999999999999998,0.33499999999999985,-0.756,28215.48097464736,66.10082902710381,39.5872918826893,646018382.9226999,-2561024.0,2906
894,0.006768350664473326,729.9668340323904,14.037106310321466,28312.37704725433,1.0240000486373901,-2.7755575615628914e-17,0.33499999999999985,-0.756,28213.856870470696,66.10082902710381,39.5872918826893,646018382.9226999,-2561024.0,2906
895,0.0069757835582490504,729.9668340323904,14.035111268087235,28312.37704725433,1.0240000486373901,0.09999999999999998,0.33499999999999985,-0.756,28213.884873100535,66.10082902710381,39.5872918826893,646018382.9226999,-2561024.0,2906
896,0.007150249729394184,729.9668340323904,14.01458483205386,28312.37704725433,1.0240000486373901,0.19999999999999998,0.33499999999999985,-0.756,28214.172753246912,66.10082902710381,39.5872918826893,646018382.9226999,-2561024.0,2906
897,0.005726156744634127,918.9737971303117,14.025939276541102,28312.37704725433,1.0240000486373901,-2.7755575615628914e-17,0.33499999999999985,-0.756,28214.01356095972,66.10082902710381,39.5872918826893,646018382.9226999,-2561024.0,2906
898,0.006003612629295507,918.9737971303117,14.049570551377762,28312.37704725433,1.0240000486373901,0.09999999999999998,0.33499999999999985,-0.756,28213.68183091526,66.10082902710381,39.5872918826893,646018382.9226999,-2561024.0,2906
899,0.00625678104904766,918.9737971303117,14.054541387377762,28312.37704725433,1.0240000486373901,0.19999999999999998,0.33499999999999985,-0.756,28213.611980449572,66.10082902710381,39.5872918826893,646018382.9226999,-2561024.0,2906
900,0.00810553174731496,579.833266684221,14.122563712681252,28312.37704725433,1.0240000486373901,-2.7755575615628914e-17,0.33599999999999985,-0.756,28212.65364434496,66.03751102542182,39.60109221439544,646018382.9226999,-2561024.0,2906
901,0.008206867849713896,579.833266684221,14.099218856374016,28312.37704725433,1.0240000486373901,0.09999999999999998,0.33599999999999985,-0.756,28212.983061074363,66.03751102542182,39.60109221439544,646018382.9226999,-2561024.0,2906
902,0.008267628698160735,579.833266684221,14.057453767070117,28312.37704725433,1.0240000486373901,0.19999999999999998,0.33599999999999985,-0.756,28213.571044047672,66.03751102542182,39.60109221439544,646018382.9226999,-2561024.0,2906
903,0.006799315259312128,729.9668340323904,14.160430506991998,28312.37704725433,1.0240000486373901,-2.7755575615628914e-17,0.33599999999999985,-0.756,28212.118151182654,66.03751102542182,39.60109221439544,646018382.9226999,-2561024.0,2906
904,0.007006443364819899,729.9668340323904,14.162374415446688,28312.37704725433,1.0240000486373901,0.09999999999999998,0.33599999999999985,-0.756,28212.09062271268,66.03751102542182,39.60109221439544,646018382.9226999,-2561024.0,2906
905,0.007179980880489948,729.9668340323904,14.145445612883913,28312.37704725433,1.0240000486373901,0.19999999999999998,0.33599999999999985,-0.756,28212.3302314608,66.03751102542182,39.60109221439544,646018382.9226999,-2561024.0,2906
906,0.005753553714785952,918.9737971303117,14.141981002644945,28312.37704725433,1.0240000486373901,-2.7755575615628914e-17,0.33599999999999985,-0.756,28212.379233914744,66.03751102542182,39.60109221439544,646018382.9226999,-2561024.0,2906
907,0.006031523389928212,918.9737971303117,14.170385752592525,28312.37704725433,1.0240000486373901,0.09999999999999998,0.33599999999999985,-0.756,28211.97713106569,66.03751102542182,39.60109221439544,646018382.9226999,-2561024.0,2906
908,0.006284624167878993,918.9737971303117,14.17978760539303,28312.37704725433,1.0240000486373901,0.19999999999999998,0.33599999999999985,-0.756,28211.8438589873,66.03751102542182,39.60109221439544,646018382.9226999,-2561024.0,2906
909,0.008124593512067155,579.833266684221,14.063812228579085,28312.37704725433,1.0240000486373901,-2.7755575615628914e-17,0.33699999999999986,-0.756,28213.481640053964,65.97425516108058,39.61492136817315,646018382.9226999,-2561024.0,2906
910,0.008233483479408938,579.833266684221,14.045455820648005,28312.37704725433,1.0240000486373901,0.09999999999999998,0.33699999999999986,-0.756,28213.73963264944,65.97425516108058,39.61492136817315,646018382.9226999,-2561024.0,2906
911,0.008302697151967171,579.833266684221,14.009525674094625,28312.37704725433,1.0240000486373901,0.19999999999999998,0.33699999999999986,-0.756,28214.24364244777,65.97425516108058,39.61492136817315,646018382.9226999,-2561024.0,2906
912,0.006806487540263465,729.9668340323904,14.096795333096566,28312.37704725433,1.0240000486373901,-2.7755575615628914e-17,0.33699999999999986,-0.756,28213.017227922723,65.97425516108058,39.61492136817315,646018382.9226999,-2561024.0,2906
913,0.007019751276852473,729.9668340323904,14.103036736019762,28312.37704725433,1.0240000486373901,0.09999999999999998,0.33699999999999986,-0.756,28212.929224665568,65.97425516108058,39.61492136817315,646018382.9226999,-2561024.0,2906
914,0.007200528941803039,729.9668340323904,14.09136669639372,28312.37704725433,1.0240000486373901,0.19999999999999998,0.33699999999999986,-0.756,28213.093739568212,65.97425516108058,39.61492136817315,646018382.9226999,-2561024.0,2906
915,0.005753768248691024,918.9737971303117,14.075435613817666,28312.37704725433,1.0240000486373901,-2.7755575615628914e-17,0.33699999999999986,-0.756,28213.318103394966,65.97425516108058,39.61492136817315,646018382.9226999,-2561024.0,2906
916,0.00603650284625642,918.9737971303117,14.107326584126094,28312.37704725433,1.0240000486373901,0.09999999999999998,0.33699999999999986,-0.756,28212.868715578734,65.97425516108058,39.61492136817315,646018382.9226999,-2561024.0,2906
917,0.00629556910856864,918.9737971303117,14.121272776967343,28312.37704725433,1.0240000486373901,0.19999999999999998,0.33699999999999986,-0.756,28212.67187483357,65.97425516108058,39.61492136817315,646018382.9226999,-2561024.0,2906
918,0.00812832495153445,579.833266684221,14.109217473962362,28312.37704725433,1.0240000486373901,-2.7755575615628914e-17,0.33499999999999985,-0.755,28212.842038390547,66.07272661995057,39.55617044891048,646018382.9226999,-2561024.0,2906
919,0.008231961583491538,579.833266684221,14.084266788535361,28312.37704725433,1.0240000486373901,0.09999999999999998,0.33499999999999985,-0.755,28213.19376176901,66.07272661995057,39.55617044891048,646018382.9226999,-2561024.0,2906
920,0.008295083822502495,579.833266684221,14.040558596099114,28312.37704725433,1.0240000486373901,0.19999999999999998,0.33499999999999985,-0.755,28213.808404409083,66.07272661995057,39.55617044891048,646018382.9226999,-2561024.0,2906
921,0.0068117867987590565,729.9668340323904,14.143682421694828,28312.37704725433,1.0240000486373901,-2.7755575615628914e-17,0.33499999999999985,-0.755,28212.35517103145,66.07272661995057,39.55617044891048,646018382.9226999,-2561024.0,2906
922,0.007021149945716379,729.9668340323904,14.144283526781996,28312.37704725433,1.0240000486373901,0.09999999999999998,0.33499999999999985,-0.755,28212.34666901133,66.07272661995057,39.55617044891048,646018382.9226999,-2561024.0,2906
923,0.007197115940680083,729.9668340323904,14.125724352485832,28312.37704725433,1.0240000486373901,0.19999999999999998,0.33499999999999985,-0.755,28212.609003013124,66.07272661995057,39.55617044891048,646018382.9226999,-2561024.0,2906
924,0.005759385778231607,918.9737971303117,14.122410630887343,28312.37704725433,1.0240000486373901,-2.7755575615628914e-17,0.33499999999999985,-0.755,28212.65580624063,66.07272661995057,39.55617044891048,646018382.9226999,-2561024.0,2906
925,0.006039264130594382,918.9737971303117,14.149572691011096,28312.37704725433,1.0240000486373901,0.09999999999999998,0.33499999999999985,-0.755,28212.271843585226,66.07272661995057,39.55617044891048,646018382.9226999,-2561024.0,2906
926,0.006294563502779159,918.9737971303117,14.157501569718816,28312.37704725433,1.0240000486373901,0.19999999999999998,0.33499999999999985,-0.755,28212.159621906034,66.07272661995057,39.55617044891048,646018382.9226999,-2561024.0,2906
927,0.00821477686188278,579.833266684221,14.279318801700466,28312.37704725433,1.0240000486373901,-2.7755575615628914e-17,0.33599999999999985,-0.755,28210.42757453403,66.00935239418942,39.569998453394014,646018382.9226999,-2561024.0,2906
928,0.008322339451845169,579.833266684221,14.26041571885291,28312.37704725433,1.0240000486373901,0.09999999999999998,0.33599999999999985,-0.755,28210.697319017076,66.00935239418942,39.569998453394014,646018382.9226999,-2561024.0,2906
929,0.008389092956900544,579.833266684221,14.222780548965767,28312.37704725433,1.0240000486373901,0.19999999999999998,0.33599999999999985,-0.755,28211.23330398231,66.00935239418942,39.569998453394014,646018382.9226999,-2561024.0,2906
930,0.006879704213849113,729.9668340323904,14.300961560929814,28312.37704725433,1.0240000486373901,-2.7755575615628914e-17,0.33599999999999985,-0.755,28210.118296470733,66.00935239418942,39.569998453394014,646018382.9226999,-2561024.0,2906
931,0.007093732833853127,729.9668340323904,14.308457797156924,28312.37704725433,1.0240000486373901,0.09999999999999998,0.33599999999999985,-0.755,28210.01106498782,66.00935239418942,39.569998453394014,646018382.9226999,-2561024.0,2906
932,0.007274241255540679,729.9668340323904,14.296862516171178,28312.37704725433,1.0240000486373901,0.19999999999999998,0.33599999999999985,-0.755,28210.17690835118,66.00935239418942,39.569998453394014,646018382.9226999,-2561024.0,2906
933,0.0058134320794839146,918.9737971303117,14.267634509428635,28312.37704725433,1.0240000486373901,-2.7755575615628914e-17,0.33599999999999985,-0.755,28210.59435000701,66.00935239418942,39.569998453394014,646018382.9226999,-2561024.0,2906
934,0.006098310635778952,918.9737971303117,14.302467934884223,28312.37704725433,1.0240000486373901,0.09999999999999998,0.33599999999999985,-0.755,28210.096752740134,66.00935239418942,39.569998453394014,646018382.9226999,-2561024.0,2906
935,0.006358646890914054,918.9737971303117,14.3181857425274,28312.37704725433,1.0240000486373901,0.19999999999999998,0.33599999999999985,-0.755,28209.87182577557,66.00935239418942,39.569998453394014,646018382.9226999,-2561024.0,2906
936,0.008220707790055569,579.833266684221,14.21350094996163,28312.37704725433,1.0240000486373901,-2.7755575615628914e-17,0.33699999999999986,-0.755,28211.36524262705,65.9460404984813,39.58385531772938,646018382.9226999,-2561024.0,2906
937,0.008334232741417969,579.833266684221,14.198176155872826,28312.37704725433,1.0240000486373901,0.09999999999999998,0.33699999999999986,-0.755,28211.58294417773,65.9460404984813,39.58385531772938,646018382.9226999,-2561024.0,2906
938,0.00840779134625067,579.833266684221,14.164900884740547,28312.37704725433,1.0240000486373901,0.19999999999999998,0.33699999999999986,-0.755,28212.054838717067,65.9460404984813,39.58385531772938,646018382.9226999,-2561024.0,2906
939,0.006877987396085083,729.9668340323904,14.232630713757764,28312.37704725433,1.0240000486373901,-2.7755575615628914e-17,0.33699999999999986,-0.755,28211.09315873723,65.9460404984813,39.58385531772938,646018382.9226999,-2561024.0,2906
940,0.007096657395194574,729.9668340323904,14.242985382384958,28312.37704725433,1.0240000486373901,0.09999999999999998,0.33699999999999986,-0.755,28210.945730952913,65.9460404984813,39.58385531772938,646018382.9226999,-2561024.0,2906
941,0.007282792087907549,729.9668340323904,14.235115843313324,28312.37704725433,1.0240000486373901,0.19999999999999998,0.33699999999999986,-0.755,28211.057785718054,65.9460404984813,39.58385531772938,646018382.9226999,-2561024.0,2906
942,0.005807585726486082,918.9737971303117,14.198293846364797,28312.37704725433,1.0240000486373901,-2.7755575615628914e-17,0.33699999999999986,-0.755,28211.58127318047,65.9460404984813,39.58385531772938,646018382.9226999,-2561024.0,2906
943,0.006095896575617979,918.9737971303117,14.23519278094125,28312.37704725433,1.0240000486373901,0.09999999999999998,0.33699999999999986,-0.755,28211.05669049905,65.9460404984813,39.58385531772938,646018382.9226999,-2561024.0,2906
944,0.006360702446475756,918.9737971303117,14.253911901727244,28312.37704725433,1.0240000486373901,0.19999999999999998,0.33699999999999986,-0.755,28210.79004500323,65.9460404984813,39.58385531772938,646018382.9226999,-2561024.0,2906
945,0.008145367405534776,579.833266684221,14.163702246801805,28312.37704725433,1.0240000486373901,-2.7755575615628914e-17,0.33499999999999985,-0.754,28212.0718165863,66.0445619458284,39.52502785358082,646018382.9226999,-2561024.0,2906
946,0.008245075127092757,579.833266684221,14.134285297990901,28312.37704725433,1.0240000486373901,0.09999999999999998,0.33499999999999985,-0.754,28212.48803681183,66.0445619458284,39.52502785358082,646018382.9226999,-2561024.0,2906
947,0.008303563226229969,579.833266684221,14.085198409164816,28312.37704725433,1.0240000486373901,0.19999999999999998,0.33499999999999985,-0.754,28213.18064014156,66.0445619458284,39.52502785358082,646018382.9226999,-2561024.0,2906
948,0.00682888880080877,729.9668340323904,14.198994393393809,28312.37704725433,1.0240000486373901,-2.7755575615628914e-17,0.33499999999999985,-0.754,28211.571326362515,66.0445619458284,39.52502785358082,646018382.9226999,-2561024.0,2906
949,0.00703557837952664,729.9668340323904,14.195979658769211,28312.37704725433,1.0240000486373901,0.09999999999999998,0.33499999999999985,-0.754,28211.614128018235,66.0445619458284,39.52502785358082,646018382.9226999,-2561024.0,2906
950,0.007208091640096097,729.9668340323904,14.172814804706219,28312.37704725433,1.0240000486373901,0.19999999999999998,0.33499999999999985,-0.754,28211.94270751008,66.0445619458284,39.52502785358082,646018382.9226999,-2561024.0,2906
951,0.005775497623769473,918.9737971303117,14.177381950262793,28312.37704725433,1.0240000486373901,-2.7755575615628914e-17,0.33499999999999985,-0.754,28211.87796777251,66.0445619458284,39.52502785358082,646018382.9226999,-2561024.0,2906
952,0.006053713376024584,918.9737971303117,14.20178106093535,28312.37704725433,1.0240000486373901,0.09999999999999998,0.33499999999999985,-0.754,28211.53175460296,66.0445619458284,39.52502785358082,646018382.9226999,-2561024.0,2906
953,0.006306565388442889,918.9737971303117,14.205899564296384,28312.37704725433,1.0240000486373901,0.19999999999999998,0.33499999999999985,-0.754,28211.47325603889,66.0445619458284,39.52502785358082,646018382.9226999,-2561024.0,2906
954,0.008148264727959764,579.833266684221,14.291731037518892,28312.37704725433,1.0240000486373901,-2.7755575615628914e-17,0.33599999999999985,-0.754,28210.25025922994,65.98113143278182,39.53888359462565,646018382.9226999,-2561024.0,2906
955,0.008244424468220586,579.833266684221,14.265263231919889,28312.37704725433,1.0240000486373901,0.09999999999999998,0.33599999999999985,-0.754,28210.628179716346,65.98113143278182,39.53888359462565,646018382.9226999,-2561024.0,2906
956,0.008298735767463136,579.833266684221,14.218863012468365,28312.37704725433,1.0240000486373901,0.19999999999999998,0.33599999999999985,-0.754,28211.28901457066,65.98113143278182,39.53888359462565,646018382.9226999,-2561024.0,2906
957,0.006837053176826336,729.9668340323904,14.321285297530101,28312.37704725433,1.0240000486373901,-2.7755575615628914e-17,0.33599999999999985,-0.754,28209.827440967703,65.98113143278182,39.53888359462565,646018382.9226999,-2561024.0,2906
958,0.007041100958247562,729.9668340323904,14.321958215157613,28312.37704725433,1.0240000486373901,0.09999999999999998,0.33599999999999985,-0.754,28209.81780369597,65.98113143278182,39.53888359462565,646018382.9226999,-2561024.0,2906
959,0.0072102408538158745,729.9668340323904,14.302182832531143,28312.37704725433,1.0240000486373901,0.19999999999999998,0.33599999999999985,-0.754,28210.100830366755,65.98113143278182,39.53888359462565,646018382.9226999,-2561024.0,2906
960,0.005786368357544745,918.9737971303117,14.293815573149331,28312.37704725433,1.0240000486373901,-2.7755575615628914e-17,0.33599999999999985,-0.754,28210.220465434726,65.98113143278182,39.53888359462565,646018382.9226999,-2561024.0,2906
961,0.006062839942172245,918.9737971303117,14.322686209951392,28312.37704725433,1.0240000486373901,0.09999999999999998,0.33599999999999985,-0.754,28209.807377119963,65.98113143278182,39.53888359462565,646018382.9226999,-2561024.0,2906
962,0.006313177516647344,918.9737971303117,14.330951018135911,28312.37704725433,1.0240000486373901,0.19999999999999998,0.33599999999999985,-0.754,28209.688968712224,65.98113143278182,39.53888359462565,646018382.9226999,-2561024.0,2906
963,0.00818398089739952,579.833266684221,14.228983737161457,28312.37704725433,1.0240000486373901,-2.7755575615628914e-17,0.33699999999999986,-0.754,28211.145058158127,65.91776344323365,39.552768233306374,646018382.9226999,-2561024.0,2906
964,0.008289546254663471,579.833266684221,14.20685696193287,28312.37704725433,1.0240000486373901,0.09999999999999998,0.33699999999999986,-0.754,28211.45965488592,65.91776344323365,39.552768233306374,646018382.9226999,-2561024.0,2906
965,0.008354395042998976,579.833266684221,14.165849383626822,28312.37704725433,1.0240000486373901,0.19999999999999998,0.33699999999999986,-0.754,28212.04140287453,65.91776344323365,39.552768233306374,646018382.9226999,-2561024.0,2906
966,0.006855938612847537,729.9668340323904,14.254509819011648,28312.37704725433,1.0240000486373901,-2.7755575615628914e-17,0.33699999999999986,-0.754,28210.78152216418,65.91776344323365,39.552768233306374,646018382.9226999,-2561024.0,2906
967,0.0070678003066288984,729.9668340323904,14.258689073939234,28312.37704725433,1.0240000486373901,0.09999999999999998,0.33699999999999986,-0.754,28210.721940200692,65.91776344323365,39.552768233306374,646018382.9226999,-2561024.0,2906
968,0.00724614241274543,729.9668340323904,14.243586409301157,28312.37704725433,1.0240000486373901,0.19999999999999998,0.33699999999999986,-0.754,28210.937170354715,65.91776344323365,39.552768233306374,646018382.9226999,-2561024.0,2906
969,0.005794850505390801,918.9737971303117,14.224709994820252,28312.37704725433,1.0240000486373901,-2.7755575615628914e-17,0.33699999999999986,-0.754,28211.20586003596,65.91776344323365,39.552768233306374,646018382.9226999,-2561024.0,2906
970,0.006077542826338548,918.9737971303117,14.256154778234624,28312.37704725433,1.0240000486373901,0.09999999999999998,0.33699999999999986,-0.754,28210.75807272384,65.91776344323365,39.552768233306374,646018382.9226999,-2561024.0,2906
971,0.006335613791676411,918.9737971303117,14.268251829983075,28312.37704725433,1.0240000486373901,0.19999999999999998,0.33699999999999986,-0.754,28210.58554211242,65.91776344323365,39.552768233306374,646018382.9226999,-2561024.0,2906
972,0.01589757029694635,290.605030894529,14.142954347157545,28498.04783320067,1.0240000486373901,-0.10000000000000003,0.34599999999999986,-0.759,28398.03625436778,65.49351388468804,39.832987913549694,646018383.1786997,1024.0,2906
973,0.014606652820217059,290.605030894529,13.928409548802353,28498.04783320067,1.0240000486373901,0.09999999999999998,0.34599999999999986,-0.759,28401.047536921087,65.49351388468804,39.832987913549694,646018383.1786997,1024.0,2906
974,0.013216693708583213,290.605030894529,13.642528430841695,28498.04783320067,1.0240000486373901,0.3,0.34599999999999986,-0.759,28404.98854220751,65.49351388468804,39.832987913549694,646018383.1786997,1024.0,2906
975,0.010353108647271897,460.57793515969075,14.725870888552581,28498.04783320067,1.0240000486373901,-0.10000000000000003,0.34599999999999986,-0.759,28389.62219648751,65.49351388468804,39.832987913549694,646018383.1786997,1024.0,2906
976,0.010261662742572708,460.57793515969075,14.590425891908044,28498.04783320067,1.0240000486373901,0.09999999999999998,0.34599999999999986,-0.759,28391.60756934704,65.49351388468804,39.832987913549694,646018383.1786997,1024.0,2906
977,0.009981785693024022,460.57793515969075,14.370739585722207,28498.04783320067,1.0240000486373901,0.3,0.34599999999999986,-0.759,28394.78875508035,65.49351388468804,39.832987913549694,646018383.1786997,1024.0,2906
978,0.006963721730203123,729.9668340323904,14.8842112742311,28498.04783320067,1.0240000486373901,-0.10000000000000003,0.34599999999999986,-0.759,28387.277960572697,65.49351388468804,39.832987913549694,646018383.1786997,1024.0,2906
979,0.0074186637608189485,729.9668340323904,14.85379435100034,28498.04783320067,1.0240000486373901,0.09999999999999998,0.34599999999999986,-0.759,28387.730229889767,65.49351388468804,39.832987913549694,646018383.1786997,1024.0,2906
980,0.007727370049445206,729.9668340323904,14.732544070144248,28498.04783320067,1.0240000486373901,0.3,0.34599999999999986,-0.759,28389.5239058113,65.49351388468804,39.832987913549694,646018383.1786997,1024.0,2906
981,0.01609031301867949,290.605030894529,14.313181652390604,28498.04783320067,1.0240000486373901,-0.10000000000000003,0.34799999999999986,-0.759,28395.614248693506,65.36863774797366,39.86107281446647,646018383.1786997,1024.0,2906
982,0.014824587645575305,290.605030894529,14.136367953955034,28498.04783320067,1.0240000486373901,0.09999999999999998,0.34799999999999986,-0.759,28398.129383735868,65.36863774797366,39.86107281446647,646018383.1786997,1024.0,2906
983,0.01345662488705069,290.605030894529,13.893870450784988,28498.04783320067,1.0240000486373901,0.3,0.34799999999999986,-0.759,28401.528015149073,65.36863774797366,39.86107281446647,646018383.1786997,1024.0,2906
984,0.01043945916736363,460.57793515969075,14.844825730490248,28498.04783320067,1.0240000486373901,-0.10000000000000003,0.34799999999999986,-0.759,28387.86340771636,65.36863774797366,39.86107281446647,646018383.1786997,1024.0,2906
985,0.010371563206852624,460.57793515969075,14.74441257661819,28498.04783320067,1.0240000486373901,0.09999999999999998,0.34799999999999986,-0.759,28389.348982085903,65.36863774797366,39.86107281446647,646018383.1786997,1024.0,2906
986,0.010117853389325202,460.57793515969075,14.567142827630875,28498.04783320067,1.0240000486373901,0.3,0.34799999999999986,-0.759,28391.947008120373,65.36863774797366,39.86107281446647,646018383.1786997,1024.0,2906
987,0.0070062312159195365,729.9668340323904,14.9707957245158,28498.04783320067,1.0240000486373901,-0.10000000000000003,0.34799999999999986,-0.759,28385.98547088808,65.36863774797366,39.86107281446647,646018383.1786997,1024.0,2906
988,0.007479448701542499,729.9668340323904,14.972076467859232,28498.04783320067,1.0240000486373901,0.09999999999999998,0.34799999999999986,-0.759,28385.96629632096,65.36863774797366,39.86107281446647,646018383.1786997,1024.0,2906
989,0.007811329919551291,729.9668340323904,14.891201183530681,28498.04783320067,1.0240000486373901,0.3,0.34799999999999986,-0.759,28387.17389685648,65.36863774797366,39.86107281446647,646018383.1786997,1024.0,2906
990,0.01607895247821314,290.605030894529,14.099210286605828,28498.04783320067,1.0240000486373901,-0.10000000000000003,0.34999999999999987,-0.759,28398.653967847706,65.2440106895885,39.88926826859481,646018383.1786997,1024.0,2906
991,0.014842030697579611,290.605030894529,13.934487027521158,28498.04783320067,1.0240000486373901,0.09999999999999998,0.34999999999999987,-0.759,28400.962868840594,65.2440106895885,39.88926826859481,646018383.1786997,1024.0,2906
992,0.013501080214124547,290.605030894529,13.707276996543046,28498.04783320067,1.0240000486373901,0.3,0.34999999999999987,-0.759,28404.103111870692,65.2440106895885,39.88926826859481,646018383.1786997,1024.0,2906
993,0.010400865011633545,460.57793515969075,14.640001540670184,28498.04783320067,1.0240000486373901,-0.10000000000000003,0.34999999999999987,-0.759,28390.88301064526,65.2440106895885,39.88926826859481,646018383.1786997,1024.0,2906
994,0.010351065851330908,460.57793515969075,14.545244217781466,28498.04783320067,1.0240000486373901,0.09999999999999998,0.34999999999999987,-0.759,28392.26576852322,65.2440106895885,39.88926826859481,646018383.1786997,1024.0,2906
995,0.01011926646553901,460.57793515969075,14.378259081208226,28498.04783320067,1.0240000486373901,0.3,0.34999999999999987,-0.759,28394.680666097498,65.2440106895885,39.88926826859481,646018383.1786997,1024.0,2906
996,0.006968935374626365,729.9668340323904,14.784565648653796,28498.04783320067,1.0240000486373901,-0.10000000000000003,0.34999999999999987,-0.759,28388.756142490995,65.2440106895885,39.88926826859481,646018383.1786997,1024.0,2906
997,0.007449934364436361,729.9668340323904,14.784053401761579,28498.04783320067,1.0240000486373901,0.09999999999999998,0.34999999999999987,-0.759,28388.763715707602,65.2440106895885,39.88926826859481,646018383.1786997,1024.0,2906
998,0.007795416703734564,729.9668340323904,14.706987111011744,28498.04783320067,1.0240000486373901,0.3,0.34999999999999987,-0.759,28389.90009825894,65.2440106895885,39.88926826859481,646018383.1786997,1024.0,2906
999,0.016082948380862785,290.605030894529,14.390799945430823,28498.04783320067,1.0240000486373901,-0.10000000000000003,0.34599999999999986,-0.757,28394.500271665966,65.43640619989064,39.7714604135489,646018383.1786997,1024.0,2906
1000,0.014795635940398486,290.605030894529,14.19263604268713,28498.04783320067,1.0240000486373901,0.09999999999999998,0.34599999999999986,-0.757,28397.33237428058,65.43640619989064,39.7714604135489,646018383.1786997,1024.0,2906
1001,0.013407206808234607,290.605030894529,13.924944459633291,28498.04783320067,1.0240000486373901,0.3,0.34599999999999986,-0.757,28401.095794098735,65.43640619989064,39.7714604135489,646018383.1786997,1024.0,2906
1002,0.010446101008216463,460.57793515969075,14.927371714103218,28498.04783320067,1.0240000486373901,-0.10000000000000003,0.34599999999999986,-0.757,28386.634620055167,65.43640619989064,39.7714604135489,646018383.1786997,1024.0,2906
1003,0.010365020143096135,460.57793515969075,14.811329815114389,28498.04783320067,1.0240000486373901,0.09999999999999998,0.34599999999999986,-0.757,28388.360087754623,65.43640619989064,39.7714604135489,646018383.1786997,1024.0,2906
1004,0.010095785317326574,460.57793515969075,14.613404289744949,28498.04783320067,1.0240000486373901,0.3,0.34599999999999986,-0.757,28391.272040732903,65.43640619989064,39.7714604135489,646018383.1786997,1024.0,2906
1005,0.007014505805773049,729.9668340323904,15.04736753298002,28498.04783320067,1.0240000486373901,-0.10000000000000003,0.34599999999999986,-0.757,28384.83619836438,65.43640619989064,39.7714604135489,646018383.1786997,1024.0,2906
1006,0.007480418707321699,729.9668340323904,15.038675055690257,28498.04783320067,1.0240000486373901,0.09999999999999998,0.34599999999999986,-0.757,28384.96695948535,65.43640619989064,39.7714604135489,646018383.1786997,1024.0,2906
1007,0.0078014906006456525,729.9668340323904,14.942067735787246,28498.04783320067,1.0240000486373901,0.3,0.34599999999999986,-0.757,28386.415139090244,65.43640619989064,39.7714604135489,646018383.1786997,1024.0,2906
1008,0.016371756846990333,290.605030894529,14.52320538088977,28498.04783320067,1.0240000486373901,-0.10000000000000003,0.34799999999999986,-0.757,28392.58608593292,65.31131456139767,39.799657038664215,646018383.1786997,1024.0,2906
1009,0.015100918819769453,290.605030894529,14.353426959939815,28498.04783320067,1.0240000486373901,0.09999999999999998,0.34799999999999986,-0.757,28395.037400453508,65.31131456139767,39.799657038664215,646018383.1786997,1024.0,2906
1010,0.013725749313278269,290.605030894529,14.118325119052306,28498.04783320067,1.0240000486373901,0.3,0.34799999999999986,-0.757,28398.38428111704,65.31131456139767,39.799657038664215,646018383.1786997,1024.0,2906
1011,0.01057506609578552,460.57793515969075,15.016689021223367,28498.04783320067,1.0240000486373901,-0.10000000000000003,0.34799999999999986,-0.757,28385.297358620606,65.31131456139767,39.799657038664215,646018383.1786997,1024.0,2906
1012,0.01051970124285528,460.57793515969075,14.927847090133463,28498.04783320067,1.0240000486373901,0.09999999999999998,0.34799999999999986,-0.757,28386.62752382747,65.31131456139767,39.799657038664215,646018383.1786997,1024.0,2906
1013,0.01027793353978759,460.57793515969075,14.76290151194804,28498.04783320067,1.0240000486373901,0.3,0.34799999999999986,-0.757,28389.076202674933,65.31131456139767,39.799657038664215,646018383.1786997,1024.0,2906
1014,0.00707475950233713,729.9668340323904,15.107039636214171,28498.04783320067,1.0240000486373901,-0.10000000000000003,0.34799999999999986,-0.757,28383.9365099156,65.31131456139767,39.799657038664215,646018383.1786997,1024.0,2906
1015,0.007562680584420578,729.9668340323904,15.123186585214539,28498.04783320067,1.0240000486373901,0.09999999999999998,0.34799999999999986,-0.757,28383.692446955065,65.31131456139767,39.799657038664215,646018383.1786997,1024.0,2906
1016,0.007910896566491327,729.9668340323904,15.05856248967574,28498.04783320067,1.0240000486373901,0.3,0.34799999999999986,-0.757,28384.667681072937,65.31131456139767,39.799657038664215,646018383.1786997,1024.0,2906
1017,0.016291924959747912,290.605030894529,14.397158673870159,28498.04783320067,1.0240000486373901,-0.10000000000000003,0.34999999999999987,-0.757,28394.408744260374,65.1864735198101,39.82796449179606,646018383.1786997,1024.0,2906
1018,0.0150383173573597,290.605030894529,14.23359091207318,28498.04783320067,1.0240000486373901,0.09999999999999998,0.34999999999999987,-0.757,28396.750278074545,65.1864735198101,39.82796449179606,646018383.1786997,1024.0,2906
1019,0.013680418115125432,290.605030894529,14.00694317237842,28498.04783320067,1.0240000486373901,0.3,0.34999999999999987,-0.757,28399.950604683552,65.1864735198101,39.82796449179606,646018383.1786997,1024.0,2906
1020,0.010523735858649571,460.57793515969075,14.904809591975672,28498.04783320067,1.0240000486373901,-0.10000000000000003,0.34999999999999987,-0.757,28386.971158714146,65.1864735198101,39.82796449179606,646018383.1786997,1024.0,2906
1021,0.010474100273169095,460.57793515969075,14.817169291022458,28498.04783320067,1.0240000486373901,0.09999999999999998,0.34999999999999987,-0.757,28388.273580301262,65.1864735198101,39.82796449179606,646018383.1786997,1024.0,2906
1022,0.010240494655121841,460.57793515969075,14.656312306610747,28498.04783320067,1.0240000486373901,0.3,0.34999999999999987,-0.757,28390.644087986217,65.1864735198101,39.82796449179606,646018383.1786997,1024.0,2906
1023,0.007042427203454404,729.9668340323904,15.01187841607481,28498.04783320067,1.0240000486373901,-0.10000000000000003,0.34999999999999987,-0.757,28385.369586411165,65.1864735198101,39.82796449179606,646018383.1786997,1024.0,2906
1024,0.0075303321921218755,729.9668340323904,15.02466499919269,28498.04783320067,1.0240000486373901,0.09999999999999998,0.34999999999999987,-0.757,28385.17755403169,65.1864735198101,39.82796449179606,646018383.1786997,1024.0,2906
1025,0.007881147852728004,729.9668340323904,14.959800637702633,28498.04783320067,1.0240000486373901,0.3,0.34999999999999987,-0.757,28386.150015640767,65.1864735198101,39.82796449179606,646018383.1786997,1024.0,2906
1026,0.015997731183451835,290.605030894529,14.195879886437261,28498.04783320067,1.0240000486373901,-0.10000000000000003,0.34599999999999986,-0.755,28397.286330325594,65.37904835711257,39.7098508905982,646018383.1786997,1024.0,2906
1027,0.014719774211497921,290.605030894529,14.000980882215472,28498.04783320067,1.0240000486373901,0.09999999999999998,0.34599999999999986,-0.755,28400.03410036859,65.37904835711257,39.7098508905982,646018383.1786997,1024.0,2906
1028,0.013341561108950377,290.605030894529,13.739009157567276,28498.04783320067,1.0240000486373901,0.3,0.34599999999999986,-0.755,28403.667646884813,65.37904835711257,39.7098508905982,646018383.1786997,1024.0,2906
1029,0.010398739019730529,460.57793515969075,14.754714878385824,28498.04783320067,1.0240000486373901,-0.10000000000000003,0.34599999999999986,-0.755,28389.19702762944,65.37904835711257,39.7098508905982,646018383.1786997,1024.0,2906
1030,0.010319135448471317,460.57793515969075,14.636877969145175,28498.04783320067,1.0240000486373901,0.09999999999999998,0.34599999999999986,-0.755,28390.928734858848,65.37904835711257,39.7098508905982,646018383.1786997,1024.0,2906
1031,0.010052940959321114,460.57793515969075,14.439783368796007,28498.04783320067,1.0240000486373901,0.3,0.34599999999999986,-0.755,28393.794161331793,65.37904835711257,39.7098508905982,646018383.1786997,1024.0,2906
1032,0.006985441548672243,729.9668340323904,14.897307080156823,28498.04783320067,1.0240000486373901,-0.10000000000000003,0.34599999999999986,-0.755,28387.082954080426,65.37904835711257,39.7098508905982,646018383.1786997,1024.0,2906
1033,0.007449788598788308,729.9668340323904,14.882349309354815,28498.04783320067,1.0240000486373901,0.09999999999999998,0.34599999999999986,-0.755,28387.305672717845,65.37904835711257,39.7098508905982,646018383.1786997,1024.0,2906
1034,0.007770744274520114,729.9668340323904,14.78212637423888,28498.04783320067,1.0240000486373901,0.3,0.34599999999999986,-0.755,28388.792203128687,65.37904835711257,39.7098508905982,646018383.1786997,1024.0,2906
1035,0.016126092319114098,290.605030894529,14.352407295000514,28498.04783320067,1.0240000486373901,-0.10000000000000003,0.34799999999999986,-0.755,28395.05203561988,65.25374077603593,39.73815974771985,646018383.1786997,1024.0,2906
1036,0.014851933497722935,290.605030894529,14.17358201914489,28498.04783320067,1.0240000486373901,0.09999999999999998,0.34799999999999986,-0.755,28397.602619573958,65.25374077603593,39.73815974771985,646018383.1786997,1024.0,2906
1037,0.013477421843488711,290.605030894529,13.9305013920774,28498.04783320067,1.0240000486373901,0.3,0.34799999999999986,-0.755,28401.018398683336,65.25374077603593,39.73815974771985,646018383.1786997,1024.0,2906
1038,0.010468690155525155,460.57793515969075,14.885539105056,28498.04783320067,1.0240000486373901,-0.10000000000000003,0.34799999999999986,-0.755,28387.258195976596,65.25374077603593,39.73815974771985,646018383.1786997,1024.0,2906
1039,0.010396925222773874,460.57793515969075,14.783643315100628,28498.04783320067,1.0240000486373901,0.09999999999999998,0.34799999999999986,-0.755,28388.76977836661,65.25374077603593,39.73815974771985,646018383.1786997,1024.0,2906
1040,0.010139191340044774,460.57793515969075,14.605668859396761,28498.04783320067,1.0240000486373901,0.3,0.34799999999999986,-0.755,28391.385051785495,65.25374077603593,39.73815974771985,646018383.1786997,1024.0,2906
1041,0.007026083542311856,729.9668340323904,15.006382596412138,28498.04783320067,1.0240000486373901,-0.10000000000000003,0.34799999999999986,-0.755,28385.45207388572,65.25374077603593,39.73815974771985,646018383.1786997,1024.0,2906
1042,0.0074988087030934455,729.9668340323904,15.007812477939387,28498.04783320067,1.0240000486373901,0.09999999999999998,0.34799999999999986,-0.755,28385.430615514175,65.25374077603593,39.73815974771985,646018383.1786997,1024.0,2906
1043,0.00782940839268961,729.9668340323904,14.927398741144252,28498.04783320067,1.0240000486373901,0.3,0.34799999999999986,-0.755,28386.634216612114,65.25374077603593,39.73815974771985,646018383.1786997,1024.0,2906
1044,0.016437187804329775,290.605030894529,14.492589670463742,28498.04783320067,1.0240000486373901,-0.10000000000000003,0.34999999999999987,-0.755,28393.030255522455,65.12868532172303,39.76657970755454,646018383.1786997,1024.0,2906
1045,0.015165630721225972,290.605030894529,14.325577898239072,28498.04783320067,1.0240000486373901,0.09999999999999998,0.34999999999999987,-0.755,28395.436742141414,65.12868532172303,39.76657970755454,646018383.1786997,1024.0,2906
1046,0.013789278852129265,290.605030894529,14.094749733263166,28498.04783320067,1.0240000486373901,0.3,0.34999999999999987,-0.755,28398.71684817901,65.12868532172303,39.76657970755454,646018383.1786997,1024.0,2906
1047,0.010613404528281904,460.57793515969075,14.992714403633027,28498.04783320067,1.0240000486373901,-0.10000000000000003,0.34999999999999987,-0.755,28385.65709060622,65.12868532172303,39.76657970755454,646018383.1786997,1024.0,2906
1048,0.010560961278000878,460.57793515969075,14.90470414969301,28498.04783320067,1.0240000486373901,0.09999999999999998,0.34999999999999987,-0.755,28386.972730305733,65.12868532172303,39.76657970755454,646018383.1786997,1024.0,2906
1049,0.010322050403875859,460.57793515969075,14.742275107475296,28498.04783320067,1.0240000486373901,0.3,0.34999999999999987,-0.755,28389.38049552843,65.12868532172303,39.76657970755454,646018383.1786997,1024.0,2906
1050,0.0070967092397607925,729.9668340323904,15.086882447726254,28498.04783320067,1.0240000486373901,-0.10000000000000003,0.34999999999999987,-0.755,28384.240822204916,65.12868532172303,39.76657970755454,646018383.1786997,1024.0,2906
1051,0.0075885209152153485,729.9668340323904,15.102641947483916,28498.04783320067,1.0240000486373901,0.09999999999999998,0.34999999999999987,-0.755,28384.00293630372,65.12868532172303,39.76657970755454,646018383.1786997,1024.0,2906
1052,0.007941202946019441,729.9668340323904,15.0393868098049,28498.04783320067,1.0240000486373901,0.3,0.34999999999999987,-0.755,28384.956255393205,65.12868532172303,39.76657970755454,646018383.1786997,1024.0,2906
1053,0.008707125462191566,579.833266684221,15.00838341479259,28498.04783320067,1.0240000486373901,-2.7755575615628914e-17,0.34699999999999986,-0.758,28385.42204683796,65.40246809837015,39.81629089649038,646018383.1786997,1024.0,2906
1054,0.008817328497789005,579.833266684221,14.971568453851768,28498.04783320067,1.0240000486373901,0.09999999999999998,0.34699999999999986,-0.758,28385.973902216487,65.40246809837015,39.81629089649038,646018383.1786997,1024.0,2906
1055,0.008884179269925243,579.833266684221,14.913911091845364,28498.04783320067,1.0240000486373901,0.19999999999999998,0.34699999999999986,-0.758,28386.835461172937,65.40246809837015,39.81629089649038,646018383.1786997,1024.0,2906
1056,0.007293336732183215,729.9668340323904,15.052367303115437,28498.04783320067,1.0240000486373901,-2.7755575615628914e-17,0.34699999999999986,-0.758,28384.760952486722,65.40246809837015,39.81629089649038,646018383.1786997,1024.0,2906
1057,0.0075166513246295395,729.9668340323904,15.04299005755037,28498.04783320067,1.0240000486373901,0.09999999999999998,0.34699999999999986,-0.758,28384.902058264892,65.40246809837015,39.81629089649038,646018383.1786997,1024.0,2906
1058,0.007704281910388447,729.9668340323904,15.01228821078256,28498.04783320067,1.0240000486373901,0.19999999999999998,0.34699999999999986,-0.758,28385.36343453887,65.40246809837015,39.81629089649038,646018383.1786997,1024.0,2906
1059,0.00616443803582873,918.9737971303117,15.035336255260608,28498.04783320067,1.0240000486373901,-2.7755575615628914e-17,0.34699999999999986,-0.758,28385.017165046294,65.40246809837015,39.81629089649038,646018383.1786997,1024.0,2906
1060,0.006463022485210737,918.9737971303117,15.054467882852313,28498.04783320067,1.0240000486373901,0.09999999999999998,0.34699999999999986,-0.758,28384.729331582756,65.40246809837015,39.81629089649038,646018383.1786997,1024.0,2906
1061,0.006735362608112122,918.9737971303117,15.05213646425132,28498.04783320067,1.0240000486373901,0.19999999999999998,0.34699999999999986,-0.758,28384.76442713145,65.40246809837015,39.81629089649038,646018383.1786997,1024.0,2906
1062,0.008642115877892754,579.833266684221,14.931320908624528,28498.04783320067,1.0240000486373901,-2.7755575615628914e-17,0.34799999999999986,-0.758,28386.575661162507,65.34000738435857,39.83037512744008,646018383.1786997,1024.0,2906
1063,0.008749021977007006,579.833266684221,14.894108871152477,28498.04783320067,1.0240000486373901,0.09999999999999998,0.34799999999999986,-0.758,28387.1305936678,65.34000738435857,39.83037512744008,646018383.1786997,1024.0,2906
1064,0.00881283383733847,579.833266684221,14.836602031757344,28498.04783320067,1.0240000486373901,0.19999999999999998,0.34799999999999986,-0.758,28387.9854532763,65.34000738435857,39.83037512744008,646018383.1786997,1024.0,2906
1065,0.0072464758600937155,729.9668340323904,14.984377532624217,28498.04783320067,1.0240000486373901,-2.7755575615628914e-17,0.34799999999999986,-0.758,28385.782048180565,65.34000738435857,39.83037512744008,646018383.1786997,1024.0,2906
1066,0.0074660120413001406,729.9668340323904,14.973802187460576,28498.04783320067,1.0240000486373901,0.09999999999999998,0.34799999999999986,-0.758,28385.940457226072,65.34000738435857,39.83037512744008,646018383.1786997,1024.0,2906
1067,0.0076499185628470575,729.9668340323904,14.94238704885541,28498.04783320067,1.0240000486373901,0.19999999999999998,0.34799999999999986,-0.758,28386.41036784177,65.34000738435857,39.83037512744008,646018383.1786997,1024.0,2906
1068,0.006130271523395462,918.9737971303117,14.975622844337192,28498.04783320067,1.0240000486373901,-2.7755575615628914e-17,0.34799999999999986,-0.758,28385.913193412754,65.34000738435857,39.83037512744008,646018383.1786997,1024.0,2906
1069,0.006425055218419448,918.9737971303117,14.992945475707534,28498.04783320067,1.0240000486373901,0.09999999999999998,0.34799999999999986,-0.758,28385.653626181902,65.34000738435857,39.83037512744008,646018383.1786997,1024.0,2906
1070,0.0066934798699134716,918.9737971303117,14.98921854589742,28498.04783320067,1.0240000486373901,0.19999999999999998,0.34799999999999986,-0.758,28385.709496892334,65.34000738435857,39.83037512744008,646018383.1786997,1024.0,2906
1071,0.008702477908997662,579.833266684221,14.957861264855511,28498.04783320067,1.0240000486373901,-2.7755575615628914e-17,0.34899999999999987,-0.758,28386.17902639134,65.27760912957575,39.84448703104805,646018383.1786997,1024.0,2906
1072,0.008818339707366566,579.833266684221,14.92776032735804,28498.04783320067,1.0240000486373901,0.09999999999999998,0.34899999999999987,-0.758,28386.62881900515,65.27760912957575,39.84448703104805,646018383.1786997,1024.0,2906
1073,0.008891740048323616,579.833266684221,14.878198211750137,28498.04783320067,1.0240000486373901,0.19999999999999998,0.34899999999999987,-0.758,28387.36744218661,65.27760912957575,39.84448703104805,646018383.1786997,1024.0,2906
1074,0.007286290424110788,729.9668340323904,15.001558807069985,28498.04783320067,1.0240000486373901,-2.7755575615628914e-17,0.34899999999999987,-0.758,28385.524449879682,65.27760912957575,39.84448703104805,646018383.1786997,1024.0,2906
1075,0.007513843183132382,729.9668340323904,14.997730542221957,28498.04783320067,1.0240000486373901,0.09999999999999998,0.34899999999999987,-0.758,28385.581872492123,65.27760912957575,39.84448703104805,646018383.1786997,1024.0,2906
1076,0.007706704649928513,729.9668340323904,14.974043298383132,28498.04783320067,1.0240000486373901,0.19999999999999998,0.34899999999999987,-0.758,28385.936846849745,65.27760912957575,39.84448703104805,646018383.1786997,1024.0,2906
1077,0.0061565269931102545,918.9737971303117,14.985341060597323,28498.04783320067,1.0240000486373901,-2.7755575615628914e-17,0.34899999999999987,-0.758,28385.76760984946,65.27760912957575,39.84448703104805,646018383.1786997,1024.0,2906
1078,0.006458198295247106,918.9737971303117,15.0089174443828,28498.04783320067,1.0240000486373901,0.09999999999999998,0.34899999999999987,-0.758,28385.414031774522,65.27760912957575,39.84448703104805,646018383.1786997,1024.0,2906
1079,0.006734641977863237,918.9737971303117,15.012555308853264,28498.04783320067,1.0240000486373901,0.19999999999999998,0.34899999999999987,-0.758,28385.359424749982,65.27760912957575,39.84448703104805,646018383.1786997,1024.0,2906
1080,0.008806084512467756,579.833266684221,15.145903272761712,28498.04783320067,1.0240000486373901,-2.7755575615628914e-17,0.34699999999999986,-0.757,28383.348640226744,65.37382908331679,39.785544827684895,646018383.1786997,1024.0,2906
1081,0.008926006141517935,579.833266684221,15.118023789107554,28498.04783320067,1.0240000486373901,0.09999999999999998,0.34699999999999986,-0.757,28383.77051155666,65.37382908331679,39.785544827684895,646018383.1786997,1024.0,2906
1082,0.009003046776306518,579.833266684221,15.069892976130735,28498.04783320067,1.0240000486373901,0.19999999999999998,0.34699999999999986,-0.757,28384.496996044654,65.37382908331679,39.785544827684895,646018383.1786997,1024.0,2906
1083,0.007363460007231804,729.9668340323904,15.172350001553092,28498.04783320067,1.0240000486373901,-2.7755575615628914e-17,0.34699999999999986,-0.757,28382.947730915857,65.37382908331679,39.785544827684895,646018383.1786997,1024.0,2906
1084,0.00759604122809606,729.9668340323904,15.17230448581311,28498.04783320067,1.0240000486373901,0.09999999999999998,0.34699999999999986,-0.757,28382.94842149556,65.37382908331679,39.785544827684895,646018383.1786997,1024.0,2906
1085,0.007793733485983802,729.9668340323904,15.151664830331066,28498.04783320067,1.0240000486373901,0.19999999999999998,0.34699999999999986,-0.757,28383.261359635326,65.37382908331679,39.785544827684895,646018383.1786997,1024.0,2906
1086,0.0062148860374061235,918.9737971303117,15.140044918405048,28498.04783320067,1.0240000486373901,-2.7755575615628914e-17,0.34699999999999986,-0.757,28383.43735313501,65.37382908331679,39.785544827684895,646018383.1786997,1024.0,2906
1087,0.006521895217336346,918.9737971303117,15.168706804809322,28498.04783320067,1.0240000486373901,0.09999999999999998,0.34699999999999986,-0.757,28383.003000135537,65.37382908331679,39.785544827684895,646018383.1786997,1024.0,2906
1088,0.006803679889952715,918.9737971303117,15.176771124768106,28498.04783320067,1.0240000486373901,0.19999999999999998,0.34699999999999986,-0.757,28382.880642313874,65.37382908331679,39.785544827684895,646018383.1786997,1024.0,2906
1089,0.00876262678362892,579.833266684221,15.090362378468008,28498.04783320067,1.0240000486373901,-2.7755575615628914e-17,0.34799999999999986,-0.757,28384.18831484393,65.31131456139767,39.799657038664215,646018383.1786997,1024.0,2906
1090,0.00888074871388514,579.833266684221,15.063001046949447,28498.04783320067,1.0240000486373901,0.09999999999999998,0.34799999999999986,-0.757,28384.60083293047,65.31131456139767,39.799657038664215,646018383.1786997,1024.0,2906
1091,0.008956224920006342,579.833266684221,15.015926254488695,28498.04783320067,1.0240000486373901,0.19999999999999998,0.34799999999999986,-0.757,28385.30881256055,65.31131456139767,39.799657038664215,646018383.1786997,1024.0,2906
1092,0.00733230564626884,729.9668340323904,15.123386753560505,28498.04783320067,1.0240000486373901,-2.7755575615628914e-17,0.34799999999999986,-0.757,28383.689419751787,65.31131456139767,39.799657038664215,646018383.1786997,1024.0,2906
1093,0.007562680584420578,729.9668340323904,15.123186585214539,28498.04783320067,1.0240000486373901,0.09999999999999998,0.34799999999999986,-0.757,28383.692446955065,65.31131456139767,39.799657038664215,646018383.1786997,1024.0,2906
1094,0.007758271764121367,729.9668340323904,15.102891504545584,28498.04783320067,1.0240000486373901,0.19999999999999998,0.34799999999999986,-0.757,28383.999167301634,65.31131456139767,39.799657038664215,646018383.1786997,1024.0,2906
1095,0.006192302378638356,918.9737971303117,15.0970969132506,28498.04783320067,1.0240000486373901,-2.7755575615628914e-17,0.34799999999999986,-0.757,28384.08666559663,65.31131456139767,39.799657038664215,646018383.1786997,1024.0,2906
1096,0.006497030751909195,918.9737971303117,15.125082465537234,28498.04783320067,1.0240000486373901,0.09999999999999998,0.34799999999999986,-0.757,28383.66377340602,65.31131456139767,39.799657038664215,646018383.1786997,1024.0,2906
1097,0.006776528520644545,918.9737971303117,15.13292273991265,28498.04783320067,1.0240000486373901,0.19999999999999998,0.34799999999999986,-0.757,28383.54515787459,65.31131456139767,39.799657038664215,646018383.1786997,1024.0,2906
1098,0.008813295053620038,579.833266684221,15.082675630294458,28498.04783320067,1.0240000486373901,-2.7755575615628914e-17,0.34899999999999987,-0.757,28384.304281116332,65.24886268888118,39.81379695664914,646018383.1786997,1024.0,2906
1099,0.00893923325161526,579.833266684221,15.059256457331681,28498.04783320067,1.0240000486373901,0.09999999999999998,0.34899999999999987,-0.757,28384.65723067683,65.24886268888118,39.81379695664914,646018383.1786997,1024.0,2906
1100,0.009023162287117994,579.833266684221,15.016736570734288,28498.04783320067,1.0240000486373901,0.19999999999999998,0.34899999999999987,-0.757,28385.296644583257,65.24886268888118,39.81379695664914,646018383.1786997,1024.0,2906
1101,0.00736468461120727,729.9668340323904,15.109717075875372,28498.04783320067,1.0240000486373901,-2.7755575615628914e-17,0.34899999999999987,-0.757,28383.89605814417,65.24886268888118,39.81379695664914,646018383.1786997,1024.0,2906
1102,0.007601963093181476,729.9668340323904,15.113085511431601,28498.04783320067,1.0240000486373901,0.09999999999999998,0.34899999999999987,-0.757,28383.84515636275,65.24886268888118,39.81379695664914,646018383.1786997,1024.0,2906
1103,0.007805355412914449,729.9668340323904,15.09708461736075,28498.04783320067,1.0240000486373901,0.19999999999999998,0.34899999999999987,-0.757,28384.086851228796,65.24886268888118,39.81379695664914,646018383.1786997,1024.0,2906
1104,0.00621275854388481,918.9737971303117,15.07887855663867,28498.04783320067,1.0240000486373901,-2.7755575615628914e-17,0.34899999999999987,-0.757,28384.361543937743,65.24886268888118,39.81379695664914,646018383.1786997,1024.0,2906
1105,0.006523319745282324,918.9737971303117,15.109946701706487,28498.04783320067,1.0240000486373901,0.09999999999999998,0.34899999999999987,-0.757,28383.892588536466,65.24886268888118,39.81379695664914,646018383.1786997,1024.0,2906
1106,0.00680970503288636,918.9737971303117,15.121692027935758,28498.04783320067,1.0240000486373901,0.19999999999999998,0.34899999999999987,-0.757,28383.715048306804,65.24886268888118,39.81379695664914,646018383.1786997,1024.0,2906
1107,0.008688305986175468,579.833266684221,14.989865417854094,28498.04783320067,1.0240000486373901,-2.7755575615628914e-17,0.34699999999999986,-0.756,28385.699800577982,65.34512747349088,39.75477831656348,646018383.1786997,1024.0,2906
1108,0.008797263651263851,579.833266684221,14.955505689461475,28498.04783320067,1.0240000486373901,0.09999999999999998,0.34699999999999986,-0.756,28386.214257986914,65.34512747349088,39.75477831656348,646018383.1786997,1024.0,2906
1109,0.00886293283172562,579.833266684221,14.900757995457202,28498.04783320067,1.0240000486373901,0.19999999999999998,0.34699999999999986,-0.756,28387.03153878108,65.34512747349088,39.75477831656348,646018383.1786997,1024.0,2906
1110,0.007280664209567193,729.9668340323904,15.033640842487703,28498.04783320067,1.0240000486373901,-2.7755575615628914e-17,0.34699999999999986,-0.756,28385.042654710214,65.34512747349088,39.75477831656348,646018383.1786997,1024.0,2906
1111,0.007502693069728581,729.9668340323904,15.026475745045554,28498.04783320067,1.0240000486373901,0.09999999999999998,0.34699999999999986,-0.756,28385.15034654245,65.34512747349088,39.75477831656348,646018383.1786997,1024.0,2906
1112,0.007689011630194056,729.9668340323904,14.998428079903432,28498.04783320067,1.0240000486373901,0.19999999999999998,0.34699999999999986,-0.756,28385.571410766654,65.34512747349088,39.75477831656348,646018383.1786997,1024.0,2906
1113,0.006155947550653221,918.9737971303117,15.016798294841454,28498.04783320067,1.0240000486373901,-2.7755575615628914e-17,0.34699999999999986,-0.756,28385.295717686695,65.34512747349088,39.75477831656348,646018383.1786997,1024.0,2906
1114,0.006453353493257101,918.9737971303117,15.037929457254034,28498.04783320067,1.0240000486373901,0.09999999999999998,0.34699999999999986,-0.756,28384.978172019997,65.34512747349088,39.75477831656348,646018383.1786997,1024.0,2906
1115,0.006724425446760028,918.9737971303117,15.038029147056637,28498.04783320067,1.0240000486373901,0.19999999999999998,0.34699999999999986,-0.756,28384.97667288681,65.34512747349088,39.75477831656348,646018383.1786997,1024.0,2906
1116,0.008685817655018618,579.833266684221,14.998366893114646,28498.04783320067,1.0240000486373901,-2.7755575615628914e-17,0.34799999999999986,-0.756,28385.572328470433,65.28255908891661,39.76891857104541,646018383.1786997,1024.0,2906
1117,0.008795272131150215,579.833266684221,14.966504781937296,28498.04783320067,1.0240000486373901,0.09999999999999998,0.34799999999999986,-0.756,28386.049700506795,65.28255908891661,39.76891857104541,646018383.1786997,1024.0,2906
1118,0.008861620694705263,579.833266684221,14.914709436625015,28498.04783320067,1.0240000486373901,0.19999999999999998,0.34799999999999986,-0.756,28386.823554411196,65.28255908891661,39.76891857104541,646018383.1786997,1024.0,2906
1119,0.007280637653009907,729.9668340323904,15.043342144507065,28498.04783320067,1.0240000486373901,-2.7755575615628914e-17,0.34799999999999986,-0.756,28384.89676176232,65.28255908891661,39.76891857104541,646018383.1786997,1024.0,2906
1120,0.007502972456360253,729.9668340323904,15.038350588253184,28498.04783320067,1.0240000486373901,0.09999999999999998,0.34799999999999986,-0.756,28384.971838993064,65.28255908891661,39.76891857104541,646018383.1786997,1024.0,2906
1121,0.007689735087888391,729.9668340323904,15.012916604807458,28498.04783320067,1.0240000486373901,0.19999999999999998,0.34799999999999986,-0.756,28385.35400070922,65.28255908891661,39.76891857104541,646018383.1786997,1024.0,2906
1122,0.0061573819291401806,918.9737971303117,15.027536938917029,28498.04783320067,1.0240000486373901,-2.7755575615628914e-17,0.34799999999999986,-0.756,28385.134399975414,65.28255908891661,39.76891857104541,646018383.1786997,1024.0,2906
1123,0.0064550457671569,918.9737971303117,15.050620038382139,28498.04783320067,1.0240000486373901,0.09999999999999998,0.34799999999999986,-0.756,28384.787251430796,65.28255908891661,39.76891857104541,646018383.1786997,1024.0,2906
1124,0.0067264758950265225,918.9737971303117,15.053091425211957,28498.04783320067,1.0240000486373901,0.19999999999999998,0.34799999999999986,-0.756,28384.750052472777,65.28255908891661,39.76891857104541,646018383.1786997,1024.0,2906
1125,0.008770996683042698,579.833266684221,15.036905578246214,28498.04783320067,1.0240000486373901,-2.7755575615628914e-17,0.34899999999999987,-0.756,28384.993568516125,65.220053544624,39.783086566873514,646018383.1786997,1024.0,2906
1126,0.008890519686683465,579.833266684221,15.011150418891297,28498.04783320067,1.0240000486373901,0.09999999999999998,0.34899999999999987,-0.756,28385.38051475138,65.220053544624,39.783086566873514,646018383.1786997,1024.0,2906
1127,0.008967523053005492,579.833266684221,14.966096155569893,28498.04783320067,1.0240000486373901,0.19999999999999998,0.34899999999999987,-0.756,28386.05581613179,65.220053544624,39.783086566873514,646018383.1786997,1024.0,2906
1128,0.007338805933654626,729.9668340323904,15.071223446718125,28498.04783320067,1.0240000486373901,-2.7755575615628914e-17,0.34899999999999987,-0.756,28384.47694511022,65.220053544624,39.783086566873514,646018383.1786997,1024.0,2906
1129,0.007570459050530341,729.9668340323904,15.072199384094253,28498.04783320067,1.0240000486373901,0.09999999999999998,0.34899999999999987,-0.756,28384.462236063726,65.220053544624,39.783086566873514,646018383.1786997,1024.0,2906
1130,0.0077674894587115035,729.9668340323904,15.053515895714574,28498.04783320067,1.0240000486373901,0.19999999999999998,0.34899999999999987,-0.756,28384.743662789406,65.220053544624,39.783086566873514,646018383.1786997,1024.0,2906
1131,0.00619735571091248,918.9737971303117,15.046623702403918,28498.04783320067,1.0240000486373901,-2.7755575615628914e-17,0.34899999999999987,-0.756,28384.8473907798,65.220053544624,39.783086566873514,646018383.1786997,1024.0,2906
1132,0.006503243272317244,918.9737971303117,15.075367396367644,28498.04783320067,1.0240000486373901,0.09999999999999998,0.34899999999999987,-0.756,28384.41448213294,65.220053544624,39.783086566873514,646018383.1786997,1024.0,2906
1133,0.006784088344531021,918.9737971303117,15.084416835480182,28498.04783320067,1.0240000486373901,0.19999999999999998,0.34899999999999987,-0.756,28384.278017567412,65.220053544624,39.783086566873514,646018383.1786997,1024.0,2906
1134,0.014956803744930013,290.605030894529,13.622659859280015,28498.04783325181,1.0240000486373901,-0.10000000000000003,0.34399999999999986,-0.744,28405.25940243099,65.18580300946486,39.340718793426284,646018383.1786997,1024.0,2906
1135,0.013669002913354749,290.605030894529,13.387597481181784,28498.04783325181,1.0240000486373901,0.09999999999999998,0.34399999999999986,-0.744,28408.433950092738,65.18580300946486,39.340718793426284,646018383.1786997,1024.0,2906
1136,0.012292955208658323,290.605030894529,13.08311359700787,28498.04783325181,1.0240000486373901,0.3,0.34399999999999986,-0.744,28412.463902555704,65.18580300946486,39.340718793426284,646018383.1786997,1024.0,2906
1137,0.009924254422849853,460.57793515969075,14.33824748061326,28498.04783325181,1.0240000486373901,-0.10000000000000003,0.34399999999999986,-0.744,28395.255162844154,65.18580300946486,39.340718793426284,646018383.1786997,1024.0,2906
1138,0.009779519530988354,460.57793515969075,14.166404089268001,28498.04783325181,1.0240000486373901,0.09999999999999998,0.34399999999999986,-0.744,28397.704330841596,65.18580300946486,39.340718793426284,646018383.1786997,1024.0,2906
1139,0.00944781789278279,460.57793515969075,13.909583387681042,28498.04783325181,1.0240000486373901,0.3,0.34399999999999986,-0.744,28401.309578242384,65.18580300946486,39.340718793426284,646018383.1786997,1024.0,2906
1140,0.006757630827953546,729.9668340323904,14.601620529137785,28498.04783325181,1.0240000486373901,-0.10000000000000003,0.34399999999999986,-0.744,28391.44417221334,65.18580300946486,39.340718793426284,646018383.1786997,1024.0,2906
1141,0.0071583064249680925,729.9668340323904,14.527254038596753,28498.04783325181,1.0240000486373901,0.09999999999999998,0.34399999999999986,-0.744,28392.527278300848,65.18580300946486,39.340718793426284,646018383.1786997,1024.0,2906
1142,0.0074045900074932195,729.9668340323904,14.358298164520834,28498.04783325181,1.0240000486373901,0.3,0.34399999999999986,-0.744,28394.96747016117,65.18580300946486,39.340718793426284,646018383.1786997,1024.0,2906
1143,0.014837013017920802,290.605030894529,13.481050134167857,28498.04783325181,1.0240000486373901,-0.10000000000000003,0.34599999999999986,-0.744,28407.178476891837,65.05903962655603,39.36954074917606,646018383.1786997,1024.0,2906
1144,0.013590414045086123,290.605030894529,13.276659607323799,28498.04783325181,1.0240000486373901,0.09999999999999998,0.34599999999999986,-0.744,28409.91298808744,65.05903962655603,39.36954074917606,646018383.1786997,1024.0,2906
1145,0.012257339486267676,290.605030894529,13.010856587109915,28498.04783325181,1.0240000486373901,0.3,0.34599999999999986,-0.744,28413.40663868664,65.05903962655603,39.36954074917606,646018383.1786997,1024.0,2906
1146,0.009847379009464972,460.57793515969075,14.200486093672183,28498.04783325181,1.0240000486373901,-0.10000000000000003,0.34599999999999986,-0.744,28397.220930603522,65.05903962655603,39.36954074917606,646018383.1786997,1024.0,2906
1147,0.009718726827018688,460.57793515969075,14.048369502120911,28498.04783325181,1.0240000486373901,0.09999999999999998,0.34599999999999986,-0.744,28399.36949041775,65.05903962655603,39.36954074917606,646018383.1786997,1024.0,2906
1148,0.009409378129172407,460.57793515969075,13.820645102732211,28498.04783325181,1.0240000486373901,0.3,0.34599999999999986,-0.744,28402.542717723973,65.05903962655603,39.36954074917606,646018383.1786997,1024.0,2906
1149,0.006710711824857717,729.9668340323904,14.481310510348967,28498.04783325181,1.0240000486373901,-0.10000000000000003,0.34599999999999986,-0.744,28393.19365620324,65.05903962655603,39.36954074917606,646018383.1786997,1024.0,2906
1150,0.007115673550514546,729.9668340323904,14.417021512694486,28498.04783325181,1.0240000486373901,0.09999999999999998,0.34599999999999986,-0.744,28394.122578603063,65.05903962655603,39.36954074917606,646018383.1786997,1024.0,2906
1151,0.0073724635451298155,729.9668340323904,14.267993615694046,28498.04783325181,1.0240000486373901,0.3,0.34599999999999986,-0.744,28396.260012343068,65.05903962655603,39.36954074917606,646018383.1786997,1024.0,2906
1152,0.014553889689901236,290.605030894529,13.076083520828835,28498.04783325181,1.0240000486373901,-0.10000000000000003,0.34799999999999986,-0.744,28412.555853129965,64.93253656193953,39.39847606468627,646018383.1786997,1024.0,2906
1153,0.013338278066642601,290.605030894529,12.872327426280798,28498.04783325181,1.0240000486373901,0.09999999999999998,0.34799999999999986,-0.744,28415.19942656712,64.93253656193953,39.39847606468627,646018383.1786997,1024.0,2906
1154,0.01203982459776565,290.605030894529,12.612339951676038,28498.04783325181,1.0240000486373901,0.3,0.34799999999999986,-0.744,28418.51227372349,64.93253656193953,39.39847606468627,646018383.1786997,1024.0,2906
1155,0.00968517132420691,460.57793515969075,13.852538037080521,28498.04783325181,1.0240000486373901,-0.10000000000000003,0.34799999999999986,-0.744,28402.10142821743,64.93253656193953,39.39847606468627,646018383.1786997,1024.0,2906
1156,0.009559683438328477,460.57793515969075,13.689721461464359,28498.04783325181,1.0240000486373901,0.09999999999999998,0.34799999999999986,-0.744,28404.34359640557,64.93253656193953,39.39847606468627,646018383.1786997,1024.0,2906
1157,0.009259465188496808,460.57793515969075,13.45650514407568,28498.04783325181,1.0240000486373901,0.3,0.34799999999999986,-0.744,28407.509067905543,64.93253656193953,39.39847606468627,646018383.1786997,1024.0,2906
1158,0.00661345268835775,729.9668340323904,14.187536298637594,28498.04783325181,1.0240000486373901,-0.10000000000000003,0.34799999999999986,-0.744,28397.40474013923,64.93253656193953,39.39847606468627,646018383.1786997,1024.0,2906
1159,0.007010467000145324,729.9668340323904,14.103271931211463,28498.04783325181,1.0240000486373901,0.09999999999999998,0.34799999999999986,-0.744,28398.596693668962,64.93253656193953,39.39847606468627,646018383.1786997,1024.0,2906
1160,0.007264063432671132,729.9668340323904,13.938897332235898,28498.04783325181,1.0240000486373901,0.3,0.34799999999999986,-0.744,28400.901403832504,64.93253656193953,39.39847606468627,646018383.1786997,1024.0,2906
1161,0.015476824900165172,290.605030894529,14.09398896316398,28498.04783325181,1.0240000486373901,-0.10000000000000003,0.34399999999999986,-0.742,28398.727570804916,65.12700166207958,39.278465453516,646018383.1786997,1024.0,2906
1162,0.014171902683231156,290.605030894529,13.876691921149403,28498.04783325181,1.0240000486373901,0.09999999999999998,0.34399999999999986,-0.742,28401.766543914564,65.12700166207958,39.278465453516,646018383.1786997,1024.0,2906
1163,0.01277340873024197,290.605030894529,13.58885197222848,28498.04783325181,1.0240000486373901,0.3,0.34399999999999986,-0.742,28405.71938429024,65.12700166207958,39.278465453516,646018383.1786997,1024.0,2906
1164,0.010191387406943902,460.57793515969075,14.72376185094305,28498.04783325181,1.0240000486373901,-0.10000000000000003,0.34399999999999986,-0.742,28389.653251730168,65.12700166207958,39.278465453516,646018383.1786997,1024.0,2906
1165,0.010064972669444327,460.57793515969075,14.580137602929211,28498.04783325181,1.0240000486373901,0.09999999999999998,0.34399999999999986,-0.742,28391.757626991635,65.12700166207958,39.278465453516,646018383.1786997,1024.0,2906
1166,0.009747956425301896,460.57793515969075,14.351359945548566,28498.04783325181,1.0240000486373901,0.3,0.34399999999999986,-0.742,28395.067067108463,65.12700166207958,39.278465453516,646018383.1786997,1024.0,2906
1167,0.006902302914970091,729.9668340323904,14.911893413696955,28498.04783325181,1.0240000486373901,-0.10000000000000003,0.34399999999999986,-0.742,28386.86555066108,65.12700166207958,39.278465453516,646018383.1786997,1024.0,2906
1168,0.007329067623236228,729.9668340323904,14.873358412205793,28498.04783325181,1.0240000486373901,0.09999999999999998,0.34399999999999986,-0.742,28387.439438022844,65.12700166207958,39.278465453516,646018383.1786997,1024.0,2906
1169,0.007601729503598207,729.9668340323904,14.741429993370545,28498.04783325181,1.0240000486373901,0.3,0.34399999999999986,-0.742,28389.392954127088,65.12700166207958,39.278465453516,646018383.1786997,1024.0,2906
1170,0.015564935512076944,290.605030894529,14.045072504609386,28498.04783325181,1.0240000486373901,-0.10000000000000003,0.34599999999999986,-0.742,28399.415802421943,65.00001790851428,39.307402721213926,646018383.1786997,1024.0,2906
1171,0.014281136060011284,290.605030894529,13.84540363673665,28498.04783325181,1.0240000486373901,0.09999999999999998,0.34599999999999986,-0.742,28402.20023231973,65.00001790851428,39.307402721213926,646018383.1786997,1024.0,2906
1172,0.01290331070671286,290.605030894529,13.579310250155153,28498.04783325181,1.0240000486373901,0.3,0.34599999999999986,-0.742,28405.848999816826,65.00001790851428,39.307402721213926,646018383.1786997,1024.0,2906
1173,0.010220128076602884,460.57793515969075,14.664823844974308,28498.04783325181,1.0240000486373901,-0.10000000000000003,0.34599999999999986,-0.742,28390.519304049747,65.00001790851428,39.307402721213926,646018383.1786997,1024.0,2906
1174,0.010110910777484588,460.57793515969075,14.53468274085023,28498.04783325181,1.0240000486373901,0.09999999999999998,0.34599999999999986,-0.742,28392.419332063226,65.00001790851428,39.307402721213926,646018383.1786997,1024.0,2906
1175,0.00981443838971199,460.57793515969075,14.324485335751623,28498.04783325181,1.0240000486373901,0.3,0.34599999999999986,-0.742,28395.45239318473,65.00001790851428,39.307402721213926,646018383.1786997,1024.0,2906
1176,0.0069098673024150245,729.9668340323904,14.852829733143194,28498.04783325181,1.0240000486373901,-0.10000000000000003,0.34599999999999986,-0.742,28387.74455771094,65.00001790851428,39.307402721213926,646018383.1786997,1024.0,2906
1177,0.007347849474434919,729.9668340323904,14.823159177429332,28498.04783325181,1.0240000486373901,0.09999999999999998,0.34599999999999986,-0.742,28388.184809252107,65.00001790851428,39.307402721213926,646018383.1786997,1024.0,2906
1178,0.0076365896495853985,729.9668340323904,14.705828813125125,28498.04783325181,1.0240000486373901,0.3,0.34599999999999986,-0.742,28389.91713271134,65.00001790851428,39.307402721213926,646018383.1786997,1024.0,2906
1179,0.014981745109525756,290.605030894529,13.503972840199216,28498.04783325181,1.0240000486373901,-0.10000000000000003,0.34799999999999986,-0.742,28406.86919201739,64.87329608084339,39.33645362705328,646018383.1786997,1024.0,2906
1180,0.013728008619663943,290.605030894529,13.292668812905134,28498.04783325181,1.0240000486373901,0.09999999999999998,0.34799999999999986,-0.742,28409.70031116702,64.87329608084339,39.33645362705328,646018383.1786997,1024.0,2906
1181,0.012387542572940878,290.605030894529,13.01971763446175,28498.04783325181,1.0240000486373901,0.3,0.34799999999999986,-0.742,28413.291309611253,64.87329608084339,39.33645362705328,646018383.1786997,1024.0,2906
1182,0.009918678939058801,460.57793515969075,14.220684793529184,28498.04783325181,1.0240000486373901,-0.10000000000000003,0.34799999999999986,-0.742,28396.933895253354,64.87329608084339,39.33645362705328,646018383.1786997,1024.0,2906
1183,0.009794231700877383,460.57793515969075,14.064092927058516,28498.04783325181,1.0240000486373901,0.09999999999999998,0.34799999999999986,-0.742,28399.148478321342,64.87329608084339,39.33645362705328,646018383.1786997,1024.0,2906
1184,0.009489046510462604,460.57793515969075,13.831310803362403,28498.04783325181,1.0240000486373901,0.3,0.34799999999999986,-0.742,28402.395253982206,64.87329608084339,39.33645362705328,646018383.1786997,1024.0,2906
1185,0.0067454406801485374,729.9668340323904,14.49390417407544,28498.04783325181,1.0240000486373901,-0.10000000000000003,0.34799999999999986,-0.742,28393.01120414817,64.87329608084339,39.33645362705328,646018383.1786997,1024.0,2906
1186,0.00715677259038361,729.9668340323904,14.427266499983176,28498.04783325181,1.0240000486373901,0.09999999999999998,0.34799999999999986,-0.742,28393.974823921042,64.87329608084339,39.33645362705328,646018383.1786997,1024.0,2906
1187,0.007420900550936102,729.9668340323904,14.275145443142849,28498.04783325181,1.0240000486373901,0.3,0.34799999999999986,-0.742,28396.15794454037,64.87329608084339,39.33645362705328,646018383.1786997,1024.0,2906
1188,0.015258436370509726,290.605030894529,13.875695743659767,28498.04783325181,1.0240000486373901,-0.10000000000000003,0.34399999999999986,-0.74,28401.7803670665,65.06793882519496,39.216131034234984,646018383.1786997,1024.0,2906
1189,0.013941499711068405,290.605030894529,13.634366893287027,28498.04783325181,1.0240000486373901,0.09999999999999998,0.34399999999999986,-0.74,28405.09985296143,65.06793882519496,39.216131034234984,646018383.1786997,1024.0,2906
1190,0.012533536971690871,290.605030894529,13.31984781769764,28498.04783325181,1.0240000486373901,0.3,0.34399999999999986,-0.74,28409.3386603085,65.06793882519496,39.216131034234984,646018383.1786997,1024.0,2906
1191,0.01009120969821596,460.57793515969075,14.554536306766737,28498.04783325181,1.0240000486373901,-0.10000000000000003,0.34399999999999986,-0.74,28392.130569699315,65.06793882519496,39.216131034234984,646018383.1786997,1024.0,2906
1192,0.009946494224679027,460.57793515969075,14.385770689819571,28498.04783325181,1.0240000486373901,0.09999999999999998,0.34399999999999986,-0.74,28394.572634081775,65.06793882519496,39.216131034234984,646018383.1786997,1024.0,2906
1193,0.009610132235378564,460.57793515969075,14.127834665687347,28498.04783325181,1.0240000486373901,0.3,0.34399999999999986,-0.74,28398.249977081312,65.06793882519496,39.216131034234984,646018383.1786997,1024.0,2906
1194,0.00685192636356567,729.9668340323904,14.779301053120726,28498.04783325181,1.0240000486373901,-0.10000000000000003,0.34399999999999986,-0.74,28388.833963442423,65.06793882519496,39.216131034234984,646018383.1786997,1024.0,2906
1195,0.0072628493567607685,729.9668340323904,14.715764762252853,28498.04783325181,1.0240000486373901,0.09999999999999998,0.34399999999999986,-0.74,28389.77096698283,65.06793882519496,39.216131034234984,646018383.1786997,1024.0,2906
1196,0.007516386626222555,729.9668340323904,14.553637663868003,28498.04783325181,1.0240000486373901,0.3,0.34399999999999986,-0.74,28392.143648626232,65.06793882519496,39.216131034234984,646018383.1786997,1024.0,2906
1197,0.015016071518282851,290.605030894529,13.708687137602801,28498.04783325181,1.0240000486373901,-0.10000000000000003,0.34599999999999986,-0.74,28404.083781733472,64.94073426256867,39.24518413968164,646018383.1786997,1024.0,2906
1198,0.013710285133472203,290.605030894529,13.464918933794245,28498.04783325181,1.0240000486373901,0.09999999999999998,0.34599999999999986,-0.74,28407.395812304985,64.94073426256867,39.24518413968164,646018383.1786997,1024.0,2906
1199,0.012316957471704509,290.605030894529,13.148980958764588,28498.04783325181,1.0240000486373901,0.3,0.34599999999999986,-0.74,28411.599983124834,64.94073426256867,39.24518413968164,646018383.1786997,1024.0,2906
1200,0.00996841661984239,460.57793515969075,14.412703958323279,28498.04783325181,1.0240000486373901,-0.10000000000000003,0.34599999999999986,-0.74,28394.184815556677,64.94073426256867,39.24518413968164,646018383.1786997,1024.0,2906
1201,0.009815753639314351,460.57793515969075,14.237131031283452,28498.04783325181,1.0240000486373901,0.09999999999999998,0.34599999999999986,-0.74,28396.699883250843,64.94073426256867,39.24518413968164,646018383.1786997,1024.0,2906
1202,0.009473865011315825,460.57793515969075,13.972969804806738,28498.04783325181,1.0240000486373901,0.3,0.34599999999999986,-0.74,28400.42589066879,64.94073426256867,39.24518413968164,646018383.1786997,1024.0,2906
1203,0.006787931199653783,729.9668340323904,14.664373770532725,28498.04783325181,1.0240000486373901,-0.10000000000000003,0.34599999999999986,-0.74,28390.525904210866,64.94073426256867,39.24518413968164,646018383.1786997,1024.0,2906
1204,0.007186966995430637,729.9668340323904,14.590686556944217,28498.04783325181,1.0240000486373901,0.09999999999999998,0.34599999999999986,-0.74,28391.603766150314,64.94073426256867,39.24518413968164,646018383.1786997,1024.0,2906
1205,0.007428597294872543,729.9668340323904,14.418281204943764,28498.04783325181,1.0240000486373901,0.3,0.34599999999999986,-0.74,28394.104416799393,64.94073426256867,39.24518413968164,646018383.1786997,1024.0,2906
1206,0.015077394156604477,290.605030894529,13.62120813615869,28498.04783325181,1.0240000486373901,-0.10000000000000003,0.34799999999999986,-0.74,28405.279177707533,64.81379324549567,39.274351161459236,646018383.1786997,1024.0,2906
1207,0.01379426367077201,290.605030894529,13.392616585510325,28498.04783325181,1.0240000486373901,0.09999999999999998,0.34799999999999986,-0.74,28408.366743748567,64.81379324549567,39.274351161459236,646018383.1786997,1024.0,2906
1208,0.012423611776371257,290.605030894529,13.09717538339555,28498.04783325181,1.0240000486373901,0.3,0.34799999999999986,-0.74,28412.2798317401,64.81379324549567,39.274351161459236,646018383.1786997,1024.0,2906
1209,0.00998518675203494,460.57793515969075,14.32998286614959,28498.04783325181,1.0240000486373901,-0.10000000000000003,0.34799999999999986,-0.74,28395.37362877974,64.81379324549567,39.274351161459236,646018383.1786997,1024.0,2906
1210,0.009849150225785754,460.57793515969075,14.163626765017373,28498.04783325181,1.0240000486373901,0.09999999999999998,0.34799999999999986,-0.74,28397.743671682452,64.81379324549567,39.274351161459236,646018383.1786997,1024.0,2906
1211,0.009527879242899683,460.57793515969075,13.914828420073816,28498.04783325181,1.0240000486373901,0.3,0.34799999999999986,-0.74,28401.236608271764,64.81379324549567,39.274351161459236,646018383.1786997,1024.0,2906
1212,0.006789017225010403,729.9668340323904,14.58959023301448,28498.04783325181,1.0240000486373901,-0.10000000000000003,0.34799999999999986,-0.74,28391.619761668175,64.81379324549567,39.274351161459236,646018383.1786997,1024.0,2906
1213,0.007198080187675423,729.9668340323904,14.519872987982193,28498.04783325181,1.0240000486373901,0.09999999999999998,0.34799999999999986,-0.74,28392.634477458243,64.81379324549567,39.274351161459236,646018383.1786997,1024.0,2906
1214,0.007455174825011493,729.9668340323904,14.3579413750817,28498.04783325181,1.0240000486373901,0.3,0.34799999999999986,-0.74,28394.97259298667,64.81379324549567,39.274351161459236,646018383.1786997,1024.0,2906
1215,0.008163246392533406,579.833266684221,14.751310512279849,28498.04783325181,1.0240000486373901,-0.20000000000000004,0.34299999999999986,-0.743,28389.24725233696,65.21996946109265,39.29520529513569,646018383.1786997,1024.0,2906
1216,0.008317494560153023,579.833266684221,14.721930633300461,28498.04783325181,1.0240000486373901,-0.10000000000000003,0.34299999999999986,-0.743,28389.680212465955,65.21996946109265,39.29520529513569,646018383.1786997,1024.0,2906
1217,0.008438618650189045,579.833266684221,14.675857719998323,28498.04783325181,1.0240000486373901,-2.7755575615628914e-17,0.34299999999999986,-0.743,28390.357433342993,65.21996946109265,39.29520529513569,646018383.1786997,1024.0,2906
1218,0.006619463686883572,729.9668340323904,14.78354300785953,28498.04783325181,1.0240000486373901,-0.20000000000000004,0.34299999999999986,-0.743,28388.771261319194,65.21996946109265,39.29520529513569,646018383.1786997,1024.0,2906
1219,0.006870323099920304,729.9668340323904,14.781328644742043,28498.04783325181,1.0240000486373901,-0.10000000000000003,0.34299999999999986,-0.743,28388.803994999875,65.21996946109265,39.29520529513569,646018383.1786997,1024.0,2906
1220,0.007097686116561743,729.9668340323904,14.762576419594529,28498.04783325181,1.0240000486373901,-2.7755575615628914e-17,0.34299999999999986,-0.743,28389.081001979626,65.21996946109265,39.29520529513569,646018383.1786997,1024.0,2906
1221,0.005416187350665848,918.9737971303117,14.746093689053017,28498.04783325181,1.0240000486373901,-0.20000000000000004,0.34299999999999986,-0.743,28389.324193708646,65.21996946109265,39.29520529513569,646018383.1786997,1024.0,2906
1222,0.005724175647823648,918.9737971303117,14.77173911762462,28498.04783325181,1.0240000486373901,-0.10000000000000003,0.34299999999999986,-0.743,28388.94569497223,65.21996946109265,39.29520529513569,646018383.1786997,1024.0,2906
1223,0.006019190274922366,918.9737971303117,14.781388463027659,28498.04783325181,1.0240000486373901,-2.7755575615628914e-17,0.34299999999999986,-0.743,28388.803110804347,65.21996946109265,39.29520529513569,646018383.1786997,1024.0,2906
1224,0.008183161740705047,579.833266684221,14.782663731394363,28498.04783325181,1.0240000486373901,-0.20000000000000004,0.34399999999999986,-0.743,28388.78425975407,65.15643492107277,39.30960227135753,646018383.1786997,1024.0,2906
1225,0.008340432121996024,579.833266684221,14.759425777347259,28498.04783325181,1.0240000486373901,-0.10000000000000003,0.34399999999999986,-0.743,28389.1275086133,65.15643492107277,39.30960227135753,646018383.1786997,1024.0,2906
1226,0.00846476325060425,579.833266684221,14.720056888964724,28498.04783325181,1.0240000486373901,-2.7755575615628914e-17,0.34399999999999986,-0.743,28389.70779584463,65.15643492107277,39.30960227135753,646018383.1786997,1024.0,2906
1227,0.006634457234231235,729.9668340323904,14.810779551085202,28498.04783325181,1.0240000486373901,-0.20000000000000004,0.34399999999999986,-0.743,28388.36823779639,65.15643492107277,39.30960227135753,646018383.1786997,1024.0,2906
1228,0.006888019894806277,729.9668340323904,14.814312814902047,28498.04783325181,1.0240000486373901,-0.10000000000000003,0.34399999999999986,-0.743,28388.315901162925,65.15643492107277,39.30960227135753,646018383.1786997,1024.0,2906
1229,0.007118335631543817,729.9668340323904,14.801927866234525,28498.04783325181,1.0240000486373901,-2.7755575615628914e-17,0.34399999999999986,-0.743,28388.499298973205,65.15643492107277,39.30960227135753,646018383.1786997,1024.0,2906
1230,0.005427614022443591,918.9737971303117,14.770140686114893,28498.04783325181,1.0240000486373901,-0.20000000000000004,0.34399999999999986,-0.743,28388.969305307997,65.15643492107277,39.30960227135753,646018383.1786997,1024.0,2906
1231,0.005738006581467962,918.9737971303117,14.80116534634691,28498.04783325181,1.0240000486373901,-0.10000000000000003,0.34399999999999986,-0.743,28388.51058544686,65.15643492107277,39.30960227135753,646018383.1786997,1024.0,2906
1232,0.006035723281273618,918.9737971303117,14.816865323340739,28498.04783325181,1.0240000486373901,-2.7755575615628914e-17,0.34399999999999986,-0.743,28388.278084246802,65.15643492107277,39.30960227135753,646018383.1786997,1024.0,2906
1233,0.008246974417785075,579.833266684221,14.821454729090794,28498.04783325181,1.0240000486373901,-0.20000000000000004,0.34499999999999986,-0.743,28388.210073108567,65.09296555152825,39.324027810112426,646018383.1786997,1024.0,2906
1234,0.0084136822690616,579.833266684221,14.806853897001679,28498.04783325181,1.0240000486373901,-0.10000000000000003,0.34499999999999986,-0.743,28388.426372088234,65.09296555152825,39.324027810112426,646018383.1786997,1024.0,2906
1235,0.008548449354794724,579.833266684221,14.777298228117553,28498.04783325181,1.0240000486373901,-2.7755575615628914e-17,0.34499999999999986,-0.743,28388.863561790447,65.09296555152825,39.324027810112426,646018383.1786997,1024.0,2906
1236,0.00667539995685054,729.9668340323904,14.838396382621552,28498.04783325181,1.0240000486373901,-0.20000000000000004,0.34499999999999986,-0.743,28387.958829647912,65.09296555152825,39.324027810112426,646018383.1786997,1024.0,2906
1237,0.006936911555578061,729.9668340323904,14.849850219995876,28498.04783325181,1.0240000486373901,-0.10000000000000003,0.34499999999999986,-0.743,28387.788807473655,65.09296555152825,39.324027810112426,646018383.1786997,1024.0,2906
1238,0.007176349810083695,729.9668340323904,14.846660863656222,28498.04783325181,1.0240000486373901,-2.7755575615628914e-17,0.34499999999999986,-0.743,28387.8361638516,65.09296555152825,39.324027810112426,646018383.1786997,1024.0,2906
1239,0.005454034676637345,918.9737971303117,14.789108813887957,28498.04783325181,1.0240000486373901,-0.20000000000000004,0.34499999999999986,-0.743,28388.6889634973,65.09296555152825,39.324027810112426,646018383.1786997,1024.0,2906
1240,0.005770905472076735,918.9737971303117,14.827266996115606,28498.04783325181,1.0240000486373901,-0.10000000000000003,0.34499999999999986,-0.743,28388.12390996476,65.09296555152825,39.324027810112426,646018383.1786997,1024.0,2906
1241,0.00607634121438275,918.9737971303117,14.851453202575053,28498.04783325181,1.0240000486373901,-2.7755575615628914e-17,0.34499999999999986,-0.743,28387.765002137672,65.09296555152825,39.324027810112426,646018383.1786997,1024.0,2906
1242,0.008239181738386041,579.833266684221,14.867839516233321,28498.04783325181,1.0240000486373901,-0.20000000000000004,0.34299999999999986,-0.742,28387.521507311576,65.19059162454047,39.26403966945395,646018383.1786997,1024.0,2906
1243,0.008397794939313715,579.833266684221,14.84273629421437,28498.04783325181,1.0240000486373901,-0.10000000000000003,0.34299999999999986,-0.742,28387.894422902016,65.19059162454047,39.26403966945395,646018383.1786997,1024.0,2906
1244,0.008523278183797669,579.833266684221,14.801098950904743,28498.04783325181,1.0240000486373901,-2.7755575615628914e-17,0.34299999999999986,-0.742,28388.511568174574,65.19059162454047,39.26403966945395,646018383.1786997,1024.0,2906
1245,0.006675600988268077,729.9668340323904,14.889831125375116,28498.04783325181,1.0240000486373901,-0.20000000000000004,0.34299999999999986,-0.742,28387.194297780716,65.19059162454047,39.26403966945395,646018383.1786997,1024.0,2906
1246,0.006931120450215306,729.9668340323904,14.892377350363764,28498.04783325181,1.0240000486373901,-0.10000000000000003,0.34299999999999986,-0.742,28387.156381678997,65.19059162454047,39.26403966945395,646018383.1786997,1024.0,2906
1247,0.0071632972607757455,729.9668340323904,14.87857976903766,28498.04783325181,1.0240000486373901,-2.7755575615628914e-17,0.34299999999999986,-0.742,28387.361765280002,65.19059162454047,39.26403966945395,646018383.1786997,1024.0,2906
1248,0.005458168123530805,918.9737971303117,14.842695555327168,28498.04783325181,1.0240000486373901,-0.20000000000000004,0.34299999999999986,-0.742,28387.895027577746,65.19059162454047,39.26403966945395,646018383.1786997,1024.0,2906
1249,0.005770745674368462,918.9737971303117,14.873526281814355,28498.04783325181,1.0240000486373901,-0.10000000000000003,0.34299999999999986,-0.742,28387.4369412239,65.19059162454047,39.26403966945395,646018383.1786997,1024.0,2906
1250,0.006070635373381399,918.9737971303117,14.888596092274591,28498.04783325181,1.0240000486373901,-2.7755575615628914e-17,0.34299999999999986,-0.742,28387.212686452363,65.19059162454047,39.26403966945395,646018383.1786997,1024.0,2906
1251,0.008197428197110902,579.833266684221,14.882597343139793,28498.04783325181,1.0240000486373901,-0.20000000000000004,0.34399999999999986,-0.742,28387.301981412795,65.12700166207958,39.278465453516,646018383.1786997,1024.0,2906
1252,0.008352715963634216,579.833266684221,14.861779216915965,28498.04783325181,1.0240000486373901,-0.10000000000000003,0.34399999999999986,-0.742,28387.611592505633,65.12700166207958,39.278465453516,646018383.1786997,1024.0,2906
1253,0.008474583697713646,579.833266684221,14.824645433004118,28498.04783325181,1.0240000486373901,-2.7755575615628914e-17,0.34399999999999986,-0.742,28388.162777144666,65.12700166207958,39.278465453516,646018383.1786997,1024.0,2906
1254,0.006649761021401552,729.9668340323904,14.90528498092417,28498.04783325181,1.0240000486373901,-0.20000000000000004,0.34399999999999986,-0.742,28386.96407307053,65.12700166207958,39.278465453516,646018383.1786997,1024.0,2906
1255,0.006902302914970091,729.9668340323904,14.911893413696955,28498.04783325181,1.0240000486373901,-0.10000000000000003,0.34399999999999986,-0.742,28386.86555066108,65.12700166207958,39.278465453516,646018383.1786997,1024.0,2906
1256,0.007131087719023974,729.9668340323904,14.902380064774004,28498.04783325181,1.0240000486373901,-2.7755575615628914e-17,0.34399999999999986,-0.742,28387.007367454324,65.12700166207958,39.278465453516,646018383.1786997,1024.0,2906
1257,0.00544237337250148,918.9737971303117,14.858953890530861,28498.04783325181,1.0240000486373901,-0.20000000000000004,0.34399999999999986,-0.742,28387.65357789135,65.12700166207958,39.278465453516,646018383.1786997,1024.0,2906
1258,0.005752541397506659,918.9737971303117,14.893725166522328,28498.04783325181,1.0240000486373901,-0.10000000000000003,0.34399999999999986,-0.742,28387.13630858386,65.12700166207958,39.278465453516,646018383.1786997,1024.0,2906
1259,0.0060495554446284095,918.9737971303117,14.9129681382229,28498.04783325181,1.0240000486373901,-2.7755575615628914e-17,0.34399999999999986,-0.742,28386.849523905985,65.12700166207958,39.278465453516,646018383.1786997,1024.0,2906
1260,0.008278079578737847,579.833266684221,14.911781307211221,28498.04783325181,1.0240000486373901,-0.20000000000000004,0.34499999999999986,-0.742,28386.867222374764,65.06347707167774,39.29291983549987,646018383.1786997,1024.0,2906
1261,0.00844383432791182,579.833266684221,14.897947644627653,28498.04783325181,1.0240000486373901,-0.10000000000000003,0.34499999999999986,-0.742,28387.073411240777,65.06347707167774,39.29291983549987,646018383.1786997,1024.0,2906
1262,0.008577122079335257,579.833266684221,14.868657726488276,28498.04783325181,1.0240000486373901,-2.7755575615628914e-17,0.34499999999999986,-0.742,28387.50934195808,65.06347707167774,39.29291983549987,646018383.1786997,1024.0,2906
1263,0.006701319639739615,729.9668340323904,14.922798388963336,28498.04783325181,1.0240000486373901,-0.20000000000000004,0.34499999999999986,-0.742,28386.702877372987,65.06347707167774,39.29291983549987,646018383.1786997,1024.0,2906
1264,0.006962867175487739,729.9668340323904,14.935882214854951,28498.04783325181,1.0240000486373901,-0.10000000000000003,0.34499999999999986,-0.742,28386.5075444838,65.06347707167774,39.29291983549987,646018383.1786997,1024.0,2906
1265,0.007201855194000468,729.9668340323904,14.933819277783648,28498.04783325181,1.0240000486373901,-2.7755575615628914e-17,0.34499999999999986,-0.742,28386.53835414106,65.06347707167774,39.29291983549987,646018383.1786997,1024.0,2906
1266,0.005475392752358908,918.9737971303117,14.867402735104584,28498.04783325181,1.0240000486373901,-0.20000000000000004,0.34499999999999986,-0.742,28387.528001207913,65.06347707167774,39.29291983549987,646018383.1786997,1024.0,2906
1267,0.0057929776359732605,918.9737971303117,14.907991401000508,28498.04783325181,1.0240000486373901,-0.10000000000000003,0.34499999999999986,-0.742,28386.923729445658,65.06347707167774,39.29291983549987,646018383.1786997,1024.0,2906
1268,0.00609872001948282,918.9737971303117,14.93412304901084,28498.04783325181,1.0240000486373901,-2.7755575615628914e-17,0.34499999999999986,-0.742,28386.533817630312,65.06347707167774,39.29291983549987,646018383.1786997,1024.0,2906
1269,0.008275036455485246,579.833266684221,14.885562235525134,28498.04783325181,1.0240000486373901,-0.20000000000000004,0.34299999999999986,-0.741,28387.257851717965,65.16114847173968,39.23285370812753,646018383.1786997,1024.0,2906
1270,0.008437837045396853,579.833266684221,14.863707126123538,28498.04783325181,1.0240000486373901,-0.10000000000000003,0.34299999999999986,-0.741,28387.582938486223,65.16114847173968,39.23285370812753,646018383.1786997,1024.0,2906
1271,0.00856774124401684,579.833266684221,14.825505132884759,28498.04783325181,1.0240000486373901,-2.7755575615628914e-17,0.34299999999999986,-0.741,28388.150032029214,65.16114847173968,39.23285370812753,646018383.1786997,1024.0,2906
1272,0.006698285421410414,729.9668340323904,14.900600724765603,28498.04783325181,1.0240000486373901,-0.20000000000000004,0.34299999999999986,-0.741,28387.033882272368,65.16114847173968,39.23285370812753,646018383.1786997,1024.0,2906
1273,0.006957541979957938,729.9668340323904,14.906365874880805,28498.04783325181,1.0240000486373901,-0.10000000000000003,0.34299999999999986,-0.741,28386.947961453905,65.16114847173968,39.23285370812753,646018383.1786997,1024.0,2906
1274,0.007193828592434243,729.9668340323904,14.896046873011372,28498.04783325181,1.0240000486373901,-2.7755575615628914e-17,0.34299999999999986,-0.741,28387.101727030335,65.16114847173968,39.23285370812753,646018383.1786997,1024.0,2906
1275,0.005472454517137982,918.9737971303117,14.84794463307914,28498.04783325181,1.0240000486373901,-0.20000000000000004,0.34299999999999986,-0.741,28387.81710333832,65.16114847173968,39.23285370812753,646018383.1786997,1024.0,2906
1276,0.005788180336762169,918.9737971303117,14.881840147541912,28498.04783325181,1.0240000486373901,-0.10000000000000003,0.34299999999999986,-0.741,28387.313250163315,65.16114847173968,39.23285370812753,646018383.1786997,1024.0,2906
1277,0.006091673409905291,918.9737971303117,14.900302292868357,28498.04783325181,1.0240000486373901,-2.7755575615628914e-17,0.34299999999999986,-0.741,28387.03832904238,65.16114847173968,39.23285370812753,646018383.1786997,1024.0,2906
1278,0.008251789171470769,579.833266684221,14.891274186291064,28498.04783325181,1.0240000486373901,-0.20000000000000004,0.34399999999999986,-0.741,28387.17280980616,65.09750303090098,39.247308365770294,646018383.1786997,1024.0,2906
1279,0.008411735685028817,579.833266684221,14.870655471162188,28498.04783325181,1.0240000486373901,-0.10000000000000003,0.34399999999999986,-0.741,28387.479636180808,65.09750303090098,39.247308365770294,646018383.1786997,1024.0,2906
1280,0.0085384317244328,579.833266684221,14.833617812568141,28498.04783325181,1.0240000486373901,-2.7755575615628914e-17,0.34399999999999986,-0.741,28388.02972454714,65.09750303090098,39.247308365770294,646018383.1786997,1024.0,2906
1281,0.006685059176067632,729.9668340323904,14.908581381158438,28498.04783325181,1.0240000486373901,-0.20000000000000004,0.34399999999999986,-0.741,28386.9149338525,65.09750303090098,39.247308365770294,646018383.1786997,1024.0,2906
1282,0.006941986505097721,729.9668340323904,14.915576158355638,28498.04783325181,1.0240000486373901,-0.10000000000000003,0.34399999999999986,-0.741,28386.810627183957,65.09750303090098,39.247308365770294,646018383.1786997,1024.0,2906
1283,0.007175519075508387,729.9668340323904,14.906406920866873,28498.04783325181,1.0240000486373901,-2.7755575615628914e-17,0.34399999999999986,-0.741,28386.947349606577,65.09750303090098,39.247308365770294,646018383.1786997,1024.0,2906
1284,0.005465251680543218,918.9737971303117,14.857757324396813,28498.04783325181,1.0240000486373901,-0.20000000000000004,0.34399999999999986,-0.741,28387.671356896477,65.09750303090098,39.247308365770294,646018383.1786997,1024.0,2906
1285,0.005779222939318618,918.9737971303117,14.892942929582102,28498.04783325181,1.0240000486373901,-0.10000000000000003,0.34399999999999986,-0.741,28387.147958699916,65.09750303090098,39.247308365770294,646018383.1786997,1024.0,2906
1286,0.00608052311258838,918.9737971303117,14.912616345799547,28498.04783325181,1.0240000486373901,-2.7755575615628914e-17,0.34399999999999986,-0.741,28386.854770113307,65.09750303090098,39.247308365770294,646018383.1786997,1024.0,2906
1287,0.008263213984927742,579.833266684221,14.88959995990691,28498.04783325181,1.0240000486373901,-0.20000000000000004,0.34499999999999986,-0.741,28387.19773976878,65.0339231644629,39.26179165671364,646018383.1786997,1024.0,2906
1288,0.008426614383052602,579.833266684221,14.87330100244734,28498.04783325181,1.0240000486373901,-0.10000000000000003,0.34499999999999986,-0.741,28387.44029189711,65.0339231644629,39.26179165671364,646018383.1786997,1024.0,2906
1289,0.008557193349747045,579.833266684221,14.841052692082568,28498.04783325181,1.0240000486373901,-2.7755575615628914e-17,0.34499999999999986,-0.741,28387.919410747225,65.0339231644629,39.26179165671364,646018383.1786997,1024.0,2906
1290,0.006690319524273023,729.9668340323904,14.90173599426362,28498.04783325181,1.0240000486373901,-0.20000000000000004,0.34499999999999986,-0.741,28387.016965430445,65.0339231644629,39.26179165671364,646018383.1786997,1024.0,2906
1291,0.006949957114118014,729.9668340323904,14.912677005006215,28498.04783325181,1.0240000486373901,-0.10000000000000003,0.34499999999999986,-0.741,28386.85386552399,65.0339231644629,39.26179165671364,646018383.1786997,1024.0,2906
1292,0.007186675612491828,729.9668340323904,14.907979302490867,28498.04783325181,1.0240000486373901,-2.7755575615628914e-17,0.34499999999999986,-0.741,28386.923909810062,65.0339231644629,39.26179165671364,646018383.1786997,1024.0,2906
1293,0.005467017434449448,918.9737971303117,14.847315611156112,28498.04783325181,1.0240000486373901,-0.20000000000000004,0.34499999999999986,-0.741,28387.82644282317,65.0339231644629,39.26179165671364,646018383.1786997,1024.0,2906
1294,0.005783035451361657,918.9737971303117,14.886009857037243,28498.04783325181,1.0240000486373901,-0.10000000000000003,0.34499999999999986,-0.741,28387.251188519906,65.0339231644629,39.26179165671364,646018383.1786997,1024.0,2906
1295,0.006086866464680399,918.9737971303117,14.909766332148362,28498.04783325181,1.0240000486373901,-2.7755575615628914e-17,0.34499999999999986,-0.741,28386.897267212178,65.0339231644629,39.26179165671364,646018383.1786997,1024.0,2906
1296,0.015044917594074045,290.605030894529,13.412658056236348,28498.047833335684,1.0240000486373901,-0.10000000000000003,0.31799999999999984,-0.759,28408.098135268923,67.26766451313631,39.45180685360346,646018383.1786997,1024.0,2906
1297,0.01374520531531853,290.605030894529,13.143742715298679,28498.047833335684,1.0240000486373901,0.09999999999999998,0.31799999999999984,-0.759,28411.6688470527,67.26766451313631,39.45180685360346,646018383.1786997,1024.0,2906
1298,0.012359917852147715,290.605030894529,12.805122499577259,28498.047833335684,1.0240000486373901,0.3,0.31799999999999984,-0.759,28416.062252221094,67.26766451313631,39.45180685360346,646018383.1786997,1024.0,2906
1299,0.009964452160982079,460.57793515969075,14.17448437647558,28498.047833335684,1.0240000486373901,-0.10000000000000003,0.31799999999999984,-0.759,28397.58982966621,67.26766451313631,39.45180685360346,646018383.1786997,1024.0,2906
1300,0.009818408540334883,460.57793515969075,13.970187188160393,28498.047833335684,1.0240000486373901,0.09999999999999998,0.31799999999999984,-0.759,28400.464768299564,67.26766451313631,39.45180685360346,646018383.1786997,1024.0,2906
1301,0.009487440796877657,460.57793515969075,13.678933981449815,28498.047833335684,1.0240000486373901,0.3,0.31799999999999984,-0.759,28404.491215901253,67.26766451313631,39.45180685360346,646018383.1786997,1024.0,2906
1302,0.006772513245131776,729.9668340323904,14.466763885501505,28498.047833335684,1.0240000486373901,-0.10000000000000003,0.31799999999999984,-0.759,28393.40420467626,67.26766451313631,39.45180685360346,646018383.1786997,1024.0,2906
1303,0.007173760253493634,729.9668340323904,14.36125947008167,28498.047833335684,1.0240000486373901,0.09999999999999998,0.31799999999999984,-0.759,28394.92494655218,67.26766451313631,39.45180685360346,646018383.1786997,1024.0,2906
1304,0.00742279057812001,729.9668340323904,14.157786091263368,28498.047833335684,1.0240000486373901,0.3,0.31799999999999984,-0.759,28397.8263798327,67.26766451313631,39.45180685360346,646018383.1786997,1024.0,2906
1305,0.015782401218369834,290.605030894529,13.957559886754115,28498.047833335684,1.0240000486373901,-0.10000000000000003,0.31999999999999984,-0.759,28400.64109433952,67.13935293578642,39.478269149902914,646018383.1786997,1024.0,2906
1306,0.014489245714722616,290.605030894529,13.742686110595786,28498.047833335684,1.0240000486373901,0.09999999999999998,0.31999999999999984,-0.759,28403.617122568503,67.13935293578642,39.478269149902914,646018383.1786997,1024.0,2906
1307,0.01309941056263463,290.605030894529,13.459297517825409,28498.047833335684,1.0240000486373901,0.3,0.31999999999999984,-0.759,28407.471488499014,67.13935293578642,39.478269149902914,646018383.1786997,1024.0,2906
1308,0.010311638913668824,460.57793515969075,14.577525862716008,28498.047833335684,1.0240000486373901,-0.10000000000000003,0.31999999999999984,-0.759,28391.795703196607,67.13935293578642,39.478269149902914,646018383.1786997,1024.0,2906
1309,0.010212137039614544,460.57793515969075,14.436531269359653,28498.047833335684,1.0240000486373901,0.09999999999999998,0.31999999999999984,-0.759,28393.841115790085,67.13935293578642,39.478269149902914,646018383.1786997,1024.0,2906
1310,0.009924645060695573,460.57793515969075,14.213219396910803,28498.047833335684,1.0240000486373901,0.3,0.31999999999999984,-0.759,28397.040030523323,67.13935293578642,39.478269149902914,646018383.1786997,1024.0,2906
1311,0.006946340930785046,729.9668340323904,14.76551707777269,28498.047833335684,1.0240000486373901,-0.10000000000000003,0.31999999999999984,-0.759,28389.037586048686,67.13935293578642,39.478269149902914,646018383.1786997,1024.0,2906
1312,0.007395183782602085,729.9668340323904,14.72632662519692,28498.047833335684,1.0240000486373901,0.09999999999999998,0.31999999999999984,-0.759,28389.615485399692,67.13935293578642,39.478269149902914,646018383.1786997,1024.0,2906
1313,0.007696761867619116,729.9668340323904,14.59756347331038,28498.047833335684,1.0240000486373901,0.3,0.31999999999999984,-0.759,28391.50340365702,67.13935293578642,39.478269149902914,646018383.1786997,1024.0,2906
1314,0.015977206602030208,290.605030894529,14.100668904890963,28498.047833335684,1.0240000486373901,-0.10000000000000003,0.32199999999999984,-0.759,28398.633401553005,67.01128319791938,39.504851968419494,646018383.1786997,1024.0,2906
1315,0.014696678547679065,290.605030894529,13.912170139743354,28498.047833335684,1.0240000486373901,0.09999999999999998,0.32199999999999984,-0.759,28401.2735943371,67.01128319791938,39.504851968419494,646018383.1786997,1024.0,2906
1316,0.013316230655396407,290.605030894529,13.656934009733734,28498.047833335684,1.0240000486373901,0.3,0.32199999999999984,-0.759,28404.791910062573,67.01128319791938,39.504851968419494,646018383.1786997,1024.0,2906
1317,0.01040058687369763,460.57793515969075,14.675252704467404,28498.047833335684,1.0240000486373901,-0.10000000000000003,0.32199999999999984,-0.759,28390.366312365695,67.01128319791938,39.504851968419494,646018383.1786997,1024.0,2906
1318,0.010319160388333326,460.57793515969075,14.560692947536896,28498.047833335684,1.0240000486373901,0.09999999999999998,0.32199999999999984,-0.759,28392.04094377946,67.01128319791938,39.504851968419494,646018383.1786997,1024.0,2906
1319,0.010049991526439237,460.57793515969075,14.367118441051716,28498.047833335684,1.0240000486373901,0.3,0.32199999999999984,-0.759,28394.84078718608,67.01128319791938,39.504851968419494,646018383.1786997,1024.0,2906
1320,0.006990601365804474,729.9668340323904,14.834513739271323,28498.047833335684,1.0240000486373901,-0.10000000000000003,0.32199999999999984,-0.759,28388.01643439537,67.01128319791938,39.504851968419494,646018383.1786997,1024.0,2906
1321,0.007455056800128889,729.9668340323904,14.82026045946728,28498.047833335684,1.0240000486373901,0.09999999999999998,0.32199999999999984,-0.759,28388.22777329246,67.01128319791938,39.504851968419494,646018383.1786997,1024.0,2906
1322,0.007774917852884388,729.9668340323904,14.721081630027816,28498.047833335684,1.0240000486373901,0.3,0.32199999999999984,-0.759,28389.692711156713,67.01128319791938,39.504851968419494,646018383.1786997,1024.0,2906
1323,0.015044239859514185,290.605030894529,13.452563800866965,28498.047833335684,1.0240000486373901,-0.10000000000000003,0.31799999999999984,-0.757,28407.562096927486,67.21373406159793,39.38874662668042,646018383.1786997,1024.0,2906
1324,0.013741052968314498,290.605030894529,13.179083548785218,28498.047833335684,1.0240000486373901,0.09999999999999998,0.31799999999999984,-0.757,28411.203711742754,67.21373406159793,39.38874662668042,646018383.1786997,1024.0,2906
1325,0.012353110698959667,290.605030894529,12.83469518864586,28498.047833335684,1.0240000486373901,0.3,0.31799999999999984,-0.757,28415.68313304296,67.21373406159793,39.38874662668042,646018383.1786997,1024.0,2906
1326,0.009963309379537377,460.57793515969075,14.207949232713943,28498.047833335684,1.0240000486373901,-0.10000000000000003,0.31799999999999984,-0.757,28397.114922635996,67.21373406159793,39.38874662668042,646018383.1786997,1024.0,2906
1327,0.009814823092323907,460.57793515969075,14.00124896287573,28498.047833335684,1.0240000486373901,0.09999999999999998,0.31799999999999984,-0.757,28400.03034707547,67.21373406159793,39.38874662668042,646018383.1786997,1024.0,2906
1328,0.009481412969490233,460.57793515969075,13.706073501786907,28498.047833335684,1.0240000486373901,0.3,0.31799999999999984,-0.757,28404.11960791749,67.21373406159793,39.38874662668042,646018383.1786997,1024.0,2906
1329,0.006771822760249542,729.9668340323904,14.492744524086858,28498.047833335684,1.0240000486373901,-0.10000000000000003,0.31799999999999984,-0.757,28393.02801141546,67.21373406159793,39.38874662668042,646018383.1786997,1024.0,2906
1330,0.007171390178950586,729.9668340323904,14.386897353108441,28498.047833335684,1.0240000486373901,0.09999999999999998,0.31799999999999984,-0.757,28394.556425611245,67.21373406159793,39.38874662668042,646018383.1786997,1024.0,2906
1331,0.007418225405195245,729.9668340323904,14.18132298848014,28498.047833335684,1.0240000486373901,0.3,0.31799999999999984,-0.757,28397.492872483886,67.21373406159793,39.38874662668042,646018383.1786997,1024.0,2906
1332,0.015681223883077928,290.605030894529,14.03884170861147,28498.047833335684,1.0240000486373901,-0.10000000000000003,0.31999999999999984,-0.757,28399.50329507596,67.08518559139148,39.41531631901045,646018383.1786997,1024.0,2906
1333,0.014382586235118566,290.605030894529,13.816576593488879,28498.047833335684,1.0240000486373901,0.09999999999999998,0.31999999999999984,-0.757,28402.59893895381,67.08518559139148,39.41531631901045,646018383.1786997,1024.0,2906
1334,0.012990171183891121,290.605030894529,13.525108086466929,28498.047833335684,1.0240000486373901,0.3,0.31999999999999984,-0.757,28406.583558960378,67.08518559139148,39.41531631901045,646018383.1786997,1024.0,2906
1335,0.01027594514464869,460.57793515969075,14.665803626633645,28498.047833335684,1.0240000486373901,-0.10000000000000003,0.31999999999999984,-0.757,28390.504935328194,67.08518559139148,39.41531631901045,646018383.1786997,1024.0,2906
1336,0.010164824965700084,460.57793515969075,14.518050441925553,28498.047833335684,1.0240000486373901,0.09999999999999998,0.31999999999999984,-0.757,28392.660939018537,67.08518559139148,39.41531631901045,646018383.1786997,1024.0,2906
1337,0.00986596615013067,460.57793515969075,14.286510870752467,28498.047833335684,1.0240000486373901,0.3,0.31999999999999984,-0.757,28395.99563690562,67.08518559139148,39.41531631901045,646018383.1786997,1024.0,2906
1338,0.006937178026461267,729.9668340323904,14.853325870152156,28498.047833335684,1.0240000486373901,-0.10000000000000003,0.31999999999999984,-0.757,28387.73718863322,67.08518559139148,39.41531631901045,646018383.1786997,1024.0,2906
1339,0.007376498512444458,729.9668340323904,14.8098561193135,28498.047833335684,1.0240000486373901,0.09999999999999998,0.31999999999999984,-0.757,28388.3819141983,67.08518559139148,39.41531631901045,646018383.1786997,1024.0,2906
1340,0.007666458507856904,729.9668340323904,14.67440752506569,28498.047833335684,1.0240000486373901,0.3,0.31999999999999984,-0.757,28390.378715229832,67.08518559139148,39.41531631901045,646018383.1786997,1024.0,2906
1341,0.01615067674125806,290.605030894529,14.314451368364896,28498.047833335684,1.0240000486373901,-0.10000000000000003,0.32199999999999984,-0.757,28395.596074347042,66.95688049371624,39.44200687284297,646018383.1786997,1024.0,2906
1342,0.01487762723373356,290.605030894529,14.139725986238934,28498.047833335684,1.0240000486373901,0.09999999999999998,0.32199999999999984,-0.757,28398.081907852724,66.95688049371624,39.44200687284297,646018383.1786997,1024.0,2906
1343,0.01350379541403681,290.605030894529,13.90027548810836,28498.047833335684,1.0240000486373901,0.3,0.32199999999999984,-0.757,28401.43900401303,66.95688049371624,39.44200687284297,646018383.1786997,1024.0,2906
1344,0.010484106491996603,460.57793515969075,14.851814682182791,28498.047833335684,1.0240000486373901,-0.10000000000000003,0.32199999999999984,-0.757,28387.759633658734,66.95688049371624,39.44200687284297,646018383.1786997,1024.0,2906
1345,0.01041451632881019,460.57793515969075,14.752639684313992,28498.047833335684,1.0240000486373901,0.09999999999999998,0.32199999999999984,-0.757,28389.227644508086,66.95688049371624,39.44200687284297,646018383.1786997,1024.0,2906
1346,0.01015862235191344,460.57793515969075,14.577134954334737,28498.047833335684,1.0240000486373901,0.3,0.32199999999999984,-0.757,28391.80140159724,66.95688049371624,39.44200687284297,646018383.1786997,1024.0,2906
1347,0.007035586194666473,729.9668340323904,14.979780422386925,28498.047833335684,1.0240000486373901,-0.10000000000000003,0.32199999999999984,-0.757,28385.85092258422,66.95688049371624,39.44200687284297,646018383.1786997,1024.0,2906
1348,0.007510686523496412,729.9668340323904,14.982304481913534,28498.047833335684,1.0240000486373901,0.09999999999999998,0.32199999999999984,-0.757,28385.8131095413,66.95688049371624,39.44200687284297,646018383.1786997,1024.0,2906
1349,0.007843650412283267,729.9668340323904,14.902997063265499,28498.047833335684,1.0240000486373901,0.3,0.32199999999999984,-0.757,28386.998172601834,66.95688049371624,39.44200687284297,646018383.1786997,1024.0,2906
1350,0.014532102254325703,290.605030894529,13.069985393362451,28498.047833335684,1.0240000486373901,-0.10000000000000003,0.31799999999999984,-0.755,28412.63557424433,67.15956084023094,39.32559727329484,646018383.1786997,1024.0,2906
1351,0.013234777850149275,290.605030894529,12.780173725795338,28498.047833335684,1.0240000486373901,0.09999999999999998,0.31799999999999984,-0.755,28416.38141310493,67.15956084023094,39.32559727329484,646018383.1786997,1024.0,2906
1352,0.0118580285517017,290.605030894529,12.41966788197821,28498.047833335684,1.0240000486373901,0.3,0.31799999999999984,-0.755,28420.923758186364,67.15956084023094,39.32559727329484,646018383.1786997,1024.0,2906
1353,0.009717225385242438,460.57793515969075,13.900823371357129,28498.047833335684,1.0240000486373901,-0.10000000000000003,0.31799999999999984,-0.755,28401.43138813485,67.15956084023094,39.32559727329484,646018383.1786997,1024.0,2906
1354,0.009543058333869939,460.57793515969075,13.669096912898668,28498.047833335684,1.0240000486373901,0.09999999999999998,0.31799999999999984,-0.755,28404.625728128576,67.15956084023094,39.32559727329484,646018383.1786997,1024.0,2906
1355,0.009185457997758816,460.57793515969075,13.347954111851918,28498.047833335684,1.0240000486373901,0.3,0.31799999999999984,-0.755,28408.963893849632,67.15956084023094,39.32559727329484,646018383.1786997,1024.0,2906
1356,0.0066474843236824805,729.9668340323904,14.249645333973497,28498.047833335684,1.0240000486373901,-0.10000000000000003,0.31799999999999984,-0.755,28396.521637263668,67.15956084023094,39.32559727329484,646018383.1786997,1024.0,2906
1357,0.0070182291102333936,729.9668340323904,14.113499517739257,28498.047833335684,1.0240000486373901,0.09999999999999998,0.31799999999999984,-0.755,28398.45239901707,67.15956084023094,39.32559727329484,646018383.1786997,1024.0,2906
1358,0.00723308617335235,729.9668340323904,13.87517575910565,28498.047833335684,1.0240000486373901,0.3,0.31799999999999984,-0.755,28401.787582162648,67.15956084023094,39.32559727329484,646018383.1786997,1024.0,2906
1359,0.015322213805873786,290.605030894529,13.673670925417259,28498.047833335684,1.0240000486373901,-0.10000000000000003,0.31999999999999984,-0.755,28404.563195047383,67.0307748724568,39.352274867730195,646018383.1786997,1024.0,2906
1360,0.014042815078435359,290.605030894529,13.446869301250048,28498.047833335684,1.0240000486373901,0.09999999999999998,0.31999999999999984,-0.755,28407.638686333234,67.0307748724568,39.352274867730195,646018383.1786997,1024.0,2906
1361,0.012674212065466876,290.605030894529,13.154393276272089,28498.047833335684,1.0240000486373901,0.3,0.31999999999999984,-0.755,28411.528802102268,67.0307748724568,39.352274867730195,646018383.1786997,1024.0,2906
1362,0.010092767503893181,460.57793515969075,14.358199438170091,28498.047833335684,1.0240000486373901,-0.10000000000000003,0.31999999999999984,-0.755,28394.96888778255,67.0307748724568,39.352274867730195,646018383.1786997,1024.0,2906
1363,0.009972387452758977,460.57793515969075,14.196113700595282,28498.047833335684,1.0240000486373901,0.09999999999999998,0.31999999999999984,-0.755,28397.28301123557,67.0307748724568,39.352274867730195,646018383.1786997,1024.0,2906
1364,0.009668359128549435,460.57793515969075,13.953315690357256,28498.047833335684,1.0240000486373901,0.3,0.31999999999999984,-0.755,28400.7003239583,67.0307748724568,39.352274867730195,646018383.1786997,1024.0,2906
1365,0.006838695139499507,729.9668340323904,14.598327237313372,28498.047833335684,1.0240000486373901,-0.10000000000000003,0.31999999999999984,-0.755,28391.49225427184,67.0307748724568,39.352274867730195,646018383.1786997,1024.0,2906
1366,0.007261825391193613,729.9668340323904,14.533415099055574,28498.047833335684,1.0240000486373901,0.09999999999999998,0.31999999999999984,-0.755,28392.437756114956,67.0307748724568,39.352274867730195,646018383.1786997,1024.0,2906
1367,0.0075368594027178685,729.9668340323904,14.378574800100509,28498.047833335684,1.0240000486373901,0.3,0.31999999999999984,-0.755,28394.67612669464,67.0307748724568,39.352274867730195,646018383.1786997,1024.0,2906
1368,0.015426451298341666,290.605030894529,13.759840454829924,28498.047833335684,1.0240000486373901,-0.10000000000000003,0.32199999999999984,-0.755,28403.381228664497,66.90223382231335,39.37907366328622,646018383.1786997,1024.0,2906
1369,0.014164031905678704,290.605030894529,13.55849965388622,28498.047833335684,1.0240000486373901,0.09999999999999998,0.32199999999999984,-0.755,28406.131376903468,66.90223382231335,39.37907366328622,646018383.1786997,1024.0,2906
1370,0.012808863591230504,290.605030894529,13.293371886253743,28498.047833335684,1.0240000486373901,0.3,0.32199999999999984,-0.755,28409.690965282563,66.90223382231335,39.37907366328622,646018383.1786997,1024.0,2906
1371,0.010131979716555717,460.57793515969075,14.405792944674717,28498.047833335684,1.0240000486373901,-0.10000000000000003,0.32199999999999984,-0.755,28394.284398153264,66.90223382231335,39.37907366328622,646018383.1786997,1024.0,2906
1372,0.010027744813090433,460.57793515969075,14.268072953564824,28498.047833335684,1.0240000486373901,0.09999999999999998,0.32199999999999984,-0.755,28396.25888043156,66.90223382231335,39.37907366328622,646018383.1786997,1024.0,2906
1373,0.009740409682359551,460.57793515969075,14.05323848610145,28498.047833335684,1.0240000486373901,0.3,0.32199999999999984,-0.755,28399.301077362063,66.90223382231335,39.37907366328622,646018383.1786997,1024.0,2906
1374,0.006855211823269787,729.9668340323904,14.62606050583969,28498.047833335684,1.0240000486373901,-0.10000000000000003,0.32199999999999984,-0.755,28391.087010375442,66.90223382231335,39.37907366328622,646018383.1786997,1024.0,2906
1375,0.007290030099021851,729.9668340323904,14.582519900520378,28498.047833335684,1.0240000486373901,0.09999999999999998,0.32199999999999984,-0.755,28391.722890011148,66.90223382231335,39.37907366328622,646018383.1786997,1024.0,2906
1376,0.007579454158227845,729.9668340323904,14.45408516918702,28498.047833335684,1.0240000486373901,0.3,0.32199999999999984,-0.755,28393.587544296628,66.90223382231335,39.37907366328622,646018383.1786997,1024.0,2906
1377,0.008676906205170424,579.833266684221,14.886381046819135,28498.047833335684,1.0240000486373901,-2.7755575615628914e-17,0.32099999999999984,-0.758,28387.245663000136,67.04817555457865,39.46010709083471,646018383.1786997,1024.0,2906
1378,0.008782258829179776,579.833266684221,14.84519667087686,28498.047833335684,1.0240000486373901,0.09999999999999998,0.32099999999999984,-0.758,28387.857901237177,67.04817555457865,39.46010709083471,646018383.1786997,1024.0,2906
1379,0.00884388543483268,579.833266684221,14.783141929267275,28498.047833335684,1.0240000486373901,0.19999999999999998,0.32099999999999984,-0.758,28388.777190685254,67.04817555457865,39.46010709083471,646018383.1786997,1024.0,2906
1380,0.007273941471489243,729.9668340323904,14.943470399897818,28498.047833335684,1.0240000486373901,-2.7755575615628914e-17,0.32099999999999984,-0.758,28386.394179539373,67.04817555457865,39.46010709083471,646018383.1786997,1024.0,2906
1381,0.007493169691070584,729.9668340323904,14.929160520706617,28498.047833335684,1.0240000486373901,0.09999999999999998,0.32099999999999984,-0.758,28386.60791640917,67.04817555457865,39.46010709083471,646018383.1786997,1024.0,2906
1382,0.007676188499838596,729.9668340323904,14.89342766181332,28498.047833335684,1.0240000486373901,0.19999999999999998,0.32099999999999984,-0.758,28387.14073957685,67.04817555457865,39.46010709083471,646018383.1786997,1024.0,2906
1383,0.006151675511689089,918.9737971303117,14.937831406324003,28498.047833335684,1.0240000486373901,-2.7755575615628914e-17,0.32099999999999984,-0.758,28386.478429773804,67.04817555457865,39.46010709083471,646018383.1786997,1024.0,2906
1384,0.006446907962095642,918.9737971303117,14.951583800882888,28498.047833335684,1.0240000486373901,0.09999999999999998,0.32099999999999984,-0.758,28386.272904258272,67.04817555457865,39.46010709083471,646018383.1786997,1024.0,2906
1385,0.00671530699600562,918.9737971303117,14.943724008502116,28498.047833335684,1.0240000486373901,0.19999999999999998,0.32099999999999984,-0.758,28386.390389714543,67.04817555457865,39.46010709083471,646018383.1786997,1024.0,2906
1386,0.008641312404565327,579.833266684221,14.868398554568003,28498.047833335684,1.0240000486373901,-2.7755575615628914e-17,0.32199999999999984,-0.758,28387.513195546944,66.9841122456447,39.47344044439265,646018383.1786997,1024.0,2906
1387,0.008744905667585757,579.833266684221,14.829822844911272,28498.047833335684,1.0240000486373901,0.09999999999999998,0.32199999999999984,-0.758,28388.086010529958,66.9841122456447,39.47344044439265,646018383.1786997,1024.0,2906
1388,0.008804840961285537,579.833266684221,14.770783046222547,28498.047833335684,1.0240000486373901,0.19999999999999998,0.32199999999999984,-0.758,28388.959817436396,66.9841122456447,39.47344044439265,646018383.1786997,1024.0,2906
1389,0.007249928193925007,729.9668340323904,14.929131787396917,28498.047833335684,1.0240000486373901,-2.7755575615628914e-17,0.32199999999999984,-0.758,28386.60834537295,66.9841122456447,39.47344044439265,646018383.1786997,1024.0,2906
1390,0.0074671327083986406,729.9668340323904,14.916905694776789,28498.047833335684,1.0240000486373901,0.09999999999999998,0.32199999999999984,-0.758,28386.790795582252,66.9841122456447,39.47344044439265,646018383.1786997,1024.0,2906
1391,0.007648072563974468,729.9668340323904,14.883645370515408,28498.047833335684,1.0240000486373901,0.19999999999999998,0.32199999999999984,-0.758,28387.28638357805,66.9841122456447,39.47344044439265,646018383.1786997,1024.0,2906
1392,0.006135556152623308,918.9737971303117,14.927001315434934,28498.047833335684,1.0240000486373901,-2.7755575615628914e-17,0.32199999999999984,-0.758,28386.640149200186,66.9841122456447,39.47344044439265,646018383.1786997,1024.0,2906
1393,0.006428823272019674,918.9737971303117,14.942451818224544,28498.047833335684,1.0240000486373901,0.09999999999999998,0.32199999999999984,-0.758,28386.409400165703,66.9841122456447,39.47344044439265,646018383.1786997,1024.0,2906
1394,0.006695103559277258,918.9737971303117,14.936652449114973,28498.047833335684,1.0240000486373901,0.19999999999999998,0.32199999999999984,-0.758,28386.496040142858,66.9841122456447,39.47344044439265,646018383.1786997,1024.0,2906
1395,0.00864827450813187,579.833266684221,14.816758549710757,28498.047833335684,1.0240000486373901,-2.7755575615628914e-17,0.32299999999999984,-0.758,28388.27966637547,66.9201097362401,39.48680379311303,646018383.1786997,1024.0,2906
1396,0.00875662724348248,579.833266684221,14.779912988606833,28498.047833335684,1.0240000486373901,0.09999999999999998,0.32299999999999984,-0.758,28388.82491936029,66.9201097362401,39.48680379311303,646018383.1786997,1024.0,2906
1397,0.008822011075051593,579.833266684221,14.723418126957057,28498.047833335684,1.0240000486373901,0.19999999999999998,0.32299999999999984,-0.758,28389.65831266508,66.9201097362401,39.48680379311303,646018383.1786997,1024.0,2906
1398,0.007250753885127826,729.9668340323904,14.878261343710388,28498.047833335684,1.0240000486373901,-2.7755575615628914e-17,0.32299999999999984,-0.758,28387.36650302981,66.9201097362401,39.48680379311303,646018383.1786997,1024.0,2906
1399,0.007471669349153583,729.9668340323904,14.86701972541347,28498.047833335684,1.0240000486373901,0.09999999999999998,0.32299999999999984,-0.758,28387.533695577768,66.9201097362401,39.48680379311303,646018383.1786997,1024.0,2906
1400,0.007657146233098193,729.9668340323904,14.835619861187517,28498.047833335684,1.0240000486373901,0.19999999999999998,0.32299999999999984,-0.758,28388.000025002853,66.9201097362401,39.48680379311303,646018383.1786997,1024.0,2906
1401,0.006132924425883496,918.9737971303117,14.877382821992741,28498.047833335684,1.0240000486373901,-2.7755575615628914e-17,0.32299999999999984,-0.758,28387.37957351962,66.9201097362401,39.48680379311303,646018383.1786997,1024.0,2906
1402,0.006428932839045641,918.9737971303117,14.893079824210758,28498.047833335684,1.0240000486373901,0.09999999999999998,0.32299999999999984,-0.758,28387.145920010527,66.9201097362401,39.48680379311303,646018383.1786997,1024.0,2906
1403,0.006698835716028193,918.9737971303117,14.888443053400044,28498.047833335684,1.0240000486373901,0.19999999999999998,0.32299999999999984,-0.758,28387.214965058516,66.9201097362401,39.48680379311303,646018383.1786997,1024.0,2906
1404,0.008648348285802588,579.833266684221,14.879135729504277,28498.047833335684,1.0240000486373901,-2.7755575615628914e-17,0.32099999999999984,-0.757,28387.35349330718,67.02100258366382,39.428646532819975,646018383.1786997,1024.0,2906
1405,0.00875196416588864,579.833266684221,14.83552682084623,28498.047833335684,1.0240000486373901,0.09999999999999998,0.32099999999999984,-0.757,28388.00140530966,67.02100258366382,39.428646532819975,646018383.1786997,1024.0,2906
1406,0.00881197825021757,579.833266684221,14.770959724478635,28498.047833335684,1.0240000486373901,0.19999999999999998,0.32099999999999984,-0.757,28388.9572077446,67.02100258366382,39.428646532819975,646018383.1786997,1024.0,2906
1407,0.007251450564911586,729.9668340323904,14.937331272224432,28498.047833335684,1.0240000486373901,-2.7755575615628914e-17,0.32099999999999984,-0.757,28386.485900567597,67.02100258366382,39.428646532819975,646018383.1786997,1024.0,2906
1408,0.0074686705914752795,729.9668340323904,14.920618204782095,28498.047833335684,1.0240000486373901,0.09999999999999998,0.32099999999999984,-0.757,28386.735409529247,67.02100258366382,39.428646532819975,646018383.1786997,1024.0,2906
1409,0.0076497295503890105,729.9668340323904,14.882372404856737,28498.047833335684,1.0240000486373901,0.19999999999999998,0.32099999999999984,-0.757,28387.305329137263,67.02100258366382,39.428646532819975,646018383.1786997,1024.0,2906
1410,0.006133889052833795,918.9737971303117,14.932542016046796,28498.047833335684,1.0240000486373901,-2.7755575615628914e-17,0.32099999999999984,-0.757,28386.557427805183,67.02100258366382,39.428646532819975,646018383.1786997,1024.0,2906
1411,0.006427004230941785,918.9737971303117,14.94392632215039,28498.047833335684,1.0240000486373901,0.09999999999999998,0.32099999999999984,-0.757,28386.387366374754,67.02100258366382,39.428646532819975,646018383.1786997,1024.0,2906
1412,0.006693256622397554,918.9737971303117,14.933562399417516,28498.047833335684,1.0240000486373901,0.19999999999999998,0.32099999999999984,-0.757,28386.542190367036,67.02100258366382,39.428646532819975,646018383.1786997,1024.0,2906
1413,0.008696531705368628,579.833266684221,14.939381215112897,28498.047833335684,1.0240000486373901,-2.7755575615628914e-17,0.32199999999999984,-0.757,28386.45527779045,66.95688049371624,39.44200687284297,646018383.1786997,1024.0,2906
1414,0.008807362833531708,579.833266684221,14.905809639658797,28498.047833335684,1.0240000486373901,0.09999999999999998,0.32199999999999984,-0.757,28386.95625282881,66.95688049371624,39.44200687284297,646018383.1786997,1024.0,2906
1415,0.008875189125511355,579.833266684221,14.852353728229215,28498.047833335684,1.0240000486373901,0.19999999999999998,0.32199999999999984,-0.757,28387.751627701462,66.95688049371624,39.44200687284297,646018383.1786997,1024.0,2906
1416,0.007287051281975723,729.9668340323904,14.989465705010884,28498.047833335684,1.0240000486373901,-2.7755575615628914e-17,0.32199999999999984,-0.757,28385.705792274835,66.95688049371624,39.44200687284297,646018383.1786997,1024.0,2906
1417,0.007510686523496412,729.9668340323904,14.982304481913534,28498.047833335684,1.0240000486373901,0.09999999999999998,0.32199999999999984,-0.757,28385.8131095413,66.95688049371624,39.44200687284297,646018383.1786997,1024.0,2906
1418,0.007698918248114579,729.9668340323904,14.954776353295555,28498.047833335684,1.0240000486373901,0.19999999999999998,0.32199999999999984,-0.757,28386.22516544714,66.95688049371624,39.44200687284297,646018383.1786997,1024.0,2906
1419,0.006160807951596462,918.9737971303117,14.978218946279457,28498.047833335684,1.0240000486373901,-2.7755575615628914e-17,0.32199999999999984,-0.757,28385.87431193434,66.95688049371624,39.44200687284297,646018383.1786997,1024.0,2906
1420,0.006459573775172957,918.9737971303117,14.998681182182704,28498.047833335684,1.0240000486373901,0.09999999999999998,0.32199999999999984,-0.757,28385.567614733303,66.95688049371624,39.44200687284297,646018383.1786997,1024.0,2906
1421,0.0067323281136925095,918.9737971303117,14.998635317358122,28498.047833335684,1.0240000486373901,0.19999999999999998,0.32199999999999984,-0.757,28385.568302644133,66.95688049371624,39.44200687284297,646018383.1786997,1024.0,2906
1422,0.008692913323359756,579.833266684221,14.874973308415116,28498.047833335684,1.0240000486373901,-2.7755575615628914e-17,0.32299999999999984,-0.757,28387.415417872653,66.89281939525604,39.455397249863736,646018383.1786997,1024.0,2906
1423,0.00880796621356123,579.833266684221,14.843374696300986,28498.047833335684,1.0240000486373901,0.09999999999999998,0.32299999999999984,-0.757,28387.88494714829,66.89281939525604,39.455397249863736,646018383.1786997,1024.0,2906
1424,0.008880689779789593,579.833266684221,14.79267626278038,28498.047833335684,1.0240000486373901,0.19999999999999998,0.32299999999999984,-0.757,28388.63619782797,66.89281939525604,39.455397249863736,646018383.1786997,1024.0,2906
1425,0.007279911818309993,729.9668340323904,14.926265329901156,28498.047833335684,1.0240000486373901,-2.7755575615628914e-17,0.32299999999999984,-0.757,28386.65113498638,66.89281939525604,39.455397249863736,646018383.1786997,1024.0,2906
1426,0.007506660666933475,729.9668340323904,14.920272089954754,28498.047833335684,1.0240000486373901,0.09999999999999998,0.32299999999999984,-0.757,28386.740573716543,66.89281939525604,39.455397249863736,646018383.1786997,1024.0,2906
1427,0.007698792386952706,729.9668340323904,14.894758104984415,28498.047833335684,1.0240000486373901,0.19999999999999998,0.32299999999999984,-0.757,28387.120923832685,66.89281939525604,39.455397249863736,646018383.1786997,1024.0,2906
1428,0.006152125580558302,918.9737971303117,14.916876997144431,28498.047833335684,1.0240000486373901,-2.7755575615628914e-17,0.32299999999999984,-0.757,28386.791223661716,66.89281939525604,39.455397249863736,646018383.1786997,1024.0,2906
1429,0.006453035699234534,918.9737971303117,14.937707122162484,28498.047833335684,1.0240000486373901,0.09999999999999998,0.32299999999999984,-0.757,28386.480286301932,66.89281939525604,39.455397249863736,646018383.1786997,1024.0,2906
1430,0.006728755302543921,918.9737971303117,14.938916308274706,28498.047833335684,1.0240000486373901,0.19999999999999998,0.32299999999999984,-0.757,28386.462223102866,66.89281939525604,39.455397249863736,646018383.1786997,1024.0,2906
1431,0.008530781433539344,579.833266684221,14.723164112319283,28498.047833335684,1.0240000486373901,-2.7755575615628914e-17,0.32099999999999984,-0.756,28389.66205259654,66.99376869484364,39.397163882944,646018383.1786997,1024.0,2906
1432,0.008624038267806779,579.833266684221,14.671690432973989,28498.047833335684,1.0240000486373901,0.09999999999999998,0.32099999999999984,-0.756,28390.418583255174,66.99376869484364,39.397163882944,646018383.1786997,1024.0,2906
1433,0.008673505127441618,579.833266684221,14.59906793562312,28498.047833335684,1.0240000486373901,0.19999999999999998,0.32099999999999984,-0.756,28391.481441041215,66.99376869484364,39.397163882944,646018383.1786997,1024.0,2906
1434,0.007168309362047923,729.9668340323904,14.799192521190927,28498.047833335684,1.0240000486373901,-2.7755575615628914e-17,0.32099999999999984,-0.756,28388.539783696047,66.99376869484364,39.397163882944,646018383.1786997,1024.0,2906
1435,0.007375247941557715,729.9668340323904,14.773926898724268,28498.047833335684,1.0240000486373901,0.09999999999999998,0.32099999999999984,-0.756,28388.91337533126,66.99376869484364,39.397163882944,646018383.1786997,1024.0,2906
1436,0.007545409164718198,729.9668340323904,14.72676960674112,28498.047833335684,1.0240000486373901,0.19999999999999998,0.32099999999999984,-0.756,28389.608961810667,66.99376869484364,39.397163882944,646018383.1786997,1024.0,2906
1437,0.0060744975071443845,918.9737971303117,14.810305670896089,28498.047833335684,1.0240000486373901,-2.7755575615628914e-17,0.32099999999999984,-0.756,28388.375256302996,66.99376869484364,39.397163882944,646018383.1786997,1024.0,2906
1438,0.006358055735680453,918.9737971303117,14.81271412462487,28498.047833335684,1.0240000486373901,0.09999999999999998,0.32099999999999984,-0.756,28388.339583466754,66.99376869484364,39.397163882944,646018383.1786997,1024.0,2906
1439,0.006613811080995435,918.9737971303117,14.792842198922663,28498.047833335684,1.0240000486373901,0.19999999999999998,0.32099999999999984,-0.756,28388.63374317457,66.99376869484364,39.397163882944,646018383.1786997,1024.0,2906
1440,0.008488717425694976,579.833266684221,14.684086175745554,28498.047833335684,1.0240000486373901,-2.7755575615628914e-17,0.32199999999999984,-0.756,28390.236639927323,66.92958775017536,39.4105512727428,646018383.1786997,1024.0,2906
1441,0.008580858337063086,579.833266684221,14.63591105508391,28498.047833335684,1.0240000486373901,0.09999999999999998,0.32199999999999984,-0.756,28390.94288712952,66.92958775017536,39.4105512727428,646018383.1786997,1024.0,2906
1442,0.008629386689753906,579.833266684221,14.567175510805182,28498.047833335684,1.0240000486373901,0.19999999999999998,0.32199999999999984,-0.756,28391.946532154383,66.92958775017536,39.4105512727428,646018383.1786997,1024.0,2906
1443,0.007138516406264379,729.9668340323904,14.764302024209886,28498.047833335684,1.0240000486373901,-2.7755575615628914e-17,0.32199999999999984,-0.756,28389.05552620464,66.92958775017536,39.4105512727428,646018383.1786997,1024.0,2906
1444,0.007343817343361527,729.9668340323904,14.741583488458163,28498.047833335684,1.0240000486373901,0.09999999999999998,0.32199999999999984,-0.756,28389.390691462093,66.92958775017536,39.4105512727428,646018383.1786997,1024.0,2906
1445,0.007512415841986644,729.9668340323904,14.697563988477803,28498.047833335684,1.0240000486373901,0.19999999999999998,0.32199999999999984,-0.756,28390.038639737984,66.92958775017536,39.4105512727428,646018383.1786997,1024.0,2906
1446,0.006053327066734167,918.9737971303117,14.779759509044856,28498.047833335684,1.0240000486373901,-2.7755575615628914e-17,0.32199999999999984,-0.756,28388.827187763083,66.92958775017536,39.4105512727428,646018383.1786997,1024.0,2906
1447,0.006335102074713618,918.9737971303117,14.784094584781233,28498.047833335684,1.0240000486373901,0.09999999999999998,0.32199999999999984,-0.756,28388.763106989805,66.92958775017536,39.4105512727428,646018383.1786997,1024.0,2906
1448,0.006589056947394152,918.9737971303117,14.766728763804597,28498.047833335684,1.0240000486373901,0.19999999999999998,0.32199999999999984,-0.756,28389.019694143797,66.92958775017536,39.4105512727428,646018383.1786997,1024.0,2906
1449,0.008572763879974372,579.833266684221,14.703408971627047,28498.047833335684,1.0240000486373901,-2.7755575615628914e-17,0.32299999999999984,-0.756,28389.952715642223,66.86546798970265,39.423968741393416,646018383.1786997,1024.0,2906
1450,0.008677891592367875,579.833266684221,14.664766147785379,28498.047833335684,1.0240000486373901,0.09999999999999998,0.32299999999999984,-0.756,28390.520150251068,66.86546798970265,39.423968741393416,646018383.1786997,1024.0,2906
1451,0.008740517783730474,579.833266684221,14.606893449467965,28498.047833335684,1.0240000486373901,0.19999999999999998,0.32299999999999984,-0.756,28391.36716521363,66.86546798970265,39.423968741393416,646018383.1786997,1024.0,2906
1452,0.007194387649689798,729.9668340323904,14.772642940787993,28498.047833335684,1.0240000486373901,-2.7755575615628914e-17,0.32299999999999984,-0.756,28388.932343607677,66.86546798970265,39.423968741393416,646018383.1786997,1024.0,2906
1453,0.007411199172788387,729.9668340323904,14.758799970929573,28498.047833335684,1.0240000486373901,0.09999999999999998,0.32299999999999984,-0.756,28389.13674504473,66.86546798970265,39.423968741393416,646018383.1786997,1024.0,2906
1454,0.007592814497339657,729.9668340323904,14.725158543352114,28498.047833335684,1.0240000486373901,0.19999999999999998,0.32299999999999984,-0.756,28389.632686272256,66.86546798970265,39.423968741393416,646018383.1786997,1024.0,2906
1455,0.006090568885403335,918.9737971303117,14.779572911685253,28498.047833335684,1.0240000486373901,-2.7755575615628914e-17,0.32299999999999984,-0.756,28388.829945609774,66.86546798970265,39.423968741393416,646018383.1786997,1024.0,2906
1456,0.006382181822660833,918.9737971303117,14.791986677882178,28498.047833335684,1.0240000486373901,0.09999999999999998,0.32299999999999984,-0.756,28388.646398396362,66.86546798970265,39.423968741393416,646018383.1786997,1024.0,2906
1457,0.006647716753007949,918.9737971303117,14.784349047840225,28498.047833335684,1.0240000486373901,0.19999999999999998,0.32299999999999984,-0.756,28388.759344951497,66.86546798970265,39.423968741393416,646018383.1786997,1024.0,2906
1458,0.01506744417027137,290.605030894529,13.666737074885193,28483.49260101711,1.0240000486373901,-0.10000000000000003,0.34399999999999986,-0.744,28390.10274988009,65.18580300946486,39.340718793426284,646018383.4347,2561024.0,2906
1459,0.013813997727409311,290.605030894529,13.462519751932952,28483.49260101711,1.0240000486373901,0.09999999999999998,0.34399999999999986,-0.744,28392.87288198152,65.18580300946486,39.340718793426284,646018383.4347,2561024.0,2906
1460,0.012474241718517822,290.605030894529,13.19899278388954,28483.49260101711,1.0240000486373901,0.3,0.34399999999999986,-0.744,28396.385895762527,65.18580300946486,39.340718793426284,646018383.4347,2561024.0,2906
1461,0.009961119500364893,460.57793515969075,14.362376434322467,28483.49260101711,1.0240000486373901,-0.10000000000000003,0.34399999999999986,-0.744,28380.35367259652,65.18580300946486,39.340718793426284,646018383.4347,2561024.0,2906
1462,0.00984095331380993,460.57793515969075,14.214369513779028,28483.49260101711,1.0240000486373901,0.09999999999999998,0.34399999999999986,-0.744,28382.468450679986,65.18580300946486,39.340718793426284,646018383.4347,2561024.0,2906
1463,0.0095406752132037,460.57793515969075,13.992448578665853,28483.49260101711,1.0240000486373901,0.3,0.34399999999999986,-0.744,28385.598292403807,65.18580300946486,39.340718793426284,646018383.4347,2561024.0,2906
1464,0.006766091327861245,729.9668340323904,14.60957310467235,28483.49260101711,1.0240000486373901,-0.10000000000000003,0.34399999999999986,-0.744,28376.77278786673,65.18580300946486,39.340718793426284,646018383.4347,2561024.0,2906
1465,0.007182374404194973,729.9668340323904,14.55432833696747,28483.49260101711,1.0240000486373901,0.09999999999999998,0.34399999999999986,-0.744,28377.578364346984,65.18580300946486,39.340718793426284,646018383.4347,2561024.0,2906
1466,0.007452459551899066,729.9668340323904,14.415765040923905,28483.49260101711,1.0240000486373901,0.3,0.34399999999999986,-0.744,28379.58546015955,65.18580300946486,39.340718793426284,646018383.4347,2561024.0,2906
1467,0.015044789780150293,290.605030894529,13.625321267498855,28483.49260101711,1.0240000486373901,-0.10000000000000003,0.34599999999999986,-0.744,28390.667911195833,65.05903962655603,39.36954074917606,646018383.4347,2561024.0,2906
1468,0.013832688997389903,290.605030894529,13.456909421757327,28483.49260101711,1.0240000486373901,0.09999999999999998,0.34599999999999986,-0.744,28392.94839542442,65.05903962655603,39.36954074917606,646018383.4347,2561024.0,2906
1469,0.01253400340641717,290.605030894529,13.236556285063097,28483.49260101711,1.0240000486373901,0.3,0.34599999999999986,-0.744,28395.88938987329,65.05903962655603,39.36954074917606,646018383.4347,2561024.0,2906
1470,0.009928029631873931,460.57793515969075,14.29901205477444,28483.49260101711,1.0240000486373901,-0.10000000000000003,0.34599999999999986,-0.744,28381.26172814582,65.05903962655603,39.36954074917606,646018383.4347,2561024.0,2906
1471,0.009829602242890936,460.57793515969075,14.178620158980811,28483.49260101711,1.0240000486373901,0.09999999999999998,0.34599999999999986,-0.744,28382.975966210783,65.05903962655603,39.36954074917606,646018383.4347,2561024.0,2906
1472,0.009556669156710948,460.57793515969075,13.993576117861442,28483.49260101711,1.0240000486373901,0.3,0.34599999999999986,-0.744,28385.58251473392,65.05903962655603,39.36954074917606,646018383.4347,2561024.0,2906
1473,0.006741246569779618,729.9668340323904,14.544745861194365,28483.49260101711,1.0240000486373901,-0.10000000000000003,0.34599999999999986,-0.744,28377.717784933746,65.05903962655603,39.36954074917606,646018383.4347,2561024.0,2906
1474,0.00716749399636213,729.9668340323904,14.508785054237029,28483.49260101711,1.0240000486373901,0.09999999999999998,0.34599999999999986,-0.744,28378.240179142085,65.05903962655603,39.36954074917606,646018383.4347,2561024.0,2906
1475,0.007454193452597514,729.9668340323904,14.39979104206306,28483.49260101711,1.0240000486373901,0.3,0.34599999999999986,-0.744,28379.81560998957,65.05903962655603,39.36954074917606,646018383.4347,2561024.0,2906
1476,0.014734032393277526,290.605030894529,13.217681453770904,28483.49260101711,1.0240000486373901,-0.10000000000000003,0.34799999999999986,-0.744,28396.13904951043,64.93253656193953,39.39847606468627,646018383.4347,2561024.0,2906
1477,0.013533945997035775,290.605030894529,13.03156840044947,28483.49260101711,1.0240000486373901,0.09999999999999998,0.34799999999999986,-0.744,28398.581713529315,64.93253656193953,39.39847606468627,646018383.4347,2561024.0,2906
1478,0.012251400119885595,290.605030894529,12.79484470177627,28483.49260101711,1.0240000486373901,0.3,0.34799999999999986,-0.744,28401.638575545825,64.93253656193953,39.39847606468627,646018383.4347,2561024.0,2906
1479,0.009758522157680884,460.57793515969075,13.954964170659501,28483.49260101711,1.0240000486373901,-0.10000000000000003,0.34799999999999986,-0.744,28386.122088514916,64.93253656193953,39.39847606468627,646018383.4347,2561024.0,2906
1480,0.009651482123969192,460.57793515969075,13.810282179032487,28483.49260101711,1.0240000486373901,0.09999999999999998,0.34799999999999986,-0.744,28388.13065408486,64.93253656193953,39.39847606468627,646018383.4347,2561024.0,2906
1481,0.009373384727646676,460.57793515969075,13.601277637628234,28483.49260101711,1.0240000486373901,0.3,0.34799999999999986,-0.744,28390.99522432919,64.93253656193953,39.39847606468627,646018383.4347,2561024.0,2906
1482,0.006642300890507063,729.9668340323904,14.255467773082366,28483.49260101711,1.0240000486373901,-0.10000000000000003,0.34799999999999986,-0.744,28381.883420302416,64.93253656193953,39.39847606468627,646018383.4347,2561024.0,2906
1483,0.0070538681878554175,729.9668340323904,14.189990925857222,28483.49260101711,1.0240000486373901,0.09999999999999998,0.34799999999999986,-0.744,28382.814679779156,64.93253656193953,39.39847606468627,646018383.4347,2561024.0,2906
1484,0.007327236561372957,729.9668340323904,14.050717217198464,28483.49260101711,1.0240000486373901,0.3,0.34799999999999986,-0.744,28384.781273858272,64.93253656193953,39.39847606468627,646018383.4347,2561024.0,2906
1485,0.015569790298048922,290.605030894529,14.129685403966196,28483.49260101711,1.0240000486373901,-0.10000000000000003,0.34399999999999986,-0.742,28383.668596209583,65.12700166207958,39.278465453516,646018383.4347,2561024.0,2906
1486,0.01429752051346162,290.605030894529,13.9431434897818,28483.49260101711,1.0240000486373901,0.09999999999999998,0.34399999999999986,-0.742,28386.28697582879,65.12700166207958,39.278465453516,646018383.4347,2561024.0,2906
1487,0.012933036901122175,290.605030894529,13.695642216303654,28483.49260101711,1.0240000486373901,0.3,0.34399999999999986,-0.742,28389.70729315861,65.12700166207958,39.278465453516,646018383.4347,2561024.0,2906
1488,0.010220208898524827,460.57793515969075,14.741790629586134,28483.49260101711,1.0240000486373901,-0.10000000000000003,0.34399999999999986,-0.742,28374.832405533834,65.12700166207958,39.278465453516,646018383.4347,2561024.0,2906
1489,0.010116881860284595,460.57793515969075,14.621812886440397,28483.49260101711,1.0240000486373901,0.09999999999999998,0.34399999999999986,-0.742,28376.593894974074,65.12700166207958,39.278465453516,646018383.4347,2561024.0,2906
1490,0.009829043515423859,460.57793515969075,14.427304911558172,28483.49260101711,1.0240000486373901,0.3,0.34399999999999986,-0.742,28379.419037511576,65.12700166207958,39.278465453516,646018383.4347,2561024.0,2906
1491,0.006906792547899438,729.9668340323904,14.915394921710753,28483.49260101711,1.0240000486373901,-0.10000000000000003,0.34399999999999986,-0.742,28372.258098181814,65.12700166207958,39.278465453516,646018383.4347,2561024.0,2906
1492,0.007348084133839079,729.9668340323904,14.895718877360332,28483.49260101711,1.0240000486373901,0.09999999999999998,0.34399999999999986,-0.742,28372.551380580437,65.12700166207958,39.278465453516,646018383.4347,2561024.0,2906
1493,0.0076427874451088845,729.9668340323904,14.793604752447267,28483.49260101711,1.0240000486373901,0.3,0.34399999999999986,-0.742,28374.067230231296,65.12700166207958,39.278465453516,646018383.4347,2561024.0,2906
1494,0.015740105584348383,290.605030894529,14.171325657383242,28483.49260101711,1.0240000486373901,-0.10000000000000003,0.34599999999999986,-0.742,28383.079365573307,65.00001790851428,39.307402721213926,646018383.4347,2561024.0,2906
1495,0.01448231160158237,290.605030894529,13.996454686685714,28483.49260101711,1.0240000486373901,0.09999999999999998,0.34599999999999986,-0.742,28385.542229118888,65.00001790851428,39.307402721213926,646018383.4347,2561024.0,2906
1496,0.01313128424134934,290.605030894529,13.7635973629659,28483.49260101711,1.0240000486373901,0.3,0.34599999999999986,-0.742,28388.77429483219,65.00001790851428,39.307402721213926,646018383.4347,2561024.0,2906
1497,0.010294266132989484,460.57793515969075,14.767888698974266,28483.49260101711,1.0240000486373901,-0.10000000000000003,0.34599999999999986,-0.742,28374.447332704465,65.00001790851428,39.307402721213926,646018383.4347,2561024.0,2906
1498,0.010207841896324862,460.57793515969075,14.657938813264627,28483.49260101711,1.0240000486373901,0.09999999999999998,0.34599999999999986,-0.742,28376.065015890406,65.00001790851428,39.307402721213926,646018383.4347,2561024.0,2906
1499,0.00993961290252607,460.57793515969075,14.47724782186261,28483.49260101711,1.0240000486373901,0.3,0.34599999999999986,-0.742,28378.6972487693,65.00001790851428,39.307402721213926,646018383.4347,2561024.0,2906
1500,0.006941361208949553,729.9668340323904,14.932431383361907,28483.49260101711,1.0240000486373901,-0.10000000000000003,0.34599999999999986,-0.742,28372.003847507705,65.00001790851428,39.307402721213926,646018383.4347,2561024.0,2906
1501,0.007395678900665921,729.9668340323904,14.920591623587798,28483.49260101711,1.0240000486373901,0.09999999999999998,0.34599999999999986,-0.742,28372.180573818172,65.00001790851428,39.307402721213926,646018383.4347,2561024.0,2906
1502,0.007707857282057979,729.9668340323904,14.830572421110125,28483.49260101711,1.0240000486373901,0.3,0.34599999999999986,-0.742,28373.519661848215,65.00001790851428,39.307402721213926,646018383.4347,2561024.0,2906
1503,0.015218784768755359,290.605030894529,13.714566304884372,28483.49260101711,1.0240000486373901,-0.10000000000000003,0.34799999999999986,-0.742,28389.447936551576,64.87329608084339,39.33645362705328,646018383.4347,2561024.0,2906
1504,0.013972228837666096,290.605030894529,13.514885076049236,28483.49260101711,1.0240000486373901,0.09999999999999998,0.34799999999999986,-0.742,28392.166541707702,64.87329608084339,39.33645362705328,646018383.4347,2561024.0,2906
1505,0.012639763917112277,290.605030894529,13.259022418304161,28483.49260101711,1.0240000486373901,0.3,0.34799999999999986,-0.742,28395.591763272565,64.87329608084339,39.33645362705328,646018383.4347,2561024.0,2906
1506,0.01003289179342533,460.57793515969075,14.401668829139936,28483.49260101711,1.0240000486373901,-0.10000000000000003,0.34799999999999986,-0.742,28379.788568485,64.87329608084339,39.33645362705328,646018383.4347,2561024.0,2906
1507,0.00992384411832018,460.57793515969075,14.257564633460856,28483.49260101711,1.0240000486373901,0.09999999999999998,0.34799999999999986,-0.742,28381.853526378454,64.87329608084339,39.33645362705328,646018383.4347,2561024.0,2906
1508,0.009637111936545753,460.57793515969075,14.042776276790477,28483.49260101711,1.0240000486373901,0.3,0.34799999999999986,-0.742,28384.892818237116,64.87329608084339,39.33645362705328,646018383.4347,2561024.0,2906
1509,0.006801897964232502,729.9668340323904,14.640131831504773,28483.49260101711,1.0240000486373901,-0.10000000000000003,0.34799999999999986,-0.742,28376.32587099519,64.87329608084339,39.33645362705328,646018383.4347,2561024.0,2906
1510,0.0072278361574377205,729.9668340323904,14.588451777603813,28483.49260101711,1.0240000486373901,0.09999999999999998,0.34799999999999986,-0.742,28377.081138383375,64.87329608084339,39.33645362705328,646018383.4347,2561024.0,2906
1511,0.007510994692738876,729.9668340323904,14.456557825338484,28483.49260101711,1.0240000486373901,0.3,0.34799999999999986,-0.742,28378.996568938433,64.87329608084339,39.33645362705328,646018383.4347,2561024.0,2906
1512,0.015391747302349922,290.605030894529,13.95367148644969,28483.49260101711,1.0240000486373901,-0.10000000000000003,0.34399999999999986,-0.74,28386.14012704123,65.06793882519496,39.216131034234984,646018383.4347,2561024.0,2906
1513,0.014110673566125578,290.605030894529,13.74996304261659,28483.49260101711,1.0240000486373901,0.09999999999999998,0.34399999999999986,-0.74,28388.96185918045,65.06793882519496,39.216131034234984,646018383.4347,2561024.0,2906
1514,0.012739068891988352,290.605030894529,13.483054456308603,28483.49260101711,1.0240000486373901,0.3,0.34399999999999986,-0.74,28392.59622228122,65.06793882519496,39.216131034234984,646018383.4347,2561024.0,2906
1515,0.010138287589439772,460.57793515969075,14.601881856068085,28483.49260101711,1.0240000486373901,-0.10000000000000003,0.34399999999999986,-0.74,28376.885124147826,65.06793882519496,39.216131034234984,646018383.4347,2561024.0,2906
1516,0.01002078337778709,460.57793515969075,14.463942162051525,28483.49260101711,1.0240000486373901,0.09999999999999998,0.34399999999999986,-0.74,28378.889789583525,65.06793882519496,39.216131034234984,646018383.4347,2561024.0,2906
1517,0.009717694153471377,460.57793515969075,14.248245968620159,28483.49260101711,1.0240000486373901,0.3,0.34399999999999986,-0.74,28381.98634442596,65.06793882519496,39.216131034234984,646018383.4347,2561024.0,2906
1518,0.006865894008750466,729.9668340323904,14.804127575634707,28483.49260101711,1.0240000486373901,-0.10000000000000003,0.34399999999999986,-0.74,28373.911504379277,65.06793882519496,39.216131034234984,646018383.4347,2561024.0,2906
1519,0.007294841479268095,729.9668340323904,14.766345293633275,28483.49260101711,1.0240000486373901,0.09999999999999998,0.34399999999999986,-0.74,28374.47012435171,65.06793882519496,39.216131034234984,646018383.4347,2561024.0,2906
1520,0.00757441236389393,729.9668340323904,14.642090738123512,28483.49260101711,1.0240000486373901,0.3,0.34399999999999986,-0.74,28376.29719042539,65.06793882519496,39.216131034234984,646018383.4347,2561024.0,2906
1521,0.015475912077207686,290.605030894529,14.087504190521786,28483.49260101711,1.0240000486373901,-0.10000000000000003,0.34599999999999986,-0.74,28384.263713858127,64.94073426256867,39.24518413968164,646018383.4347,2561024.0,2906
1522,0.01418835397060697,290.605030894529,13.881266791356133,28483.49260101711,1.0240000486373901,0.09999999999999998,0.34599999999999986,-0.74,28387.147817150708,64.94073426256867,39.24518413968164,646018383.4347,2561024.0,2906
1523,0.012810243255523959,290.605030894529,13.611236662849215,28483.49260101711,1.0240000486373901,0.3,0.34599999999999986,-0.74,28390.859719271066,64.94073426256867,39.24518413968164,646018383.4347,2561024.0,2906
1524,0.01019171693423777,460.57793515969075,14.729183281848393,28483.49260101711,1.0240000486373901,-0.10000000000000003,0.34599999999999986,-0.74,28375.01818094197,64.94073426256867,39.24518413968164,646018383.4347,2561024.0,2906
1525,0.010073066020155562,460.57793515969075,14.59059822244672,28483.49260101711,1.0240000486373901,0.09999999999999998,0.34599999999999986,-0.74,28377.04982277268,64.94073426256867,39.24518413968164,646018383.4347,2561024.0,2906
1526,0.009768321274551415,460.57793515969075,14.373474624685475,28483.49260101711,1.0240000486373901,0.3,0.34599999999999986,-0.74,28380.194214623873,64.94073426256867,39.24518413968164,646018383.4347,2561024.0,2906
1527,0.006901536422727193,729.9668340323904,14.92137561042781,28483.49260101711,1.0240000486373901,-0.10000000000000003,0.34599999999999986,-0.74,28372.168875963376,64.94073426256867,39.24518413968164,646018383.4347,2561024.0,2906
1528,0.00733212677192637,729.9668340323904,14.885381321960644,28483.49260101711,1.0240000486373901,0.09999999999999998,0.34599999999999986,-0.74,28372.705312467024,64.94073426256867,39.24518413968164,646018383.4347,2561024.0,2906
1529,0.007612653787900337,729.9668340323904,14.761832632467115,28483.49260101711,1.0240000486373901,0.3,0.34599999999999986,-0.74,28374.536749682626,64.94073426256867,39.24518413968164,646018383.4347,2561024.0,2906
1530,0.015457330091954151,290.605030894529,13.954243382352777,28483.49260101711,1.0240000486373901,-0.10000000000000003,0.34799999999999986,-0.74,28386.132146830143,64.81379324549567,39.274351161459236,646018383.4347,2561024.0,2906
1531,0.014175839450985519,290.605030894529,13.739511638915285,28483.49260101711,1.0240000486373901,0.09999999999999998,0.34799999999999986,-0.74,28389.105510979167,64.81379324549567,39.274351161459236,646018383.4347,2561024.0,2906
1532,0.012806201147442827,290.605030894529,13.463515936666118,28483.49260101711,1.0240000486373901,0.3,0.34799999999999986,-0.74,28392.85947032868,64.81379324549567,39.274351161459236,646018383.4347,2561024.0,2906
1533,0.010178839849219416,460.57793515969075,14.626668381341082,28483.49260101711,1.0240000486373901,-0.10000000000000003,0.34799999999999986,-0.74,28376.52288704825,64.81379324549567,39.274351161459236,646018383.4347,2561024.0,2906
1534,0.01006215748953306,460.57793515969075,14.476075062519746,28483.49260101711,1.0240000486373901,0.09999999999999998,0.34799999999999986,-0.74,28378.714226409258,64.81379324549567,39.274351161459236,646018383.4347,2561024.0,2906
1535,0.009762310883864348,460.57793515969075,14.248878563758888,28483.49260101711,1.0240000486373901,0.3,0.34799999999999986,-0.74,28381.977330854737,64.81379324549567,39.274351161459236,646018383.4347,2561024.0,2906
1536,0.0068912614919351585,729.9668340323904,14.839873956739126,28483.49260101711,1.0240000486373901,-0.10000000000000003,0.34799999999999986,-0.74,28373.38167149116,64.81379324549567,39.274351161459236,646018383.4347,2561024.0,2906
1537,0.007321468477243551,729.9668340323904,14.789952453121568,28483.49260101711,1.0240000486373901,0.09999999999999998,0.34799999999999986,-0.74,28374.121254234313,64.81379324549567,39.274351161459236,646018383.4347,2561024.0,2906
1538,0.007604189337091729,729.9668340323904,14.653609218353422,28483.49260101711,1.0240000486373901,0.3,0.34799999999999986,-0.74,28376.128469455005,64.81379324549567,39.274351161459236,646018383.4347,2561024.0,2906
1539,0.008270455129370554,579.833266684221,14.859177591734527,28483.49260101711,1.0240000486373901,-0.20000000000000004,0.34499999999999986,-0.743,28373.09502166576,65.09296555152825,39.324027810112426,646018383.4347,2561024.0,2906
1540,0.008444915065580646,579.833266684221,14.852055717154355,28483.49260101711,1.0240000486373901,-0.10000000000000003,0.34499999999999986,-0.743,28373.200821504382,65.09296555152825,39.324027810112426,646018383.4347,2561024.0,2906
1541,0.008589121957470325,579.833266684221,14.832012032529349,28483.49260101711,1.0240000486373901,-2.7755575615628914e-17,0.34499999999999986,-0.743,28373.498310550563,65.09296555152825,39.324027810112426,646018383.4347,2561024.0,2906
1542,0.006686870523461371,729.9668340323904,14.866664377214361,28483.49260101711,1.0240000486373901,-0.20000000000000004,0.34499999999999986,-0.743,28372.983746164744,65.09296555152825,39.324027810112426,646018383.4347,2561024.0,2906
1543,0.006954189221394391,729.9668340323904,14.884838665855177,28483.49260101711,1.0240000486373901,-0.10000000000000003,0.34499999999999986,-0.743,28372.713389962842,65.09296555152825,39.324027810112426,646018383.4347,2561024.0,2906
1544,0.007201040388145301,729.9668340323904,14.890319978533169,28483.49260101711,1.0240000486373901,-2.7755575615628914e-17,0.34499999999999986,-0.743,28372.63178648556,65.09296555152825,39.324027810112426,646018383.4347,2561024.0,2906
1545,0.00545829090690041,918.9737971303117,14.808660601256584,28483.49260101711,1.0240000486373901,-0.20000000000000004,0.34499999999999986,-0.743,28373.844386615507,65.09296555152825,39.324027810112426,646018383.4347,2561024.0,2906
1546,0.0057794356775997735,918.9737971303117,14.852987425803557,28483.49260101711,1.0240000486373901,-0.10000000000000003,0.34499999999999986,-0.743,28373.186983281572,65.09296555152825,39.324027810112426,646018383.4347,2561024.0,2906
1547,0.006090609538705677,918.9737971303117,14.88519257587651,28483.49260101711,1.0240000486373901,-2.7755575615628914e-17,0.34499999999999986,-0.743,28372.708122006647,65.09296555152825,39.324027810112426,646018383.4347,2561024.0,2906
1548,0.008231040100115722,579.833266684221,14.8148680675257,28483.49260101711,1.0240000486373901,-0.20000000000000004,0.34599999999999986,-0.743,28373.752443088015,65.02956140776557,39.33848181750749,646018383.4347,2561024.0,2906
1549,0.008403631195541194,579.833266684221,14.808012202723448,28483.49260101711,1.0240000486373901,-0.10000000000000003,0.34599999999999986,-0.743,28373.853988319108,65.02956140776557,39.33848181750749,646018383.4347,2561024.0,2906
1550,0.008546230181296695,579.833266684221,14.78872252226753,28483.49260101711,1.0240000486373901,-2.7755575615628914e-17,0.34599999999999986,-0.743,28374.1394440968,65.02956140776557,39.33848181750749,646018383.4347,2561024.0,2906
1551,0.0066608183112566435,729.9668340323904,14.829657691114873,28483.49260101711,1.0240000486373901,-0.20000000000000004,0.34599999999999986,-0.743,28373.53322739929,65.02956140776557,39.33848181750749,646018383.4347,2561024.0,2906
1552,0.006925976790675129,729.9668340323904,14.847457196379066,28483.49260101711,1.0240000486373901,-0.10000000000000003,0.34599999999999986,-0.743,28373.269108417957,65.02956140776557,39.33848181750749,646018383.4347,2561024.0,2906
1553,0.007170762687631117,729.9668340323904,14.852985867896086,28483.49260101711,1.0240000486373901,-2.7755575615628914e-17,0.34599999999999986,-0.743,28373.18700642115,65.02956140776557,39.33848181750749,646018383.4347,2561024.0,2906
1554,0.005441052570791633,918.9737971303117,14.778251788245095,28483.49260101711,1.0240000486373901,-0.20000000000000004,0.34599999999999986,-0.743,28374.294238058726,65.02956140776557,39.33848181750749,646018383.4347,2561024.0,2906
1555,0.005760117033027552,918.9737971303117,14.82176084619842,28483.49260101711,1.0240000486373901,-0.10000000000000003,0.34599999999999986,-0.743,28373.65030372616,65.02956140776557,39.33848181750749,646018383.4347,2561024.0,2906
1556,0.006069176876075526,918.9737971303117,14.853496502535226,28483.49260101711,1.0240000486373901,-2.7755575615628914e-17,0.34599999999999986,-0.743,28373.179421841698,65.02956140776557,39.33848181750749,646018383.4347,2561024.0,2906
1557,0.00815760822988306,579.833266684221,14.65573325174284,28483.49260101711,1.0240000486373901,-0.20000000000000004,0.34699999999999986,-0.743,28376.09734244399,64.96622254433859,39.352964199646514,646018383.4347,2561024.0,2906
1558,0.008326292532059737,579.833266684221,14.641605319465592,28483.49260101711,1.0240000486373901,-0.10000000000000003,0.34699999999999986,-0.743,28376.30429785161,64.96622254433859,39.352964199646514,646018383.4347,2561024.0,2906
1559,0.008465203938155409,579.833266684221,14.614960619633413,28483.49260101711,1.0240000486373901,-2.7755575615628914e-17,0.34699999999999986,-0.743,28376.694064060393,64.96622254433859,39.352964199646514,646018383.4347,2561024.0,2906
1560,0.006604790851620626,729.9668340323904,14.684601815530156,28483.49260101711,1.0240000486373901,-0.20000000000000004,0.34699999999999986,-0.743,28375.673835776775,64.96622254433859,39.352964199646514,646018383.4347,2561024.0,2906
1561,0.006865580872460953,729.9668340323904,14.694539865487755,28483.49260101711,1.0240000486373901,-0.10000000000000003,0.34699999999999986,-0.743,28375.527850087907,64.96622254433859,39.352964199646514,646018383.4347,2561024.0,2906
1562,0.0071060500294599215,729.9668340323904,14.692042765340407,28483.49260101711,1.0240000486373901,-2.7755575615628914e-17,0.34699999999999986,-0.743,28375.564540707815,64.96622254433859,39.352964199646514,646018383.4347,2561024.0,2906
1563,0.005397847698178911,918.9737971303117,14.646171991033933,28483.49260101711,1.0240000486373901,-0.20000000000000004,0.34699999999999986,-0.743,28376.237424021638,64.96622254433859,39.352964199646514,646018383.4347,2561024.0,2906
1564,0.005712425273108315,918.9737971303117,14.68130220539553,28483.49260101711,1.0240000486373901,-0.10000000000000003,0.34699999999999986,-0.743,28375.722283794035,64.96622254433859,39.352964199646514,646018383.4347,2561024.0,2906
1565,0.0060168959969138435,918.9737971303117,14.704408039995846,28483.49260101711,1.0240000486373901,-2.7755575615628914e-17,0.34699999999999986,-0.743,28375.382793113764,64.96622254433859,39.352964199646514,646018383.4347,2561024.0,2906
1566,0.008300692447327618,579.833266684221,14.953498920635429,28483.49260101711,1.0240000486373901,-0.20000000000000004,0.34499999999999986,-0.742,28371.68903603239,65.06347707167774,39.29291983549987,646018383.4347,2561024.0,2906
1567,0.008473338812852671,579.833266684221,14.9457860410909,28483.49260101711,1.0240000486373901,-0.10000000000000003,0.34499999999999986,-0.742,28371.804340824077,65.06347707167774,39.29291983549987,646018383.4347,2561024.0,2906
1568,0.00861505951494867,579.833266684221,14.924512980749927,28483.49260101711,1.0240000486373901,-2.7755575615628914e-17,0.34499999999999986,-0.742,28372.122057160825,65.06347707167774,39.29291983549987,646018383.4347,2561024.0,2906
1569,0.006712864449101462,729.9668340323904,14.956415237881247,28483.49260101711,1.0240000486373901,-0.20000000000000004,0.34499999999999986,-0.742,28371.645422633148,65.06347707167774,39.29291983549987,646018383.4347,2561024.0,2906
1570,0.0069795856214465175,729.9668340323904,14.974978518725758,28483.49260101711,1.0240000486373901,-0.10000000000000003,0.34499999999999986,-0.742,28371.367610198962,65.06347707167774,39.29291983549987,646018383.4347,2561024.0,2906
1571,0.007225213161527087,729.9668340323904,14.980201275988446,28483.49260101711,1.0240000486373901,-2.7755575615628914e-17,0.34499999999999986,-0.742,28371.28938588255,65.06347707167774,39.29291983549987,646018383.4347,2561024.0,2906
1572,0.005480174837532136,918.9737971303117,14.89314697656398,28483.49260101711,1.0240000486373901,-0.20000000000000004,0.34499999999999986,-0.742,28372.589687584343,65.06347707167774,39.29291983549987,646018383.4347,2561024.0,2906
1573,0.005801576332362457,918.9737971303117,14.938793851199819,28483.49260101711,1.0240000486373901,-0.10000000000000003,0.34499999999999986,-0.742,28371.90882015279,65.06347707167774,39.29291983549987,646018383.4347,2561024.0,2906
1574,0.00611247089793731,918.9737971303117,14.971682919288734,28483.49260101711,1.0240000486373901,-2.7755575615628914e-17,0.34499999999999986,-0.742,28371.41695629925,65.06347707167774,39.29291983549987,646018383.4347,2561024.0,2906
1575,0.008248282297545277,579.833266684221,14.903553740226123,28483.49260101711,1.0240000486373901,-0.20000000000000004,0.34599999999999986,-0.742,28372.434643973207,65.00001790851428,39.307402721213926,646018383.4347,2561024.0,2906
1576,0.008416530688453275,579.833266684221,14.893146745162912,28483.49260101711,1.0240000486373901,-0.10000000000000003,0.34599999999999986,-0.742,28372.589691030633,65.00001790851428,39.307402721213926,646018383.4347,2561024.0,2906
1577,0.008553866554953224,579.833266684221,14.86932361665918,28483.49260101711,1.0240000486373901,-2.7755575615628914e-17,0.34599999999999986,-0.742,28372.944208608642,65.00001790851428,39.307402721213926,646018383.4347,2561024.0,2906
1578,0.006678882171397383,729.9668340323904,14.916950089748681,28483.49260101711,1.0240000486373901,-0.20000000000000004,0.34599999999999986,-0.742,28372.234901027085,65.00001790851428,39.307402721213926,646018383.4347,2561024.0,2906
1579,0.006941361208949553,729.9668340323904,14.932431383361907,28483.49260101711,1.0240000486373901,-0.10000000000000003,0.34599999999999986,-0.742,28372.003847507705,65.00001790851428,39.307402721213926,646018383.4347,2561024.0,2906
1580,0.0071825376922955465,729.9668340323904,14.934611077779923,28483.49260101711,1.0240000486373901,-2.7755575615628914e-17,0.34599999999999986,-0.742,28371.971296994838,65.00001790851428,39.307402721213926,646018383.4347,2561024.0,2906
1581,0.005458122272215689,918.9737971303117,14.862601657966252,28483.49260101711,1.0240000486373901,-0.20000000000000004,0.34599999999999986,-0.742,28373.04413699542,65.00001790851428,39.307402721213926,646018383.4347,2561024.0,2906
1582,0.005775780757324925,918.9737971303117,14.904999070735,28483.49260101711,1.0240000486373901,-0.10000000000000003,0.34599999999999986,-0.742,28372.413102367806,65.00001790851428,39.307402721213926,646018383.4347,2561024.0,2906
1583,0.006082571798151107,918.9737971303117,14.93457225908573,28483.49260101711,1.0240000486373901,-2.7755575615628914e-17,0.34599999999999986,-0.742,28371.971876736185,65.00001790851428,39.307402721213926,646018383.4347,2561024.0,2906
1584,0.008265040518944285,579.833266684221,14.86300440331099,28483.49260101711,1.0240000486373901,-0.20000000000000004,0.34699999999999986,-0.742,28373.03815107069,64.93662422701281,39.321914016463694,646018383.4347,2561024.0,2906
1585,0.008436212383149474,579.833266684221,14.851412596937365,28483.49260101711,1.0240000486373901,-0.10000000000000003,0.34699999999999986,-0.742,28373.210372954876,64.93662422701281,39.321914016463694,646018383.4347,2561024.0,2906
1586,0.008576863347496116,579.833266684221,14.826496099850555,28483.49260101711,1.0240000486373901,-2.7755575615628914e-17,0.34699999999999986,-0.742,28373.58010771767,64.93662422701281,39.321914016463694,646018383.4347,2561024.0,2906
1587,0.006686564926518314,729.9668340323904,14.875666980686301,28483.49260101711,1.0240000486373901,-0.20000000000000004,0.34699999999999986,-0.742,28372.84986695697,64.93662422701281,39.321914016463694,646018383.4347,2561024.0,2906
1588,0.0069513549512187625,729.9668340323904,14.88981196244391,28483.49260101711,1.0240000486373901,-0.10000000000000003,0.34699999999999986,-0.742,28372.639350878642,64.93662422701281,39.321914016463694,646018383.4347,2561024.0,2906
1589,0.007195298978945886,729.9668340323904,14.890757805107842,28483.49260101711,1.0240000486373901,-2.7755575615628914e-17,0.34699999999999986,-0.742,28372.62526701192,64.93662422701281,39.321914016463694,646018383.4347,2561024.0,2906
1590,0.005460566465039621,918.9737971303117,14.821232124369379,28483.49260101711,1.0240000486373901,-0.20000000000000004,0.34699999999999986,-0.742,28373.65814017489,64.93662422701281,39.321914016463694,646018383.4347,2561024.0,2906
1591,0.005779887178601875,918.9737971303117,14.862056374091047,28483.49260101711,1.0240000486373901,-0.10000000000000003,0.34699999999999986,-0.742,28373.05224118378,64.93662422701281,39.321914016463694,646018383.4347,2561024.0,2906
1592,0.006088808040508261,918.9737971303117,14.890164670021907,28483.49260101711,1.0240000486373901,-2.7755575615628914e-17,0.34699999999999986,-0.742,28372.634099066927,64.93662422701281,39.321914016463694,646018383.4347,2561024.0,2906
1593,0.008319700389616776,579.833266684221,14.992531042899154,28483.49260101711,1.0240000486373901,-0.20000000000000004,0.34499999999999986,-0.741,28371.104607480964,65.0339231644629,39.26179165671364,646018383.4347,2561024.0,2906
1594,0.00849305256158233,579.833266684221,14.986847418597803,28483.49260101711,1.0240000486373901,-0.10000000000000003,0.34499999999999986,-0.741,28371.189803242945,65.0339231644629,39.26179165671364,646018383.4347,2561024.0,2906
1595,0.008635245089858846,579.833266684221,14.967437796407424,28483.49260101711,1.0240000486373901,-2.7755575615628914e-17,0.34499999999999986,-0.741,28371.48050392245,65.0339231644629,39.26179165671364,646018383.4347,2561024.0,2906
1596,0.006726366801965877,729.9668340323904,14.9896925982218,28483.49260101711,1.0240000486373901,-0.20000000000000004,0.34499999999999986,-0.741,28371.14715892252,65.0339231644629,39.26179165671364,646018383.4347,2561024.0,2906
1597,0.006994078485294435,729.9668340323904,15.010615997633096,28483.49260101711,1.0240000486373901,-0.10000000000000003,0.34499999999999986,-0.741,28370.833304702912,65.0339231644629,39.26179165671364,646018383.4347,2561024.0,2906
1598,0.007240547525000261,729.9668340323904,15.018084794790292,28483.49260101711,1.0240000486373901,-2.7755575615628914e-17,0.34499999999999986,-0.741,28370.721165565355,65.0339231644629,39.26179165671364,646018383.4347,2561024.0,2906
1599,0.005489807539273472,918.9737971303117,14.921390938709589,28483.49260101711,1.0240000486373901,-0.20000000000000004,0.34499999999999986,-0.741,28372.16864724421,65.0339231644629,39.26179165671364,646018383.4347,2561024.0,2906
1600,0.005812290676788353,918.9737971303117,14.969624015993773,28483.49260101711,1.0240000486373901,-0.10000000000000003,0.34499999999999986,-0.741,28371.447779427002,65.0339231644629,39.26179165671364,646018383.4347,2561024.0,2906
1601,0.006124196616552099,918.9737971303117,15.00504341658641,28483.49260101711,1.0240000486373901,-2.7755575615628914e-17,0.34499999999999986,-0.741,28370.91693705029,65.0339231644629,39.26179165671364,646018383.4347,2561024.0,2906
1602,0.00829949610327796,579.833266684221,14.95855382567144,28483.49260101711,1.0240000486373901,-0.20000000000000004,0.34599999999999986,-0.741,28371.613434739356,64.97040892747543,39.2763034864662,646018383.4347,2561024.0,2906
1603,0.008469651433731826,579.833266684221,14.947365555284687,28483.49260101711,1.0240000486373901,-0.10000000000000003,0.34599999999999986,-0.741,28371.780732495456,64.97040892747543,39.2763034864662,646018383.4347,2561024.0,2906
1604,0.008608527149263655,579.833266684221,14.922101049237858,28483.49260101711,1.0240000486373901,-2.7755575615628914e-17,0.34599999999999986,-0.741,28372.15805115528,64.97040892747543,39.2763034864662,646018383.4347,2561024.0,2906
1605,0.006714326550713016,729.9668340323904,14.964713824389737,28483.49260101711,1.0240000486373901,-0.20000000000000004,0.34599999999999986,-0.741,28371.52127109417,64.97040892747543,39.2763034864662,646018383.4347,2561024.0,2906
1606,0.006979224629243394,729.9668340323904,14.980210691738137,28483.49260101711,1.0240000486373901,-0.10000000000000003,0.34599999999999986,-0.741,28371.28924483268,64.97040892747543,39.2763034864662,646018383.4347,2561024.0,2906
1607,0.0072226350777815085,729.9668340323904,14.981805922433184,28483.49260101711,1.0240000486373901,-2.7755575615628914e-17,0.34599999999999986,-0.741,28371.265346668384,64.97040892747543,39.2763034864662,646018383.4347,2561024.0,2906
1608,0.005482814910348215,918.9737971303117,14.903635229414675,28483.49260101711,1.0240000486373901,-0.20000000000000004,0.34599999999999986,-0.741,28372.433429491386,64.97040892747543,39.2763034864662,646018383.4347,2561024.0,2906
1609,0.0058029517626889925,918.9737971303117,14.946647183204574,28483.49260101711,1.0240000486373901,-0.10000000000000003,0.34599999999999986,-0.741,28371.791470007513,64.97040892747543,39.2763034864662,646018383.4347,2561024.0,2906
1610,0.0061121858392883584,918.9737971303117,14.976305675480718,28483.49260101711,1.0240000486373901,-2.7755575615628914e-17,0.34599999999999986,-0.741,28371.347735174393,64.97040892747543,39.2763034864662,646018383.4347,2561024.0,2906
1611,0.008324047429502057,579.833266684221,14.944789830955035,28483.49260101711,1.0240000486373901,-0.20000000000000004,0.34699999999999986,-0.741,28371.819229471403,64.90696037422975,39.29084376053428,646018383.4347,2561024.0,2906
1612,0.008497702607170228,579.833266684221,14.933679585928628,28483.49260101711,1.0240000486373901,-0.10000000000000003,0.34699999999999986,-0.741,28371.98520802952,64.90696037422975,39.29084376053428,646018383.4347,2561024.0,2906
1613,0.008640550363784824,579.833266684221,14.908750611806958,28483.49260101711,1.0240000486373901,-2.7755575615628914e-17,0.34699999999999986,-0.741,28372.357178614584,64.90696037422975,39.29084376053428,646018383.4347,2561024.0,2906
1614,0.006728311539625682,729.9668340323904,14.948525751907917,28483.49260101711,1.0240000486373901,-0.20000000000000004,0.34699999999999986,-0.741,28371.763389939384,64.90696037422975,39.29084376053428,646018383.4347,2561024.0,2906
1615,0.006996062295943083,729.9668340323904,14.963946650595004,28483.49260101711,1.0240000486373901,-0.10000000000000003,0.34699999999999986,-0.741,28371.532751336184,64.90696037422975,39.29084376053428,646018383.4347,2561024.0,2906
1616,0.007242854667505309,729.9668340323904,14.96572896033794,28483.49260101711,1.0240000486373901,-2.7755575615628914e-17,0.34699999999999986,-0.741,28371.506079359962,64.90696037422975,39.29084376053428,646018383.4347,2561024.0,2906
1617,0.005490401560928736,918.9737971303117,14.885716877466143,28483.49260101711,1.0240000486373901,-0.20000000000000004,0.34699999999999986,-0.741,28372.70031753907,64.90696037422975,39.29084376053428,646018383.4347,2561024.0,2906
1618,0.005812722291542301,918.9737971303117,14.928440782849279,28483.49260101711,1.0240000486373901,-0.10000000000000003,0.34699999999999986,-0.741,28372.063428913592,64.90696037422975,39.29084376053428,646018383.4347,2561024.0,2906
1619,0.006124674770817863,918.9737971303117,14.95807405676148,28483.49260101711,1.0240000486373901,-2.7755575615628914e-17,0.34699999999999986,-0.741,28371.62061127333,64.90696037422975,39.29084376053428,646018383.4347,2561024.0,2906
1620,0.015439627670913317,290.605030894529,13.784744433864796,28483.492601060814,1.0240000486373901,-0.10000000000000003,0.34999999999999987,-0.735,28388.48301150733,64.53665493812841,39.14831976160457,646018383.4347,2561024.0,2906
1621,0.014184306985334159,290.605030894529,13.594223462062004,28483.492601060814,1.0240000486373901,0.09999999999999998,0.34999999999999987,-0.735,28391.091145292576,64.53665493812841,39.14831976160457,646018383.4347,2561024.0,2906
1622,0.012838481950159795,290.605030894529,13.346036990855378,28483.492601060814,1.0240000486373901,0.3,0.34999999999999987,-0.735,28394.434249380174,64.53665493812841,39.14831976160457,646018383.4347,2561024.0,2906
1623,0.010145581159529828,460.57793515969075,14.448358582813025,28483.492601060814,1.0240000486373901,-0.10000000000000003,0.34999999999999987,-0.735,28379.11506819204,64.53665493812841,39.14831976160457,646018383.4347,2561024.0,2906
1624,0.010045168688384811,460.57793515969075,14.315579909880954,28483.492601060814,1.0240000486373901,0.09999999999999998,0.34999999999999987,-0.735,28381.02468698272,64.53665493812841,39.14831976160457,646018383.4347,2561024.0,2906
1625,0.009763872245075966,460.57793515969075,14.111684956709162,28483.492601060814,1.0240000486373901,0.3,0.34999999999999987,-0.735,28383.92277490211,64.53665493812841,39.14831976160457,646018383.4347,2561024.0,2906
1626,0.006860673855084315,729.9668340323904,14.669837025050242,28483.492601060814,1.0240000486373901,-0.10000000000000003,0.34999999999999987,-0.735,28375.890541890047,64.53665493812841,39.14831976160457,646018383.4347,2561024.0,2906
1627,0.00729882380652483,729.9668340323904,14.629813142131997,28483.492601060814,1.0240000486373901,0.09999999999999998,0.34999999999999987,-0.735,28376.476884773965,64.53665493812841,39.14831976160457,646018383.4347,2561024.0,2906
1628,0.0075937424982079425,729.9668340323904,14.510415097541175,28483.492601060814,1.0240000486373901,0.3,0.34999999999999987,-0.735,28378.21652790934,64.53665493812841,39.14831976160457,646018383.4347,2561024.0,2906
1629,0.01562515311931148,290.605030894529,14.029476397602624,28483.492601060814,1.0240000486373901,-0.10000000000000003,0.35199999999999987,-0.735,28385.07949706537,64.40970063576356,39.17800629905764,646018383.4347,2561024.0,2906
1630,0.014333118924986475,290.605030894529,13.812935515213777,28483.492601060814,1.0240000486373901,0.09999999999999998,0.35199999999999987,-0.735,28388.094007287087,64.40970063576356,39.17800629905764,646018383.4347,2561024.0,2906
1631,0.012950957571065215,290.605030894529,13.533677033245809,28483.492601060814,1.0240000486373901,0.3,0.35199999999999987,-0.735,28391.91239404071,64.40970063576356,39.17800629905764,646018383.4347,2561024.0,2906
1632,0.010263270918395965,460.57793515969075,14.684455005922539,28483.492601060814,1.0240000486373901,-0.10000000000000003,0.35199999999999987,-0.735,28375.675991650332,64.40970063576356,39.17800629905764,646018383.4347,2561024.0,2906
1633,0.01015013134224334,460.57793515969075,14.535493889644322,28483.492601060814,1.0240000486373901,0.09999999999999998,0.35199999999999987,-0.735,28377.85230975287,64.40970063576356,39.17800629905764,646018383.4347,2561024.0,2906
1634,0.009852050793868286,460.57793515969075,14.30876325558743,28483.492601060814,1.0240000486373901,0.3,0.35199999999999987,-0.735,28381.12224810859,64.40970063576356,39.17800629905764,646018383.4347,2561024.0,2906
1635,0.006934807456710127,729.9668340323904,14.881367335444004,28483.492601060814,1.0240000486373901,-0.10000000000000003,0.35199999999999987,-0.735,28372.765054174604,64.40970063576356,39.17800629905764,646018383.4347,2561024.0,2906
1636,0.007371924862017349,729.9668340323904,14.835143240864355,28483.492601060814,1.0240000486373901,0.09999999999999998,0.35199999999999987,-0.735,28373.451863572333,64.40970063576356,39.17800629905764,646018383.4347,2561024.0,2906
1637,0.007661219124261994,729.9668340323904,14.701868727241795,28483.492601060814,1.0240000486373901,0.3,0.35199999999999987,-0.735,28375.42012902429,64.40970063576356,39.17800629905764,646018383.4347,2561024.0,2906
1638,0.015406784492519688,290.605030894529,13.855097099343968,28483.492601060814,1.0240000486373901,-0.10000000000000003,0.35399999999999987,-0.735,28387.51074324469,64.28301519952676,39.20780513632251,646018383.4347,2561024.0,2906
1639,0.014107807428893839,290.605030894529,13.618463307975098,28483.492601060814,1.0240000486373901,0.09999999999999998,0.35399999999999987,-0.735,28390.761329625482,64.28301519952676,39.20780513632251,646018383.4347,2561024.0,2906
1640,0.012721754227668127,290.605030894529,13.317467532426269,28483.492601060814,1.0240000486373901,0.3,0.35399999999999987,-0.735,28394.8151303222,64.28301519952676,39.20780513632251,646018383.4347,2561024.0,2906
1641,0.01015908827409587,460.57793515969075,14.551619746657746,28483.492601060814,1.0240000486373901,-0.10000000000000003,0.35399999999999987,-0.735,28377.617782435154,64.28301519952676,39.20780513632251,646018383.4347,2561024.0,2906
1642,0.010029977298454567,460.57793515969075,14.38135004145226,28483.492601060814,1.0240000486373901,0.09999999999999998,0.35399999999999987,-0.735,28380.080986553425,64.28301519952676,39.20780513632251,646018383.4347,2561024.0,2906
1643,0.00971604161771322,460.57793515969075,14.130431011384703,28483.492601060814,1.0240000486373901,0.3,0.35399999999999987,-0.735,28383.658060777063,64.28301519952676,39.20780513632251,646018383.4347,2561024.0,2906
1644,0.006881142888741142,729.9668340323904,14.77935123103368,28483.492601060814,1.0240000486373901,-0.10000000000000003,0.35399999999999987,-0.735,28374.277989655686,64.28301519952676,39.20780513632251,646018383.4347,2561024.0,2906
1645,0.0073031011996591575,729.9668340323904,14.711808781674637,28483.492601060814,1.0240000486373901,0.09999999999999998,0.35399999999999987,-0.735,28375.273942246535,64.28301519952676,39.20780513632251,646018383.4347,2561024.0,2906
1646,0.0075749834715259125,729.9668340323904,14.55321664202311,28483.492601060814,1.0240000486373901,0.3,0.35399999999999987,-0.735,28377.594543745985,64.28301519952676,39.20780513632251,646018383.4347,2561024.0,2906
1647,0.015332520058785078,290.605030894529,13.755732639392809,28483.492601060814,1.0240000486373901,-0.10000000000000003,0.34999999999999987,-0.733,28388.882510837586,64.47600204222955,39.08605716258602,646018383.4347,2561024.0,2906
1648,0.0140735717017557,290.605030894529,13.554544835380844,28483.492601060814,1.0240000486373901,0.09999999999999998,0.34999999999999987,-0.733,28391.62975821364,64.47600204222955,39.08605716258602,646018383.4347,2561024.0,2906
1649,0.012726695111191691,290.605030894529,13.295267828233488,28483.492601060814,1.0240000486373901,0.3,0.34999999999999987,-0.733,28395.110527748584,64.47600204222955,39.08605716258602,646018383.4347,2561024.0,2906
1650,0.010096767610304732,460.57793515969075,14.44107053286326,28483.492601060814,1.0240000486373901,-0.10000000000000003,0.34999999999999987,-0.733,28379.22034199325,64.47600204222955,39.08605716258602,646018383.4347,2561024.0,2906
1651,0.00998762218265338,460.57793515969075,14.297004560464119,28483.492601060814,1.0240000486373901,0.09999999999999998,0.34999999999999987,-0.733,28381.29043135985,64.47600204222955,39.08605716258602,646018383.4347,2561024.0,2906
1652,0.009698128462192973,460.57793515969075,14.080608971434257,28483.492601060814,1.0240000486373901,0.3,0.34999999999999987,-0.733,28384.360826557597,64.47600204222955,39.08605716258602,646018383.4347,2561024.0,2906
1653,0.006836403378404259,729.9668340323904,14.674696424142178,28483.492601060814,1.0240000486373901,-0.10000000000000003,0.34999999999999987,-0.733,28375.81924349045,64.47600204222955,39.08605716258602,646018383.4347,2561024.0,2906
1654,0.007266509595412404,729.9668340323904,14.624145290951665,28483.492601060814,1.0240000486373901,0.09999999999999998,0.34999999999999987,-0.733,28376.559788315382,64.47600204222955,39.08605716258602,646018383.4347,2561024.0,2906
1655,0.007552360484757266,729.9668340323904,14.492271510520169,28483.492601060814,1.0240000486373901,0.3,0.34999999999999987,-0.733,28378.479634293497,64.47600204222955,39.08605716258602,646018383.4347,2561024.0,2906
1656,0.015662982554897686,290.605030894529,14.13276816261727,28483.492601060814,1.0240000486373901,-0.10000000000000003,0.35199999999999987,-0.733,28383.62503309167,64.3488303939018,39.11586221474169,646018383.4347,2561024.0,2906
1657,0.014379515740548321,290.605030894529,13.929865646112898,28483.492601060814,1.0240000486373901,0.09999999999999998,0.35199999999999987,-0.733,28386.472022601436,64.3488303939018,39.11586221474169,646018383.4347,2561024.0,2906
1658,0.013007265306404765,290.605030894529,13.667305746988124,28483.492601060814,1.0240000486373901,0.3,0.35199999999999987,-0.733,28390.094977869987,64.3488303939018,39.11586221474169,646018383.4347,2561024.0,2906
1659,0.010285861550083566,460.57793515969075,14.776380322932258,28483.492601060814,1.0240000486373901,-0.10000000000000003,0.35199999999999987,-0.733,28374.321893336844,64.3488303939018,39.11586221474169,646018383.4347,2561024.0,2906
1660,0.010178002233231042,460.57793515969075,14.638973135110318,28483.492601060814,1.0240000486373901,0.09999999999999998,0.35199999999999987,-0.733,28376.342833835573,64.3488303939018,39.11586221474169,646018383.4347,2561024.0,2906
1661,0.009886952460993255,460.57793515969075,14.427105227005184,28483.492601060814,1.0240000486373901,0.3,0.35199999999999987,-0.733,28379.421918445274,64.3488303939018,39.11586221474169,646018383.4347,2561024.0,2906
1662,0.006948896862954917,729.9668340323904,14.963610117905386,28483.492601060814,1.0240000486373901,-0.10000000000000003,0.35199999999999987,-0.733,28371.537787180474,64.3488303939018,39.11586221474169,646018383.4347,2561024.0,2906
1663,0.0073900832383448955,729.9668340323904,14.928014408950846,28483.492601060814,1.0240000486373901,0.09999999999999998,0.35199999999999987,-0.733,28372.069793963892,64.3488303939018,39.11586221474169,646018383.4347,2561024.0,2906
1664,0.007685017274418997,729.9668340323904,14.80871727553679,28483.492601060814,1.0240000486373901,0.3,0.35199999999999987,-0.733,28373.843547387423,64.3488303939018,39.11586221474169,646018383.4347,2561024.0,2906
1665,0.015537812694642343,290.605030894529,14.063994580287371,28483.492601060814,1.0240000486373901,-0.10000000000000003,0.35399999999999987,-0.733,28384.594629283638,64.22192926665913,39.14577982947177,646018383.4347,2561024.0,2906
1666,0.014252509316758573,290.605030894529,13.852709520534805,28483.492601060814,1.0240000486373901,0.09999999999999998,0.35399999999999987,-0.733,28387.543820530656,64.22192926665913,39.14577982947177,646018383.4347,2561024.0,2906
1667,0.012879107981651832,290.605030894529,13.579433067102268,28483.492601060814,1.0240000486373901,0.3,0.35399999999999987,-0.733,28391.29209984886,64.22192926665913,39.14577982947177,646018383.4347,2561024.0,2906
1668,0.010220078135352037,460.57793515969075,14.714253651817208,28483.492601060814,1.0240000486373901,-0.10000000000000003,0.35399999999999987,-0.733,28375.237970795806,64.22192926665913,39.14577982947177,646018383.4347,2561024.0,2906
1669,0.010104656682837629,460.57793515969075,14.569508368201616,28483.492601060814,1.0240000486373901,0.09999999999999998,0.35399999999999987,-0.733,28377.357314015266,64.22192926665913,39.14577982947177,646018383.4347,2561024.0,2906
1670,0.009805703387043936,460.57793515969075,14.347644680658021,28483.492601060814,1.0240000486373901,0.3,0.35399999999999987,-0.733,28380.565147119607,64.22192926665913,39.14577982947177,646018383.4347,2561024.0,2906
1671,0.006913265431306189,729.9668340323904,14.910068696090862,28483.492601060814,1.0240000486373901,-0.10000000000000003,0.35399999999999987,-0.733,28372.33752679974,64.22192926665913,39.14577982947177,646018383.4347,2561024.0,2906
1672,0.007346417330805707,729.9668340323904,14.867526266664438,28483.492601060814,1.0240000486373901,0.09999999999999998,0.35399999999999987,-0.733,28372.970932415836,64.22192926665913,39.14577982947177,646018383.4347,2561024.0,2906
1673,0.007631862165073929,729.9668340323904,14.738374910716336,28483.492601060814,1.0240000486373901,0.3,0.35399999999999987,-0.733,28374.882753556398,64.22192926665913,39.14577982947177,646018383.4347,2561024.0,2906
1674,0.014962274172263607,290.605030894529,13.495014151572134,28483.492601060814,1.0240000486373901,-0.10000000000000003,0.34999999999999987,-0.731,28392.434897585248,64.4150790142572,39.023716069823564,646018383.4347,2561024.0,2906
1675,0.013693365606905053,290.605030894529,13.268438765384483,28483.492601060814,1.0240000486373901,0.09999999999999998,0.34999999999999987,-0.731,28395.466867425435,64.4150790142572,39.023716069823564,646018383.4347,2561024.0,2906
1676,0.012341473947260654,290.605030894529,12.981614307475645,28483.492601060814,1.0240000486373901,0.3,0.34999999999999987,-0.731,28399.231446046786,64.4150790142572,39.023716069823564,646018383.4347,2561024.0,2906
1677,0.009928873209315039,460.57793515969075,14.240669640290626,28483.492601060814,1.0240000486373901,-0.10000000000000003,0.34999999999999987,-0.731,28382.094265158867,64.4150790142572,39.023716069823564,646018383.4347,2561024.0,2906
1678,0.009792432655029616,460.57793515969075,14.06815259485612,28483.492601060814,1.0240000486373901,0.09999999999999998,0.34999999999999987,-0.731,28384.536142344736,64.4150790142572,39.023716069823564,646018383.4347,2561024.0,2906
1679,0.00947534955451659,460.57793515969075,13.819419159282496,28483.492601060814,1.0240000486373901,0.3,0.34999999999999987,-0.731,28388.004428110842,64.4150790142572,39.023716069823564,646018383.4347,2561024.0,2906
1680,0.0067564250724104985,729.9668340323904,14.521392032072686,28483.492601060814,1.0240000486373901,-0.10000000000000003,0.34999999999999987,-0.731,28378.057187786242,64.4150790142572,39.023716069823564,646018383.4347,2561024.0,2906
1681,0.0071612939825391846,729.9668340323904,14.441703727728473,28483.492601060814,1.0240000486373901,0.09999999999999998,0.34999999999999987,-0.731,28379.21119778107,64.4150790142572,39.023716069823564,646018383.4347,2561024.0,2906
1682,0.007417316467973513,729.9668340323904,14.275081969056375,28483.492601060814,1.0240000486373901,0.3,0.34999999999999987,-0.731,28381.603618449175,64.4150790142572,39.023716069823564,646018383.4347,2561024.0,2906
1683,0.015352084833831868,290.605030894529,13.908739785118021,28483.492601060814,1.0240000486373901,-0.10000000000000003,0.35199999999999987,-0.731,28386.76607985575,64.28768962890861,39.0536401725616,646018383.4347,2561024.0,2906
1684,0.014079787153590968,290.605030894529,13.705702147665084,28483.492601060814,1.0240000486373901,0.09999999999999998,0.35199999999999987,-0.731,28389.56946538056,64.28768962890861,39.0536401725616,646018383.4347,2561024.0,2906
1685,0.0127222902973197,290.605030894529,13.444628197759723,28483.492601060814,1.0240000486373901,0.3,0.35199999999999987,-0.731,28393.113587372816,64.28768962890861,39.0536401725616,646018383.4347,2561024.0,2906
1686,0.010133801268591756,460.57793515969075,14.584920133302136,28483.492601060814,1.0240000486373901,-0.10000000000000003,0.35199999999999987,-0.731,28377.132653413413,64.28768962890861,39.0536401725616,646018383.4347,2561024.0,2906
1687,0.010014354420325404,460.57793515969075,14.441311183940739,28483.492601060814,1.0240000486373901,0.09999999999999998,0.35199999999999987,-0.731,28379.21686670511,64.28768962890861,39.0536401725616,646018383.4347,2561024.0,2906
1688,0.009713691836660836,460.57793515969075,14.22446647259442,28483.492601060814,1.0240000486373901,0.3,0.35199999999999987,-0.731,28382.324877845833,64.28768962890861,39.0536401725616,646018383.4347,2561024.0,2906
1689,0.006871577782998056,729.9668340323904,14.80597187700619,28483.492601060814,1.0240000486373901,-0.10000000000000003,0.35199999999999987,-0.731,28373.884199449465,64.28768962890861,39.0536401725616,646018383.4347,2561024.0,2906
1690,0.0072975247134748926,729.9668340323904,14.759699919356708,28483.492601060814,1.0240000486373901,0.09999999999999998,0.35199999999999987,-0.731,28374.568230206085,64.28768962890861,39.0536401725616,646018383.4347,2561024.0,2906
1691,0.007576320980078713,729.9668340323904,14.630235841143078,28483.492601060814,1.0240000486373901,0.3,0.35199999999999987,-0.731,28376.47070067708,64.28768962890861,39.0536401725616,646018383.4347,2561024.0,2906
1692,0.015309335051334326,290.605030894529,13.927832252909612,28483.492601060814,1.0240000486373901,-0.10000000000000003,0.35399999999999987,-0.731,28386.50034542822,64.16057243188051,39.08367710027575,646018383.4347,2561024.0,2906
1693,0.014031178187382967,290.605030894529,13.719925171582661,28483.492601060814,1.0240000486373901,0.09999999999999998,0.35399999999999987,-0.731,28389.3744277039,64.16057243188051,39.08367710027575,646018383.4347,2561024.0,2906
1694,0.012667412216801708,290.605030894529,13.451331427726851,28483.492601060814,1.0240000486373901,0.3,0.35399999999999987,-0.731,28393.023442471538,64.16057243188051,39.08367710027575,646018383.4347,2561024.0,2906
1695,0.01011271963688221,460.57793515969075,14.597536804181958,28483.492601060814,1.0240000486373901,-0.10000000000000003,0.35399999999999987,-0.731,28376.94856068609,64.16057243188051,39.08367710027575,646018383.4347,2561024.0,2906
1696,0.009987810815282916,460.57793515969075,14.451675999325616,28483.492601060814,1.0240000486373901,0.09999999999999998,0.35399999999999987,-0.731,28379.067131466072,64.16057243188051,39.08367710027575,646018383.4347,2561024.0,2906
1697,0.00968028270070961,460.57793515969075,14.229823027215085,28483.492601060814,1.0240000486373901,0.3,0.35399999999999987,-0.731,28382.248669367884,64.16057243188051,39.08367710027575,646018383.4347,2561024.0,2906
1698,0.0068615421930197425,729.9668340323904,14.81500275207387,28483.492601060814,1.0240000486373901,-0.10000000000000003,0.35399999999999987,-0.731,28373.750447788836,64.16057243188051,39.08367710027575,646018383.4347,2561024.0,2906
1699,0.007283334207765124,729.9668340323904,14.768098509902734,28483.492601060814,1.0240000486373901,0.09999999999999998,0.35399999999999987,-0.731,28374.44423426172,64.16057243188051,39.08367710027575,646018383.4347,2561024.0,2906
1700,0.0075560863741056,729.9668340323904,14.635305391609267,28483.492601060814,1.0240000486373901,0.3,0.35399999999999987,-0.731,28376.39651910798,64.16057243188051,39.08367710027575,646018383.4347,2561024.0,2906
1701,0.008205200331713122,579.833266684221,14.804542695654291,28483.492601060814,1.0240000486373901,-0.20000000000000004,0.35099999999999987,-0.734,28373.90535884709,64.44279700237804,39.13205705015788,646018383.4347,2561024.0,2906
1702,0.008365024572683618,579.833266684221,14.780339314963962,28483.492601060814,1.0240000486373901,-0.10000000000000003,0.35099999999999987,-0.734,28374.26338592808,64.44279700237804,39.13205705015788,646018383.4347,2561024.0,2906
1703,0.008493165841880892,579.833266684221,14.741642153333334,28483.492601060814,1.0240000486373901,-2.7755575615628914e-17,0.35099999999999987,-0.734,28374.834594372347,64.44279700237804,39.13205705015788,646018383.4347,2561024.0,2906
1704,0.006650604155498968,729.9668340323904,14.835750890965112,28483.492601060814,1.0240000486373901,-0.20000000000000004,0.35099999999999987,-0.734,28373.442848811428,64.44279700237804,39.13205705015788,646018383.4347,2561024.0,2906
1705,0.006906123004064012,729.9668340323904,14.837898165076611,28483.492601060814,1.0240000486373901,-0.10000000000000003,0.35099999999999987,-0.734,28373.410990082222,64.44279700237804,39.13205705015788,646018383.4347,2561024.0,2906
1706,0.007139428357245255,729.9668340323904,14.825521710450252,28483.492601060814,1.0240000486373901,-2.7755575615628914e-17,0.35099999999999987,-0.734,28373.5945540673,64.44279700237804,39.13205705015788,646018383.4347,2561024.0,2906
1707,0.00543899621206148,918.9737971303117,14.795526431500821,28483.492601060814,1.0240000486373901,-0.20000000000000004,0.35099999999999987,-0.734,28374.038799868194,64.44279700237804,39.13205705015788,646018383.4347,2561024.0,2906
1708,0.0057509535459339955,918.9737971303117,14.825142610187063,28483.492601060814,1.0240000486373901,-0.10000000000000003,0.35099999999999987,-0.734,28373.600174354622,64.44279700237804,39.13205705015788,646018383.4347,2561024.0,2906
1709,0.006051078969090535,918.9737971303117,14.840588753774096,28483.492601060814,1.0240000486373901,-2.7755575615628914e-17,0.35099999999999987,-0.734,28373.37106378149,64.44279700237804,39.13205705015788,646018383.4347,2561024.0,2906
1710,0.008179064444644975,579.833266684221,14.877909509398231,28483.492601060814,1.0240000486373901,-0.20000000000000004,0.35199999999999987,-0.734,28372.816505375893,64.37929922650166,39.14694401633528,646018383.4347,2561024.0,2906
1711,0.008331440233035966,579.833266684221,14.850470813468698,28483.492601060814,1.0240000486373901,-0.10000000000000003,0.35199999999999987,-0.734,28373.22435936997,64.37929922650166,39.14694401633528,646018383.4347,2561024.0,2906
1712,0.008451213623825811,579.833266684221,14.807710253429114,28483.492601060814,1.0240000486373901,-2.7755575615628914e-17,0.35199999999999987,-0.734,28373.85845958606,64.37929922650166,39.14694401633528,646018383.4347,2561024.0,2906
1713,0.006639402017916923,729.9668340323904,14.910714498685515,28483.492601060814,1.0240000486373901,-0.20000000000000004,0.35199999999999987,-0.734,28372.32789763016,64.37929922650166,39.14694401633528,646018383.4347,2561024.0,2906
1714,0.006889160405989581,729.9668340323904,14.910666450178853,28483.492601060814,1.0240000486373901,-0.10000000000000003,0.35199999999999987,-0.734,28372.32861406657,64.37929922650166,39.14694401633528,646018383.4347,2561024.0,2906
1715,0.007115614628984688,729.9668340323904,14.895169315111511,28483.492601060814,1.0240000486373901,-2.7755575615628914e-17,0.35199999999999987,-0.734,28372.559566597894,64.37929922650166,39.14694401633528,646018383.4347,2561024.0,2906
1716,0.005436221455465803,918.9737971303117,14.870292565728459,28483.492601060814,1.0240000486373901,-0.20000000000000004,0.35199999999999987,-0.734,28372.929800565635,64.37929922650166,39.14694401633528,646018383.4347,2561024.0,2906
1717,0.005743995178853228,918.9737971303117,14.89882713522705,28483.492601060814,1.0240000486373901,-0.10000000000000003,0.35199999999999987,-0.734,28372.505076058125,64.37929922650166,39.14694401633528,646018383.4347,2561024.0,2906
1718,0.0060388038436884756,918.9737971303117,14.91220053955199,28483.492601060814,1.0240000486373901,-2.7755575615628914e-17,0.35199999999999987,-0.734,28372.305738594907,64.37929922650166,39.14694401633528,646018383.4347,2561024.0,2906
1719,0.00822171653499796,579.833266684221,14.877251641370865,28483.492601060814,1.0240000486373901,-0.20000000000000004,0.35299999999999987,-0.734,28372.826292860478,64.31586887383581,39.16185909031919,646018383.4347,2561024.0,2906
1720,0.008378764484754359,579.833266684221,14.850292923073056,28483.492601060814,1.0240000486373901,-0.10000000000000003,0.35299999999999987,-0.734,28373.227001110277,64.31586887383581,39.16185909031919,646018383.4347,2561024.0,2906
1721,0.008503541136822886,579.833266684221,14.807944474169993,28483.492601060814,1.0240000486373901,-2.7755575615628914e-17,0.35299999999999987,-0.734,28373.854991285763,64.31586887383581,39.16185909031919,646018383.4347,2561024.0,2906
1722,0.006665337135335841,729.9668340323904,14.904513498210124,28483.492601060814,1.0240000486373901,-0.20000000000000004,0.35299999999999987,-0.734,28372.42033975165,64.31586887383581,39.16185909031919,646018383.4347,2561024.0,2906
1723,0.006919207979542698,729.9668340323904,14.905032517568884,28483.492601060814,1.0240000486373901,-0.10000000000000003,0.35299999999999987,-0.734,28372.41260388592,64.31586887383581,39.16185909031919,646018383.4347,2561024.0,2906
1724,0.00715025265336019,729.9668340323904,14.890092183848518,28483.492601060814,1.0240000486373901,-2.7755575615628914e-17,0.35299999999999987,-0.734,28372.63517843906,64.31586887383581,39.16185909031919,646018383.4347,2561024.0,2906
1725,0.005451679747175161,918.9737971303117,14.859749282043243,28483.492601060814,1.0240000486373901,-0.20000000000000004,0.35299999999999987,-0.734,28373.086526698222,64.31586887383581,39.16185909031919,646018383.4347,2561024.0,2906
1726,0.005762822495667992,918.9737971303117,14.88877385405093,28483.492601060814,1.0240000486373901,-0.10000000000000003,0.35299999999999987,-0.734,28372.65480762228,64.31586887383581,39.16185909031919,646018383.4347,2561024.0,2906
1727,0.00606155348377101,918.9737971303117,14.902681744650602,28483.492601060814,1.0240000486373901,-2.7755575615628914e-17,0.35299999999999987,-0.734,28372.447639469643,64.31586887383581,39.16185909031919,646018383.4347,2561024.0,2906
1728,0.008244525558354029,579.833266684221,14.841147786036654,28483.492601060814,1.0240000486373901,-0.20000000000000004,0.35099999999999987,-0.733,28373.362767257324,64.4123824270833,39.100945569902265,646018383.4347,2561024.0,2906
1729,0.00840935278637288,579.833266684221,14.820999756370156,28483.492601060814,1.0240000486373901,-0.10000000000000003,0.35099999999999987,-0.733,28373.661584171652,64.4123824270833,39.100945569902265,646018383.4347,2561024.0,2906
1730,0.008542971715097731,579.833266684221,14.786798760739902,28483.492601060814,1.0240000486373901,-2.7755575615628914e-17,0.35099999999999987,-0.733,28374.167892265505,64.4123824270833,39.100945569902265,646018383.4347,2561024.0,2906
1731,0.0066754480002390055,729.9668340323904,14.864350528777447,28483.492601060814,1.0240000486373901,-0.20000000000000004,0.35099999999999987,-0.733,28373.01814273963,64.4123824270833,39.100945569902265,646018383.4347,2561024.0,2906
1732,0.006935271949869564,729.9668340323904,14.870392659072323,28483.492601060814,1.0240000486373901,-0.10000000000000003,0.35099999999999987,-0.733,28372.928312143318,64.4123824270833,39.100945569902265,646018383.4347,2561024.0,2906
1733,0.007173462942274892,729.9668340323904,14.862412403016776,28483.492601060814,1.0240000486373901,-2.7755575615628914e-17,0.35099999999999987,-0.733,28373.04694984214,64.4123824270833,39.100945569902265,646018383.4347,2561024.0,2906
1734,0.005454668015470888,918.9737971303117,14.817608946871076,28483.492601060814,1.0240000486373901,-0.20000000000000004,0.35099999999999987,-0.733,28373.711833609617,64.4123824270833,39.100945569902265,646018383.4347,2561024.0,2906
1735,0.005770162019496303,918.9737971303117,14.850864780599403,28483.492601060814,1.0240000486373901,-0.10000000000000003,0.35099999999999987,-0.733,28373.21850869499,64.4123824270833,39.100945569902265,646018383.4347,2561024.0,2906
1736,0.0060744536958150805,918.9737971303117,14.87050669117331,28483.492601060814,1.0240000486373901,-2.7755575615628914e-17,0.35099999999999987,-0.733,28372.9266164347,64.4123824270833,39.100945569902265,646018383.4347,2561024.0,2906
1737,0.008258169417946095,579.833266684221,14.936866409467246,28483.492601060814,1.0240000486373901,-0.20000000000000004,0.35199999999999987,-0.733,28371.93761199368,64.3488303939018,39.11586221474169,646018383.4347,2561024.0,2906
1738,0.008419276283176451,579.833266684221,14.915346572736848,28483.492601060814,1.0240000486373901,-0.10000000000000003,0.35199999999999987,-0.733,28372.258819368388,64.3488303939018,39.11586221474169,646018383.4347,2561024.0,2906
1739,0.00854851695409976,579.833266684221,14.879211698038734,28483.492601060814,1.0240000486373901,-2.7755575615628914e-17,0.35199999999999987,-0.733,28372.797130683288,64.3488303939018,39.11586221474169,646018383.4347,2561024.0,2906
1740,0.006691394404027993,729.9668340323904,14.957964323257501,28483.492601060814,1.0240000486373901,-0.20000000000000004,0.35199999999999987,-0.733,28371.622252712892,64.3488303939018,39.11586221474169,646018383.4347,2561024.0,2906
1741,0.006948896862954917,729.9668340323904,14.963610117905386,28483.492601060814,1.0240000486373901,-0.10000000000000003,0.35199999999999987,-0.733,28371.537787180474,64.3488303939018,39.11586221474169,646018383.4347,2561024.0,2906
1742,0.00718404308079041,729.9668340323904,14.954603961522944,28483.492601060814,1.0240000486373901,-2.7755575615628914e-17,0.35199999999999987,-0.733,28371.672511237815,64.3488303939018,39.11586221474169,646018383.4347,2561024.0,2906
1743,0.005470580511019328,918.9737971303117,14.907805637466153,28483.492601060814,1.0240000486373901,-0.20000000000000004,0.35199999999999987,-0.733,28372.37126659858,64.3488303939018,39.11586221474169,646018383.4347,2561024.0,2906
1744,0.005784895244536623,918.9737971303117,14.941672690405843,28483.492601060814,1.0240000486373901,-0.10000000000000003,0.35199999999999987,-0.733,28371.865809667204,64.3488303939018,39.11586221474169,646018383.4347,2561024.0,2906
1745,0.00608730517826843,918.9737971303117,14.96125659619087,28483.492601060814,1.0240000486373901,-2.7755575615628914e-17,0.35199999999999987,-0.733,28371.57300159228,64.3488303939018,39.11586221474169,646018383.4347,2561024.0,2906
1746,0.008274619895725963,579.833266684221,14.971776621401412,28483.492601060814,1.0240000486373901,-0.20000000000000004,0.35299999999999987,-0.733,28371.415553460243,64.28534599118345,39.13080700022181,646018383.4347,2561024.0,2906
1747,0.008438321724192836,579.833266684221,14.954717940986628,28483.492601060814,1.0240000486373901,-0.10000000000000003,0.35299999999999987,-0.733,28371.67080671358,64.28534599118345,39.13080700022181,646018383.4347,2561024.0,2906
1748,0.008570263468698082,579.833266684221,14.923142499405676,28483.492601060814,1.0240000486373901,-2.7755575615628914e-17,0.35299999999999987,-0.733,28372.14251003203,64.28534599118345,39.13080700022181,646018383.4347,2561024.0,2906
1749,0.006700996262433809,729.9668340323904,14.984271816174816,28483.492601060814,1.0240000486373901,-0.20000000000000004,0.35299999999999987,-0.733,28371.22840013031,64.28534599118345,39.13080700022181,646018383.4347,2561024.0,2906
1750,0.006960740277554112,729.9668340323904,14.994438598646273,28483.492601060814,1.0240000486373901,-0.10000000000000003,0.35299999999999987,-0.733,28371.076006616528,64.28534599118345,39.13080700022181,646018383.4347,2561024.0,2906
1751,0.0071983179085219375,729.9668340323904,14.990131150980037,28483.492601060814,1.0240000486373901,-2.7755575615628914e-17,0.35299999999999987,-0.733,28371.140585099023,64.28534599118345,39.13080700022181,646018383.4347,2561024.0,2906
1752,0.005476049101530033,918.9737971303117,14.92728592918612,28483.492601060814,1.0240000486373901,-0.20000000000000004,0.35299999999999987,-0.733,28372.080668454975,64.28534599118345,39.13080700022181,646018383.4347,2561024.0,2906
1753,0.005792212193564059,918.9737971303117,14.96560183177072,28483.492601060814,1.0240000486373901,-0.10000000000000003,0.35299999999999987,-0.733,28371.507981967265,64.28534599118345,39.13080700022181,646018383.4347,2561024.0,2906
1754,0.0060967108968207236,918.9737971303117,14.989890691528283,28483.492601060814,1.0240000486373901,-2.7755575615628914e-17,0.35299999999999987,-0.733,28371.14418958883,64.28534599118345,39.13080700022181,646018383.4347,2561024.0,2906
1755,0.008151384008292519,579.833266684221,14.741584445695098,28483.492601060814,1.0240000486373901,-0.20000000000000004,0.35099999999999987,-0.732,28374.835445076034,64.38190026969549,39.06981453314176,646018383.4347,2561024.0,2906
1756,0.008307814975345171,579.833266684221,14.715070524164688,28483.492601060814,1.0240000486373901,-0.10000000000000003,0.35099999999999987,-0.732,28375.225950795244,64.38190026969549,39.06981453314176,646018383.4347,2561024.0,2906
1757,0.008432705182790249,579.833266684221,14.674244626948184,28483.492601060814,1.0240000486373901,-2.7755575615628914e-17,0.35099999999999987,-0.732,28375.825873375055,64.38190026969549,39.06981453314176,646018383.4347,2561024.0,2906
1758,0.006612554243648287,729.9668340323904,14.781486143422756,28483.492601060814,1.0240000486373901,-0.20000000000000004,0.35099999999999987,-0.732,28374.246434756715,64.38190026969549,39.06981453314176,646018383.4347,2561024.0,2906
1759,0.006864529714997944,729.9668340323904,14.780820457935125,28483.492601060814,1.0240000486373901,-0.10000000000000003,0.35099999999999987,-0.732,28374.256274355957,64.38190026969549,39.06981453314176,646018383.4347,2561024.0,2906
1760,0.00709424430753587,729.9668340323904,14.765745398398447,28483.492601060814,1.0240000486373901,-2.7755575615628914e-17,0.35099999999999987,-0.732,28374.47898247565,64.38190026969549,39.06981453314176,646018383.4347,2561024.0,2906
1761,0.0054117082104703125,918.9737971303117,14.74900920592025,28483.492601060814,1.0240000486373901,-0.20000000000000004,0.35099999999999987,-0.732,28374.725964782654,64.38190026969549,39.06981453314176,646018383.4347,2561024.0,2906
1762,0.005720291453919373,918.9737971303117,14.775448473189376,28483.492601060814,1.0240000486373901,-0.10000000000000003,0.35099999999999987,-0.732,28374.335662268877,64.38190026969549,39.06981453314176,646018383.4347,2561024.0,2906
1763,0.0060168565323837275,918.9737971303117,14.787765584722775,28483.492601060814,1.0240000486373901,-2.7755575615628914e-17,0.35099999999999987,-0.732,28374.15359556646,64.38190026969549,39.06981453314176,646018383.4347,2561024.0,2906
1764,0.008166318256434052,579.833266684221,14.84328467315491,28483.492601060814,1.0240000486373901,-0.20000000000000004,0.35199999999999987,-0.732,28373.331051116656,64.31829393071096,39.084760923617345,646018383.4347,2561024.0,2906
1765,0.008319566809749762,579.833266684221,14.81666001976628,28483.492601060814,1.0240000486373901,-0.10000000000000003,0.35199999999999987,-0.732,28373.725893990144,64.31829393071096,39.084760923617345,646018383.4347,2561024.0,2906
1766,0.008440697943005384,579.833266684221,14.775309043922588,28483.492601060814,1.0240000486373901,-2.7755575615628914e-17,0.35199999999999987,-0.732,28374.337722389104,64.31829393071096,39.084760923617345,646018383.4347,2561024.0,2906
1767,0.006629499679171454,729.9668340323904,14.880305604360048,28483.492601060814,1.0240000486373901,-0.20000000000000004,0.35199999999999987,-0.732,28372.78085362124,64.31829393071096,39.084760923617345,646018383.4347,2561024.0,2906
1768,0.006879560405458472,729.9668340323904,14.880384589753932,28483.492601060814,1.0240000486373901,-0.10000000000000003,0.35199999999999987,-0.732,28372.77967829132,64.31829393071096,39.084760923617345,646018383.4347,2561024.0,2906
1769,0.007106714949764214,729.9668340323904,14.865579293488457,28483.492601060814,1.0240000486373901,-2.7755575615628914e-17,0.35199999999999987,-0.732,28372.999877195318,64.31829393071096,39.084760923617345,646018383.4347,2561024.0,2906
1770,0.005428438927357255,918.9737971303117,14.843853479814298,28483.492601060814,1.0240000486373901,-0.20000000000000004,0.35199999999999987,-0.732,28373.322607995717,64.31829393071096,39.084760923617345,646018383.4347,2561024.0,2906
1771,0.005736162991892611,918.9737971303117,14.871942205518694,28483.492601060814,1.0240000486373901,-0.10000000000000003,0.35199999999999987,-0.732,28372.90526857867,64.31829393071096,39.084760923617345,646018383.4347,2561024.0,2906
1772,0.006031238723944492,918.9737971303117,14.885398497347449,28483.492601060814,1.0240000486373901,-2.7755575615628914e-17,0.35199999999999987,-0.732,28372.705056848397,64.31829393071096,39.084760923617345,646018383.4347,2561024.0,2906
1773,0.008233206072997372,579.833266684221,14.921032374388513,28483.492601060814,1.0240000486373901,-0.20000000000000004,0.35299999999999987,-0.732,28372.17399750204,64.25475543020951,39.09973548754523,646018383.4347,2561024.0,2906
1774,0.008393189097110329,579.833266684221,14.900916096861986,28483.492601060814,1.0240000486373901,-0.10000000000000003,0.35299999999999987,-0.732,28372.473950797954,64.25475543020951,39.09973548754523,646018383.4347,2561024.0,2906
1775,0.00852137025740921,579.833266684221,14.866325315031503,28483.492601060814,1.0240000486373901,-2.7755575615628914e-17,0.35299999999999987,-0.732,28372.98878687464,64.25475543020951,39.09973548754523,646018383.4347,2561024.0,2906
1776,0.006674060557475859,729.9668340323904,14.943723660146063,28483.492601060814,1.0240000486373901,-0.20000000000000004,0.35299999999999987,-0.732,28371.83516264541,64.25475543020951,39.09973548754523,646018383.4347,2561024.0,2906
1777,0.006930290614561034,729.9668340323904,14.950476087242416,28483.492601060814,1.0240000486373901,-0.10000000000000003,0.35299999999999987,-0.732,28371.73423344321,64.25475543020951,39.09973548754523,646018383.4347,2561024.0,2906
1778,0.007164142927218726,729.9668340323904,14.94271435245599,28483.492601060814,1.0240000486373901,-2.7755575615628914e-17,0.35299999999999987,-0.732,28371.850244951267,64.25475543020951,39.09973548754523,646018383.4347,2561024.0,2906
1779,0.005458429907395721,918.9737971303117,14.895374774431316,28483.492601060814,1.0240000486373901,-0.20000000000000004,0.35299999999999987,-0.732,28372.55650622543,64.25475543020951,39.09973548754523,646018383.4347,2561024.0,2906
1780,0.005771514743448639,918.9737971303117,14.93009913419185,28483.492601060814,1.0240000486373901,-0.10000000000000003,0.35299999999999987,-0.732,28372.038670982416,64.25475543020951,39.09973548754523,646018383.4347,2561024.0,2906
1781,0.006072613515270539,918.9737971303117,14.950675763311354,28483.492601060814,1.0240000486373901,-2.7755575615628914e-17,0.35299999999999987,-0.732,28371.73124817098,64.25475543020951,39.09973548754523,646018383.4347,2561024.0,2906
1782,0.016483096737326067,290.605030894529,14.511859859059706,28483.492601206282,1.0240000486373901,-0.10000000000000003,0.35599999999999987,-0.762,28378.19556292179,64.95841361457386,40.06581061845303,646018383.4347,2561024.0,2906
1783,0.015215381082475872,290.605030894529,14.336553178226549,28483.492601206282,1.0240000486373901,0.09999999999999998,0.35599999999999987,-0.762,28380.724222690224,64.95841361457386,40.06581061845303,646018383.4347,2561024.0,2906
1784,0.013844158335040069,290.605030894529,14.098307596524805,28483.492601206282,1.0240000486373901,0.3,0.35599999999999987,-0.762,28384.111462663168,64.95841361457386,40.06581061845303,646018383.4347,2561024.0,2906
1785,0.010617006978456644,460.57793515969075,15.013245568673183,28483.492601206282,1.0240000486373901,-0.10000000000000003,0.35599999999999987,-0.762,28370.79382995364,64.95841361457386,40.06581061845303,646018383.4347,2561024.0,2906
1786,0.010570527002504432,460.57793515969075,14.91893927702836,28483.492601206282,1.0240000486373901,0.09999999999999998,0.35599999999999987,-0.762,28372.205226630453,64.95841361457386,40.06581061845303,646018383.4347,2561024.0,2906
1787,0.010339810074568315,460.57793515969075,14.750406044076877,28483.492601206282,1.0240000486373901,0.3,0.35599999999999987,-0.762,28374.705361973713,64.95841361457386,40.06581061845303,646018383.4347,2561024.0,2906
1788,0.007085870553852745,729.9668340323904,15.098953729020263,28483.492601206282,1.0240000486373901,-0.10000000000000003,0.35599999999999987,-0.762,28369.503399350735,64.95841361457386,40.06581061845303,646018383.4347,2561024.0,2906
1789,0.007581191200911344,729.9668340323904,15.111063713384587,28483.492601206282,1.0240000486373901,0.09999999999999998,0.35599999999999987,-0.762,28369.3204779313,64.95841361457386,40.06581061845303,646018383.4347,2561024.0,2906
1790,0.00794002821388848,729.9668340323904,15.043788737629969,28483.492601206282,1.0240000486373901,0.3,0.35599999999999987,-0.762,28370.33481141506,64.95841361457386,40.06581061845303,646018383.4347,2561024.0,2906
1791,0.015981046080051027,290.605030894529,14.064416610927399,28483.492601206282,1.0240000486373901,-0.10000000000000003,0.3579999999999999,-0.762,28384.588693903417,64.83509823585003,40.09427250812353,646018383.4347,2561024.0,2906
1792,0.014723081475292915,290.605030894529,13.869563134703784,28483.492601206282,1.0240000486373901,0.09999999999999998,0.3579999999999999,-0.762,28387.310210432515,64.83509823585003,40.09427250812353,646018383.4347,2561024.0,2906
1793,0.013367269154772895,290.605030894529,13.61325352869008,28483.492601206282,1.0240000486373901,0.3,0.3579999999999999,-0.762,28390.832265388086,64.83509823585003,40.09427250812353,646018383.4347,2561024.0,2906
1794,0.010368541241703949,460.57793515969075,14.657581996940568,28483.492601206282,1.0240000486373901,-0.10000000000000003,0.3579999999999999,-0.762,28376.070246207764,64.83509823585003,40.09427250812353,646018383.4347,2561024.0,2906
1795,0.010300826361252945,460.57793515969075,14.533656301358194,28483.492601206282,1.0240000486373901,0.09999999999999998,0.3579999999999999,-0.762,28377.879018463278,64.83509823585003,40.09427250812353,646018383.4347,2561024.0,2906
1796,0.010051690934470838,460.57793515969075,14.335728431039453,28483.492601206282,1.0240000486373901,0.3,0.3579999999999999,-0.762,28380.736046382026,64.83509823585003,40.09427250812353,646018383.4347,2561024.0,2906
1797,0.006953594639616611,729.9668340323904,14.817607632199234,28483.492601206282,1.0240000486373901,-0.10000000000000003,0.3579999999999999,-0.762,28373.711853235378,64.83509823585003,40.09427250812353,646018383.4347,2561024.0,2906
1798,0.007422659226758329,729.9668340323904,14.793633707380414,28483.492601206282,1.0240000486373901,0.09999999999999998,0.3579999999999999,-0.762,28374.06680207221,64.83509823585003,40.09427250812353,646018383.4347,2561024.0,2906
1799,0.007754128912348998,729.9668340323904,14.688958733279245,28483.492601206282,1.0240000486373901,0.3,0.3579999999999999,-0.762,28375.609846872292,64.83509823585003,40.09427250812353,646018383.4347,2561024.0,2906
1800,0.01557326525828756,290.605030894529,13.634204325727618,28483.492601206282,1.0240000486373901,-0.10000000000000003,0.3599999999999999,-0.762,28390.546837408438,64.71203173817698,40.12284100041473,646018383.4347,2561024.0,2906
1801,0.014337910466510437,290.605030894529,13.426343405593437,28483.492601206282,1.0240000486373901,0.09999999999999998,0.3599999999999999,-0.762,28393.35925258382,64.71203173817698,40.12284100041473,646018383.4347,2561024.0,2906
1802,0.013009161682331669,290.605030894529,13.159173497022065,28483.492601206282,1.0240000486373901,0.3,0.3599999999999999,-0.762,28396.91067764392,64.71203173817698,40.12284100041473,646018383.4347,2561024.0,2906
1803,0.010151662498213835,460.57793515969075,14.300639000638329,28483.492601206282,1.0240000486373901,-0.10000000000000003,0.3599999999999999,-0.762,28381.238463292993,64.71203173817698,40.12284100041473,646018383.4347,2561024.0,2906
1804,0.010074862754702898,460.57793515969075,14.15380283931744,28483.492601206282,1.0240000486373901,0.09999999999999998,0.3599999999999999,-0.762,28383.327533799147,64.71203173817698,40.12284100041473,646018383.4347,2561024.0,2906
1805,0.009821426903445778,460.57793515969075,13.934568713532158,28483.492601206282,1.0240000486373901,0.3,0.3599999999999999,-0.762,28386.406498590208,64.71203173817698,40.12284100041473,646018383.4347,2561024.0,2906
1806,0.006832634156367573,729.9668340323904,14.526048252190549,28483.492601206282,1.0240000486373901,-0.10000000000000003,0.3599999999999999,-0.762,28377.9895622938,64.71203173817698,40.12284100041473,646018383.4347,2561024.0,2906
1807,0.0072833938108657825,729.9668340323904,14.471483184985122,28483.492601206282,1.0240000486373901,0.09999999999999998,0.3599999999999999,-0.762,28378.78068841963,64.71203173817698,40.12284100041473,646018383.4347,2561024.0,2906
1808,0.007598534392785544,729.9668340323904,14.336730671410676,28483.492601206282,1.0240000486373901,0.3,0.3599999999999999,-0.762,28380.721678034,64.71203173817698,40.12284100041473,646018383.4347,2561024.0,2906
1809,0.016056352888003857,290.605030894529,14.176153042769906,28483.492601206282,1.0240000486373901,-0.10000000000000003,0.35599999999999987,-0.76,28383.010943660265,64.90061913357862,40.00496402841109,646018383.4347,2561024.0,2906
1810,0.014777601028567029,290.605030894529,13.965356068986617,28483.492601206282,1.0240000486373901,0.09999999999999998,0.35599999999999987,-0.76,28385.97701613949,64.90061913357862,40.00496402841109,646018383.4347,2561024.0,2906
1811,0.013401559742344733,290.605030894529,13.690498758286077,28483.492601206282,1.0240000486373901,0.3,0.35599999999999987,-0.76,28389.777723080966,64.90061913357862,40.00496402841109,646018383.4347,2561024.0,2906
1812,0.010430688498470153,460.57793515969075,14.776356009921155,28483.492601206282,1.0240000486373901,-0.10000000000000003,0.35599999999999987,-0.76,28374.322252740316,64.90061913357862,40.00496402841109,646018383.4347,2561024.0,2906
1813,0.010352550007064934,460.57793515969075,14.640090625405994,28483.492601206282,1.0240000486373901,0.09999999999999998,0.35599999999999987,-0.76,28376.326474446232,64.90061913357862,40.00496402841109,646018383.4347,2561024.0,2906
1814,0.010090782055426505,460.57793515969075,14.426327545819937,28483.492601206282,1.0240000486373901,0.3,0.35599999999999987,-0.76,28379.43313797664,64.90061913357862,40.00496402841109,646018383.4347,2561024.0,2906
1815,0.006999842710110565,729.9668340323904,14.93308988615744,28483.492601206282,1.0240000486373901,-0.10000000000000003,0.35599999999999987,-0.76,28371.994014432254,64.90061913357862,40.00496402841109,646018383.4347,2561024.0,2906
1816,0.007465738534363472,729.9668340323904,14.901310457082502,28483.492601206282,1.0240000486373901,0.09999999999999998,0.35599999999999987,-0.76,28372.468074537104,64.90061913357862,40.00496402841109,646018383.4347,2561024.0,2906
1817,0.007790902914505211,729.9668340323904,14.784470913287993,28483.492601206282,1.0240000486373901,0.3,0.35599999999999987,-0.76,28374.202311113353,64.90061913357862,40.00496402841109,646018383.4347,2561024.0,2906
1818,0.015867047559821018,290.605030894529,14.001072720015175,28483.492601206282,1.0240000486373901,-0.10000000000000003,0.3579999999999999,-0.76,28385.477582550706,64.77709640897754,40.033538215137376,646018383.4347,2561024.0,2906
1819,0.014591532352872751,290.605030894529,13.785483763670793,28483.492601206282,1.0240000486373901,0.09999999999999998,0.3579999999999999,-0.76,28388.472819907067,64.77709640897754,40.033538215137376,646018383.4347,2561024.0,2906
1820,0.013220686294024666,290.605030894529,13.506588389045291,28483.492601206282,1.0240000486373901,0.3,0.3579999999999999,-0.76,28392.278636250736,64.77709640897754,40.033538215137376,646018383.4347,2561024.0,2906
1821,0.01033726488467004,460.57793515969075,14.632897789517273,28483.492601206282,1.0240000486373901,-0.10000000000000003,0.3579999999999999,-0.76,28376.431752347053,64.77709640897754,40.033538215137376,646018383.4347,2561024.0,2906
1822,0.010251398739581282,460.57793515969075,14.488015552449474,28483.492601206282,1.0240000486373901,0.09999999999999998,0.3579999999999999,-0.76,28378.541303882273,64.77709640897754,40.033538215137376,646018383.4347,2561024.0,2906
1823,0.009982613377246837,460.57793515969075,14.265942363687437,28483.492601206282,1.0240000486373901,0.3,0.3579999999999999,-0.76,28381.734045444256,64.77709640897754,40.033538215137376,646018383.4347,2561024.0,2906
1824,0.00694963763438779,729.9668340323904,14.816361418689699,28483.492601206282,1.0240000486373901,-0.10000000000000003,0.3579999999999999,-0.76,28373.730318361664,64.77709640897754,40.033538215137376,646018383.4347,2561024.0,2906
1825,0.0074062043633896495,729.9668340323904,14.7733692787128,28483.492601206282,1.0240000486373901,0.09999999999999998,0.3579999999999999,-0.76,28374.366381283675,64.77709640897754,40.033538215137376,646018383.4347,2561024.0,2906
1826,0.00772142865783041,729.9668340323904,14.645143774290078,28483.492601206282,1.0240000486373901,0.3,0.3579999999999999,-0.76,28376.25248312147,64.77709640897754,40.033538215137376,646018383.4347,2561024.0,2906
1827,0.015341350970951252,290.605030894529,13.569915946868749,28483.492601206282,1.0240000486373901,-0.10000000000000003,0.3599999999999999,-0.76,28391.42129180374,64.65382405805332,40.06221925723846,646018383.4347,2561024.0,2906
1828,0.014084321344414424,290.605030894529,13.340119137101142,28483.492601206282,1.0240000486373901,0.09999999999999998,0.3599999999999999,-0.76,28394.513211910256,64.65382405805332,40.06221925723846,646018383.4347,2561024.0,2906
1829,0.012737497346274019,290.605030894529,13.048412614557162,28483.492601206282,1.0240000486373901,0.3,0.3599999999999999,-0.76,28398.362065326415,64.65382405805332,40.06221925723846,646018383.4347,2561024.0,2906
1830,0.010067006946919145,460.57793515969075,14.273503308639855,28483.492601206282,1.0240000486373901,-0.10000000000000003,0.3599999999999999,-0.76,28381.626152855406,64.65382405805332,40.06221925723846,646018383.4347,2561024.0,2906
1831,0.00996332369409921,460.57793515969075,14.105422828288503,28483.492601206282,1.0240000486373901,0.09999999999999998,0.3599999999999999,-0.76,28384.01112462388,64.65382405805332,40.06221925723846,646018383.4347,2561024.0,2906
1832,0.009680537446040756,460.57793515969075,13.86062999430071,28483.492601206282,1.0240000486373901,0.3,0.3599999999999999,-0.76,28387.434069286828,64.65382405805332,40.06221925723846,646018383.4347,2561024.0,2906
1833,0.006803581834519575,729.9668340323904,14.522110357726756,28483.492601206282,1.0240000486373901,-0.10000000000000003,0.3599999999999999,-0.76,28378.046756585285,64.65382405805332,40.06221925723846,646018383.4347,2561024.0,2906
1834,0.007234420740692565,729.9668340323904,14.449174404917173,28483.492601206282,1.0240000486373901,0.09999999999999998,0.3599999999999999,-0.76,28379.103280714426,64.65382405805332,40.06221925723846,646018383.4347,2561024.0,2906
1835,0.0075236502815339374,729.9668340323904,14.290200245582472,28483.492601206282,1.0240000486373901,0.3,0.3599999999999999,-0.76,28381.38768967686,64.65382405805332,40.06221925723846,646018383.4347,2561024.0,2906
1836,0.015736289218518693,290.605030894529,13.830427274489999,28483.492601206282,1.0240000486373901,-0.10000000000000003,0.35599999999999987,-0.758,28387.852241908804,64.84257466524349,39.944037667131084,646018383.4347,2561024.0,2906
1837,0.014456823909098996,290.605030894529,13.59062819962662,28483.492601206282,1.0240000486373901,0.09999999999999998,0.35599999999999987,-0.758,28391.14001377604,64.84257466524349,39.944037667131084,646018383.4347,2561024.0,2906
1838,0.013084116387841694,290.605030894529,13.28540298728154,28483.492601206282,1.0240000486373901,0.3,0.35599999999999987,-0.758,28395.241634939048,64.84257466524349,39.944037667131084,646018383.4347,2561024.0,2906
1839,0.01026893451454268,460.57793515969075,14.504266582746196,28483.492601206282,1.0240000486373901,-0.10000000000000003,0.35599999999999987,-0.758,28378.3057266546,64.84257466524349,39.944037667131084,646018383.4347,2561024.0,2906
1840,0.010173355006098408,460.57793515969075,14.334329258343287,28483.492601206282,1.0240000486373901,0.09999999999999998,0.35599999999999987,-0.758,28380.756103562984,64.84257466524349,39.944037667131084,646018383.4347,2561024.0,2906
1841,0.009895833534966281,460.57793515969075,14.08425642144664,28483.492601206282,1.0240000486373901,0.3,0.35599999999999987,-0.758,28384.309461733752,64.84257466524349,39.944037667131084,646018383.4347,2561024.0,2906
1842,0.006910993904746537,729.9668340323904,14.71654540591046,28483.492601206282,1.0240000486373901,-0.10000000000000003,0.35599999999999987,-0.758,28375.20424686417,64.84257466524349,39.944037667131084,646018383.4347,2561024.0,2906
1843,0.00735723097243324,729.9668340323904,14.64847076459972,28483.492601206282,1.0240000486373901,0.09999999999999998,0.35599999999999987,-0.758,28376.203753335616,64.84257466524349,39.944037667131084,646018383.4347,2561024.0,2906
1844,0.0076616821635710425,729.9668340323904,14.491326295681151,28483.492601206282,1.0240000486373901,0.3,0.35599999999999987,-0.758,28378.493332302332,64.84257466524349,39.944037667131084,646018383.4347,2561024.0,2906
1845,0.015481255590649319,290.605030894529,13.636724586986022,28483.492601206282,1.0240000486373901,-0.10000000000000003,0.3579999999999999,-0.758,28390.512472475628,64.71884420662093,39.97272465448968,646018383.4347,2561024.0,2906
1846,0.014199159566257077,290.605030894529,13.385634801410552,28483.492601206282,1.0240000486373901,0.09999999999999998,0.3579999999999999,-0.758,28393.904991687916,64.71884420662093,39.97272465448968,646018383.4347,2561024.0,2906
1847,0.012826218368351582,290.605030894529,13.069133802346084,28483.492601206282,1.0240000486373901,0.3,0.3579999999999999,-0.758,28398.09147203447,64.71884420662093,39.97272465448968,646018383.4347,2561024.0,2906
1848,0.010146794535035017,460.57793515969075,14.351644053590032,28483.492601206282,1.0240000486373901,-0.10000000000000003,0.3579999999999999,-0.758,28380.50775768581,64.71884420662093,39.97272465448968,646018383.4347,2561024.0,2906
1849,0.010036964907332573,460.57793515969075,14.167259680635045,28483.492601206282,1.0240000486373901,0.09999999999999998,0.3579999999999999,-0.758,28383.13697777701,64.71884420662093,39.97272465448968,646018383.4347,2561024.0,2906
1850,0.009745028757253416,460.57793515969075,13.901858669829526,28483.492601206282,1.0240000486373901,0.3,0.3579999999999999,-0.758,28386.861763968325,64.71884420662093,39.97272465448968,646018383.4347,2561024.0,2906
1851,0.006847421706515923,729.9668340323904,14.595836015192814,28483.492601206282,1.0240000486373901,-0.10000000000000003,0.3579999999999999,-0.758,28376.973386715083,64.71884420662093,39.97272465448968,646018383.4347,2561024.0,2906
1852,0.007279200539363951,729.9668340323904,14.511679470355823,28483.492601206282,1.0240000486373901,0.09999999999999998,0.3579999999999999,-0.758,28378.19818068111,64.71884420662093,39.97272465448968,646018383.4347,2561024.0,2906
1853,0.007567097602652224,729.9668340323904,14.336791943120383,28483.492601206282,1.0240000486373901,0.3,0.3579999999999999,-0.758,28380.72079959612,64.71884420662093,39.97272465448968,646018383.4347,2561024.0,2906
1854,0.01550553364325307,290.605030894529,13.641028558706235,28483.492601206282,1.0240000486373901,-0.10000000000000003,0.3599999999999999,-0.758,28390.453771136563,64.59536562514506,40.00151874974604,646018383.4347,2561024.0,2906
1855,0.014239503037635187,290.605030894529,13.408733927050307,28483.492601206282,1.0240000486373901,0.09999999999999998,0.3599999999999999,-0.758,28393.595528443067,64.59536562514506,40.00151874974604,646018383.4347,2561024.0,2906
1856,0.012882505340623834,290.605030894529,13.113073603122473,28483.492601206282,1.0240000486373901,0.3,0.3599999999999999,-0.758,28397.51625154583,64.59536562514506,40.00151874974604,646018383.4347,2561024.0,2906
1857,0.010146157465786716,460.57793515969075,14.330228352737253,28483.492601206282,1.0240000486373901,-0.10000000000000003,0.3599999999999999,-0.758,28380.814878885485,64.59536562514506,40.00151874974604,646018383.4347,2561024.0,2906
1858,0.010047481430995708,460.57793515969075,14.162999909437367,28483.492601206282,1.0240000486373901,0.09999999999999998,0.3599999999999999,-0.758,28383.19731798892,64.59536562514506,40.00151874974604,646018383.4347,2561024.0,2906
1859,0.009768332658331888,460.57793515969075,13.917787345126845,28483.492601206282,1.0240000486373901,0.3,0.3599999999999999,-0.758,28386.640198914196,64.59536562514506,40.00151874974604,646018383.4347,2561024.0,2906
1860,0.006842264910168119,729.9668340323904,14.563917180642308,28483.492601206282,1.0240000486373901,-0.10000000000000003,0.3599999999999999,-0.758,28377.43875938398,64.59536562514506,40.00151874974604,646018383.4347,2561024.0,2906
1861,0.007280662754777855,729.9668340323904,14.494059759005363,28483.492601206282,1.0240000486373901,0.09999999999999998,0.3599999999999999,-0.758,28378.453717057473,64.59536562514506,40.00151874974604,646018383.4347,2561024.0,2906
1862,0.007577610960294591,729.9668340323904,14.337307848399584,28483.492601206282,1.0240000486373901,0.3,0.3599999999999999,-0.758,28380.713403036392,64.59536562514506,40.00151874974604,646018383.4347,2561024.0,2906
1863,0.008855073746772914,579.833266684221,15.06893100428562,28483.492601206282,1.0240000486373901,-2.7755575615628914e-17,0.35499999999999987,-0.763,28369.956260400322,65.04891643353434,40.08204112535233,646018383.4347,2561024.0,2906
1864,0.008988652263603635,579.833266684221,15.046066009127115,28483.492601206282,1.0240000486373901,0.09999999999999998,0.35499999999999987,-0.763,28370.300550030777,65.04891643353434,40.08204112535233,646018383.4347,2561024.0,2906
1865,0.009081228370594578,579.833266684221,15.004639605205453,28483.492601206282,1.0240000486373901,0.19999999999999998,0.35499999999999987,-0.763,28370.922996365232,65.04891643353434,40.08204112535233,646018383.4347,2561024.0,2906
1866,0.007386425773986005,729.9668340323904,15.086944778342788,28483.492601206282,1.0240000486373901,-2.7755575615628914e-17,0.35499999999999987,-0.763,28369.6846498339,65.04891643353434,40.08204112535233,646018383.4347,2561024.0,2906
1867,0.007630410587297726,729.9668340323904,15.091325888977227,28483.492601206282,1.0240000486373901,0.09999999999999998,0.35499999999999987,-0.763,28369.618542662625,65.04891643353434,40.08204112535233,646018383.4347,2561024.0,2906
1868,0.007841685942572486,729.9668340323904,15.076857245252354,28483.492601206282,1.0240000486373901,0.19999999999999998,0.35499999999999987,-0.763,28369.836789009423,65.04891643353434,40.08204112535233,646018383.4347,2561024.0,2906
1869,0.006221635915926018,918.9737971303117,15.047573605682617,28483.492601206282,1.0240000486373901,-2.7755575615628914e-17,0.35499999999999987,-0.763,28370.277865497064,65.04891643353434,40.08204112535233,646018383.4347,2561024.0,2906
1870,0.0065377590410886826,918.9737971303117,15.080006534594736,28483.492601206282,1.0240000486373901,0.09999999999999998,0.35499999999999987,-0.763,28369.789302664572,65.04891643353434,40.08204112535233,646018383.4347,2561024.0,2906
1871,0.006830971763260737,918.9737971303117,15.093625112847755,28483.492601206282,1.0240000486373901,0.19999999999999998,0.35499999999999987,-0.763,28369.58384168269,65.04891643353434,40.08204112535233,646018383.4347,2561024.0,2906
1872,0.008786398145730998,579.833266684221,15.044008624803746,28483.492601206282,1.0240000486373901,-2.7755575615628914e-17,0.35599999999999987,-0.763,28370.331503454698,64.98721757732187,40.0962039409742,646018383.4347,2561024.0,2906
1873,0.008911857205802062,579.833266684221,15.015489421808299,28483.492601206282,1.0240000486373901,0.09999999999999998,0.35599999999999987,-0.763,28370.760139918064,64.98721757732187,40.0962039409742,646018383.4347,2561024.0,2906
1874,0.008995763455356921,579.833266684221,14.967861027708093,28483.492601206282,1.0240000486373901,0.19999999999999998,0.35599999999999987,-0.763,28371.47416933389,64.98721757732187,40.0962039409742,646018383.4347,2561024.0,2906
1875,0.007339778061608493,729.9668340323904,15.071497809420688,28483.492601206282,1.0240000486373901,-2.7755575615628914e-17,0.35599999999999987,-0.763,28369.917578096596,64.98721757732187,40.0962039409742,646018383.4347,2561024.0,2906
1876,0.007576247713362246,729.9668340323904,15.070306035760803,28483.492601206282,1.0240000486373901,0.09999999999999998,0.35599999999999987,-0.763,28369.93553920054,64.98721757732187,40.0962039409742,646018383.4347,2561024.0,2906
1877,0.007779208061391339,729.9668340323904,15.04961469589266,28483.492601206282,1.0240000486373901,0.19999999999999998,0.35599999999999987,-0.763,28370.24714995887,64.98721757732187,40.0962039409742,646018383.4347,2561024.0,2906
1878,0.006189779594947445,918.9737971303117,15.039769270953174,28483.492601206282,1.0240000486373901,-2.7755575615628914e-17,0.35599999999999987,-0.763,28370.39527134453,64.98721757732187,40.0962039409742,646018383.4347,2561024.0,2906
1879,0.006499258921503253,918.9737971303117,15.066865678788286,28483.492601206282,1.0240000486373901,0.09999999999999998,0.35599999999999987,-0.763,28369.98738051496,64.98721757732187,40.0962039409742,646018383.4347,2561024.0,2906
1880,0.006784860712963131,918.9737971303117,15.074398948039239,28483.492601206282,1.0240000486373901,0.19999999999999998,0.35599999999999987,-0.763,28369.87384938396,64.98721757732187,40.0962039409742,646018383.4347,2561024.0,2906
1881,0.008766902187538676,579.833266684221,14.938473196080173,28483.492601206282,1.0240000486373901,-2.7755575615628914e-17,0.3569999999999999,-0.763,28371.91361049128,64.92558065818434,40.110393552002755,646018383.4347,2561024.0,2906
1882,0.008894355769469687,579.833266684221,14.908359644191718,28483.492601206282,1.0240000486373901,0.09999999999999998,0.3569999999999999,-0.763,28372.363007566,64.92558065818434,40.110393552002755,646018383.4347,2561024.0,2906
1883,0.008980774459783392,579.833266684221,14.859624683327358,28483.492601206282,1.0240000486373901,0.19999999999999998,0.3569999999999999,-0.763,28373.088378341607,64.92558065818434,40.110393552002755,646018383.4347,2561024.0,2906
1884,0.00732061017600597,729.9668340323904,14.97173551358379,28483.492601206282,1.0240000486373901,-2.7755575615628914e-17,0.3569999999999999,-0.763,28371.41616906193,64.92558065818434,40.110393552002755,646018383.4347,2561024.0,2906
1885,0.007558220347675256,729.9668340323904,14.968166227031286,28483.492601206282,1.0240000486373901,0.09999999999999998,0.3569999999999999,-0.763,28371.469601106262,64.92558065818434,40.110393552002755,646018383.4347,2561024.0,2906
1886,0.007762893292133055,729.9668340323904,14.945610708046576,28483.492601206282,1.0240000486373901,0.19999999999999998,0.3569999999999999,-0.763,28371.806961488044,64.92558065818434,40.110393552002755,646018383.4347,2561024.0,2906
1887,0.006171683072071461,918.9737971303117,14.945627306618508,28483.492601206282,1.0240000486373901,-2.7755575615628914e-17,0.3569999999999999,-0.763,28371.806713412112,64.92558065818434,40.110393552002755,646018383.4347,2561024.0,2906
1888,0.006481564411459347,918.9737971303117,14.96958581292512,28483.492601206282,1.0240000486373901,0.09999999999999998,0.3569999999999999,-0.763,28371.448351501018,64.92558065818434,40.110393552002755,646018383.4347,2561024.0,2906
1889,0.006768143449836811,918.9737971303117,14.97450756767901,28483.492601206282,1.0240000486373901,0.19999999999999998,0.3569999999999999,-0.763,28371.374662759044,64.92558065818434,40.110393552002755,646018383.4347,2561024.0,2906
1890,0.008813245716112918,579.833266684221,15.044983651017372,28483.492601206282,1.0240000486373901,-2.7755575615628914e-17,0.35499999999999987,-0.762,28370.316834676592,65.02016451282434,40.051619870742684,646018383.4347,2561024.0,2906
1891,0.008940859150049336,579.833266684221,15.017422521578514,28483.492601206282,1.0240000486373901,0.09999999999999998,0.35499999999999987,-0.762,28370.731111610476,65.02016451282434,40.051619870742684,646018383.4347,2561024.0,2906
1892,0.009027037283589367,579.833266684221,14.97092295611003,28483.492601206282,1.0240000486373901,0.19999999999999998,0.35499999999999987,-0.762,28371.42833412739,65.02016451282434,40.051619870742684,646018383.4347,2561024.0,2906
1893,0.007359247056473761,729.9668340323904,15.071505573509148,28483.492601206282,1.0240000486373901,-2.7755575615628914e-17,0.35499999999999987,-0.762,28369.917461080124,65.02016451282434,40.051619870742684,646018383.4347,2561024.0,2906
1894,0.007597893776532402,729.9668340323904,15.071220345736743,28483.492601206282,1.0240000486373901,0.09999999999999998,0.35499999999999987,-0.762,28369.921759851408,65.02016451282434,40.051619870742684,646018383.4347,2561024.0,2906
1895,0.007803212353031931,729.9668340323904,15.05161880397802,28483.492601206282,1.0240000486373901,0.19999999999999998,0.35499999999999987,-0.762,28370.21698689615,65.02016451282434,40.051619870742684,646018383.4347,2561024.0,2906
1896,0.00620399477309875,918.9737971303117,15.038972415339794,28483.492601206282,1.0240000486373901,-2.7755575615628914e-17,0.35499999999999987,-0.762,28370.407255551607,65.02016451282434,40.051619870742684,646018383.4347,2561024.0,2906
1897,0.0065155373488223305,918.9737971303117,15.066899114200739,28483.492601206282,1.0240000486373901,0.09999999999999998,0.35499999999999987,-0.762,28369.98687674753,65.02016451282434,40.051619870742684,646018383.4347,2561024.0,2906
1898,0.00680343619961574,918.9737971303117,15.075462097798326,28483.492601206282,1.0240000486373901,0.19999999999999998,0.35499999999999987,-0.762,28369.857822475205,65.02016451282434,40.051619870742684,646018383.4347,2561024.0,2906
1899,0.008789776386433955,579.833266684221,15.082957906127817,28483.492601206282,1.0240000486373901,-2.7755575615628914e-17,0.35599999999999987,-0.762,28369.74479160727,64.95841361457386,40.06581061845303,646018383.4347,2561024.0,2906
1900,0.008912488821059293,579.833266684221,15.053319690236984,28483.492601206282,1.0240000486373901,0.09999999999999998,0.35599999999999987,-0.762,28370.191384358044,64.95841361457386,40.06581061845303,646018383.4347,2561024.0,2906
1901,0.008993265033802326,579.833266684221,15.004373048447675,28483.492601206282,1.0240000486373901,0.19999999999999998,0.35599999999999987,-0.762,28370.92699591779,64.95841361457386,40.06581061845303,646018383.4347,2561024.0,2906
1902,0.007346757471346112,729.9668340323904,15.113178453045583,28483.492601206282,1.0240000486373901,-2.7755575615628914e-17,0.35599999999999987,-0.762,28369.28851972948,64.95841361457386,40.06581061845303,646018383.4347,2561024.0,2906
1903,0.007581191200911344,729.9668340323904,15.111063713384587,28483.492601206282,1.0240000486373901,0.09999999999999998,0.35599999999999987,-0.762,28369.3204779313,64.95841361457386,40.06581061845303,646018383.4347,2561024.0,2906
1904,0.007781652421282324,729.9668340323904,15.089197271953765,28483.492601206282,1.0240000486373901,0.19999999999999998,0.35599999999999987,-0.762,28369.650664050314,64.95841361457386,40.06581061845303,646018383.4347,2561024.0,2906
1905,0.006198352397051083,918.9737971303117,15.083107777498379,28483.492601206282,1.0240000486373901,-2.7755575615628914e-17,0.35599999999999987,-0.762,28369.742531092466,64.95841361457386,40.06581061845303,646018383.4347,2561024.0,2906
1906,0.006506461924912065,918.9737971303117,15.109574882486463,28483.492601206282,1.0240000486373901,0.09999999999999998,0.35599999999999987,-0.762,28369.34297464155,64.95841361457386,40.06581061845303,646018383.4347,2561024.0,2906
1907,0.00679020069024246,918.9737971303117,15.11617986260008,28483.492601206282,1.0240000486373901,0.19999999999999998,0.35599999999999987,-0.762,28369.243154387044,64.95841361457386,40.06581061845303,646018383.4347,2561024.0,2906
1908,0.00873876578460836,579.833266684221,14.959930189255191,28483.492601206282,1.0240000486373901,-2.7755575615628914e-17,0.3569999999999999,-0.762,28371.592845572588,64.8967248392132,40.08002819373311,646018383.4347,2561024.0,2906
1909,0.008859227625759058,579.833266684221,14.924432336855759,28483.492601206282,1.0240000486373901,0.09999999999999998,0.3569999999999999,-0.762,28372.12326091759,64.8967248392132,40.08002819373311,646018383.4347,2561024.0,2906
1910,0.008937945680705254,579.833266684221,14.869596301167086,28483.492601206282,1.0240000486373901,0.19999999999999998,0.3569999999999999,-0.762,28372.94015412644,64.8967248392132,40.08002819373311,646018383.4347,2561024.0,2906
1911,0.007305211295115167,729.9668340323904,14.999442087912016,28483.492601206282,1.0240000486373901,-2.7755575615628914e-17,0.3569999999999999,-0.762,28371.00096973197,64.8967248392132,40.08002819373311,646018383.4347,2561024.0,2906
1912,0.007536955962252421,729.9668340323904,14.990976896059276,28483.492601206282,1.0240000486373901,0.09999999999999998,0.3569999999999999,-0.762,28371.12790705719,64.8967248392132,40.08002819373311,646018383.4347,2561024.0,2906
1913,0.007734858783796723,729.9668340323904,14.96269965192687,28483.492601206282,1.0240000486373901,0.19999999999999998,0.3569999999999999,-0.762,28371.551410769396,64.8967248392132,40.08002819373311,646018383.4347,2561024.0,2906
1914,0.006164126329798109,918.9737971303117,14.977755725416849,28483.492601206282,1.0240000486373901,-2.7755575615628914e-17,0.3569999999999999,-0.762,28371.326017921154,64.8967248392132,40.08002819373311,646018383.4347,2561024.0,2906
1915,0.006469271389699958,918.9737971303117,14.997412293527516,28483.492601206282,1.0240000486373901,0.09999999999999998,0.3569999999999999,-0.762,28371.031413455257,64.8967248392132,40.08002819373311,646018383.4347,2561024.0,2906
1916,0.00675010680560137,918.9737971303117,14.997112468725494,28483.492601206282,1.0240000486373901,0.19999999999999998,0.3569999999999999,-0.762,28371.03591000648,64.8967248392132,40.08002819373311,646018383.4347,2561024.0,2906
1917,0.008818369116045372,579.833266684221,15.029975212139467,28483.492601206282,1.0240000486373901,-2.7755575615628914e-17,0.35499999999999987,-0.761,28370.54252376752,64.99135051889535,40.02117856406871,646018383.4347,2561024.0,2906
1918,0.008945068158823356,579.833266684221,14.996590573635027,28483.492601206282,1.0240000486373901,0.09999999999999998,0.35499999999999987,-0.761,28371.043736789663,64.99135051889535,40.02117856406871,646018383.4347,2561024.0,2906
1919,0.009030321995280227,579.833266684221,14.943967244376303,28483.492601206282,1.0240000486373901,0.19999999999999998,0.35499999999999987,-0.761,28371.831522705786,64.99135051889535,40.02117856406871,646018383.4347,2561024.0,2906
1920,0.007362195089167533,729.9668340323904,15.060632934183198,28483.492601206282,1.0240000486373901,-2.7755575615628914e-17,0.35499999999999987,-0.761,28370.08126901718,64.99135051889535,40.02117856406871,646018383.4347,2561024.0,2906
1921,0.007600098277649118,729.9668340323904,15.05465776281255,28483.492601206282,1.0240000486373901,0.09999999999999998,0.35499999999999987,-0.761,28370.171241028576,64.99135051889535,40.02117856406871,646018383.4347,2561024.0,2906
1922,0.007804670743614777,729.9668340323904,15.029023145108951,28483.492601206282,1.0240000486373901,0.19999999999999998,0.35499999999999987,-0.761,28370.556832858172,64.99135051889535,40.02117856406871,646018383.4347,2561024.0,2906
1923,0.0062054876487984,918.9737971303117,15.03112607399127,28483.492601206282,1.0240000486373901,-2.7755575615628914e-17,0.35499999999999987,-0.761,28370.525225680172,64.99135051889535,40.02117856406871,646018383.4347,2561024.0,2906
1924,0.006516351236093994,918.9737971303117,15.053511343270406,28483.492601206282,1.0240000486373901,0.09999999999999998,0.35499999999999987,-0.761,28370.188499325297,64.99135051889535,40.02117856406871,646018383.4347,2561024.0,2906
1925,0.006803566562472208,918.9737971303117,15.056145910207437,28483.492601206282,1.0240000486373901,0.19999999999999998,0.35499999999999987,-0.761,28370.148836371554,64.99135051889535,40.02117856406871,646018383.4347,2561024.0,2906
1926,0.008824493670868608,579.833266684221,15.09700520724183,28483.492601206282,1.0240000486373901,-2.7755575615628914e-17,0.35599999999999987,-0.761,28369.53281809254,64.92954752882328,40.03539730655076,646018383.4347,2561024.0,2906
1927,0.008948354258054134,579.833266684221,15.062776626296133,28483.492601206282,1.0240000486373901,0.09999999999999998,0.35599999999999987,-0.761,28370.048981359436,64.92954752882328,40.03539730655076,646018383.4347,2561024.0,2906
1928,0.009030301994654549,579.833266684221,15.008962601239515,28483.492601206282,1.0240000486373901,0.19999999999999998,0.35599999999999987,-0.761,28370.85812202358,64.92954752882328,40.03539730655076,646018383.4347,2561024.0,2906
1929,0.007371233221240094,729.9668340323904,15.127717041094867,28483.492601206282,1.0240000486373901,-2.7755575615628914e-17,0.35599999999999987,-0.761,28369.068689768566,64.92954752882328,40.03539730655076,646018383.4347,2561024.0,2906
1930,0.007607070626460885,729.9668340323904,15.121329965593462,28483.492601206282,1.0240000486373901,0.09999999999999998,0.35599999999999987,-0.761,28369.165291242105,64.92954752882328,40.03539730655076,646018383.4347,2561024.0,2906
1931,0.007809042975991758,729.9668340323904,15.094892885320007,28483.492601206282,1.0240000486373901,0.19999999999999998,0.35599999999999987,-0.761,28369.56470559664,64.92954752882328,40.03539730655076,646018383.4347,2561024.0,2906
1932,0.006215682855116136,918.9737971303117,15.097388891981002,28483.492601206282,1.0240000486373901,-2.7755575615628914e-17,0.35599999999999987,-0.761,28369.527025528427,64.92954752882328,40.03539730655076,646018383.4347,2561024.0,2906
1933,0.006525186461779194,918.9737971303117,15.119863971632736,28483.492601206282,1.0240000486373901,0.09999999999999998,0.35599999999999987,-0.761,28369.187457945944,64.92954752882328,40.03539730655076,646018383.4347,2561024.0,2906
1934,0.006810487480330311,918.9737971303117,15.122159534834198,28483.492601206282,1.0240000486373901,0.19999999999999998,0.35599999999999987,-0.761,28369.152746707794,64.92954752882328,40.03539730655076,646018383.4347,2561024.0,2906
1935,0.008826186956504887,579.833266684221,15.047264411480828,28483.492601206282,1.0240000486373901,-2.7755575615628914e-17,0.3569999999999999,-0.761,28370.282518071774,64.86780684813218,40.04964290875382,646018383.4347,2561024.0,2906
1936,0.008952605186441412,579.833266684221,15.01317243621293,28483.492601206282,1.0240000486373901,0.09999999999999998,0.3569999999999999,-0.761,28370.79492790655,64.86780684813218,40.04964290875382,646018383.4347,2561024.0,2906
1937,0.009037497430754295,579.833266684221,14.959834500795598,28483.492601206282,1.0240000486373901,0.19999999999999998,0.3569999999999999,-0.761,28371.594277060685,64.86780684813218,40.04964290875382,646018383.4347,2561024.0,2906
1938,0.007368889184627337,729.9668340323904,15.078799921536435,28483.492601206282,1.0240000486373901,-2.7755575615628914e-17,0.3569999999999999,-0.761,28369.80749766942,64.86780684813218,40.04964290875382,646018383.4347,2561024.0,2906
1939,0.00760670372798975,729.9668340323904,15.072153122850272,28483.492601206282,1.0240000486373901,0.09999999999999998,0.3569999999999999,-0.761,28369.90770132696,64.86780684813218,40.04964290875382,646018383.4347,2561024.0,2906
1940,0.007811114150402872,729.9668340323904,15.04582926210191,28483.492601206282,1.0240000486373901,0.19999999999999998,0.3569999999999999,-0.761,28370.30411211412,64.86780684813218,40.04964290875382,646018383.4347,2561024.0,2906
1941,0.006211137674332405,918.9737971303117,15.049607564908081,28483.492601206282,1.0240000486373901,-2.7755575615628914e-17,0.3569999999999999,-0.761,28370.247257277413,64.86780684813218,40.04964290875382,646018383.4347,2561024.0,2906
1942,0.006522046096726926,918.9737971303117,15.071400548709688,28483.492601206282,1.0240000486373901,0.09999999999999998,0.3569999999999999,-0.761,28369.91904395646,64.86780684813218,40.04964290875382,646018383.4347,2561024.0,2906
1943,0.006809244438487227,918.9737971303117,15.073413820101917,28483.492601206282,1.0240000486373901,0.19999999999999998,0.3569999999999999,-0.761,28369.888699110263,64.86780684813218,40.04964290875382,646018383.4347,2561024.0,2906
