,A,Epeak,dur,gamma,imx,imy,nllh,phi,theta,time,timeID,bkg_nllh,TS,squareID
12,0.0077027746435518185,212.13203435596432,2.0479999780654907,0.09999999999999998,0.4019999999999999,-0.36,45950.21291786143,41.84515713520803,28.352772824316805,646018382.6667,-5122048.0,46039.44034903877,13.358699875163266,3016
16,0.005009794910038065,212.13203435596432,2.0479999780654907,0.6,0.4019999999999999,-0.36,45957.166893704074,41.84515713520803,28.352772824316805,646018382.6667,-5122048.0,46039.44034903877,12.827583976314195,3016
24,0.0051336527945059635,460.57793515969075,2.0479999780654907,0.09999999999999998,0.4019999999999999,-0.36,45925.379632968514,41.84515713520803,28.352772824316805,646018382.6667,-5122048.0,46039.44034903877,15.103689355270559,3016
25,0.0059929043761232535,460.57793515969075,1.0240000486373901,0.09999999999999998,0.4019999999999999,-0.36,28236.307865156967,41.84515713520803,28.352772824316805,646018382.9226999,-2561024.0,28312.37704608726,12.334438043971977,3016
26,0.006357739348978209,460.57793515969075,1.0240000486373901,0.09999999999999998,0.4019999999999999,-0.36,28412.747560374984,41.84515713520803,28.352772824316805,646018383.1787,1024.0,28498.04783200368,13.061414290090774,3016
27,0.006045165322607451,460.57793515969075,1.0240000486373901,0.09999999999999998,0.4019999999999999,-0.36,28405.92792456329,41.84515713520803,28.352772824316805,646018383.4347,2561024.0,28483.492600072186,12.455093376518416,3016
28,0.004060028699347029,460.57793515969075,2.0479999780654907,0.6,0.4019999999999999,-0.36,45938.075987015756,41.84515713520803,28.352772824316805,646018382.6667,-5122048.0,46039.44034903877,14.238283746506395,3016
32,0.0027193791539044405,460.57793515969075,2.0479999780654907,1.1,0.4019999999999999,-0.36,45956.191718479145,41.84515713520803,28.352772824316805,646018382.6667,-5122048.0,46039.44034903877,12.903381770654146,3016
36,0.015088546279448257,97.70333436489459,2.0479999780654907,0.09999999999999998,0.4059999999999999,-0.36,45963.62907238713,41.563388432520014,28.485124040854362,646018382.6667,-5122048.0,46039.44034864633,12.313510974470203,3016
48,0.00840808730810406,212.13203435596432,2.0479999780654907,0.09999999999999998,0.4059999999999999,-0.36,45934.728262953075,41.563388432520014,28.485124040854362,646018382.6667,-5122048.0,46039.44034864633,14.471495133071251,3016
50,0.01015675291191033,212.13203435596432,1.0240000486373901,0.09999999999999998,0.4059999999999999,-0.36,28422.932850383204,41.563388432520014,28.485124040854362,646018383.1787,1024.0,28498.047831798463,12.25683331168859,3016
52,0.005440981671762405,212.13203435596432,2.0479999780654907,0.6,0.4059999999999999,-0.36,45943.87327369457,41.563388432520014,28.485124040854362,646018382.6667,-5122048.0,46039.44034864633,13.825127482360474,3016
56,0.003163496563345294,212.13203435596432,2.0479999780654907,1.1,0.4059999999999999,-0.36,45958.191750323014,41.563388432520014,28.485124040854362,646018382.6667,-5122048.0,46039.44034864633,12.747438826941886,3016
60,0.005501573939437332,460.57793515969075,2.0479999780654907,0.09999999999999998,0.4059999999999999,-0.36,45910.2195800377,41.563388432520014,28.485124040854362,646018382.6667,-5122048.0,46039.44034864633,16.076116981947216,3016
61,0.006337299162165544,460.57793515969075,1.0240000486373901,0.09999999999999998,0.4059999999999999,-0.36,28228.13209277186,41.563388432520014,28.485124040854362,646018382.9226999,-2561024.0,28312.37704592154,12.980366185102966,3016
62,0.006755490609232796,460.57793515969075,1.0240000486373901,0.09999999999999998,0.4059999999999999,-0.36,28402.52003293791,41.563388432520014,28.485124040854362,646018383.1787,1024.0,28498.047831798463,13.822286269684342,3016
63,0.006550732975301096,460.57793515969075,1.0240000486373901,0.09999999999999998,0.4059999999999999,-0.36,28393.124379795747,41.563388432520014,28.485124040854362,646018383.4347,2561024.0,28483.49259982571,13.443825350692613,3016
64,0.0043667359863054514,460.57793515969075,2.0479999780654907,0.6,0.4059999999999999,-0.36,45923.79207661312,41.563388432520014,28.485124040854362,646018382.6667,-5122048.0,46039.44034864633,15.20843660822545,3016
66,0.005259454295028785,460.57793515969075,1.0240000486373901,0.6,0.4059999999999999,-0.36,28415.496746820394,41.563388432520014,28.485124040854362,646018383.1787,1024.0,28498.047831798463,12.8492089233594,3016
67,0.005070747397057491,460.57793515969075,1.0240000486373901,0.6,0.4059999999999999,-0.36,28406.521836095908,41.563388432520014,28.485124040854362,646018383.4347,2561024.0,28483.49259982571,12.407317496526117,3016
68,0.0029154355715991973,460.57793515969075,2.0479999780654907,1.1,0.4059999999999999,-0.36,45945.32423476976,41.563388432520014,28.485124040854362,646018382.6667,-5122048.0,46039.44034864633,13.719775062045835,3016
72,0.015228404925209754,97.70333436489459,2.0479999780654907,0.09999999999999998,0.4099999999999999,-0.36,45963.79292080699,41.28471089457124,28.617717360941366,646018382.6667,-5122048.0,46039.4403486345,12.300197382766891,3016
84,0.008516349209477567,212.13203435596432,2.0479999780654907,0.09999999999999998,0.4099999999999999,-0.36,45934.02106589108,41.28471089457124,28.617717360941366,646018382.6667,-5122048.0,46039.4403486345,14.520281177954065,3016
86,0.010595111703199657,212.13203435596432,1.0240000486373901,0.09999999999999998,0.4099999999999999,-0.36,28418.335588505215,41.28471089457124,28.617717360941366,646018383.1787,1024.0,28498.047831631433,12.626340968484717,3016
88,0.005525401770657356,212.13203435596432,2.0479999780654907,0.6,0.4099999999999999,-0.36,45942.837470078106,41.28471089457124,28.617717360941366,646018382.6667,-5122048.0,46039.4403486345,13.899847377320201,3016
92,0.003230314860317639,212.13203435596432,2.0479999780654907,1.1,0.4099999999999999,-0.36,45956.418777465726,41.28471089457124,28.617717360941366,646018382.6667,-5122048.0,46039.4403486345,12.885772865356419,3016
96,0.0055803357025078736,460.57793515969075,2.0479999780654907,0.09999999999999998,0.4099999999999999,-0.36,45908.3948680122,41.28471089457124,28.617717360941366,646018382.6667,-5122048.0,46039.4403486345,16.189223614633658,3016
97,0.0065564347336174306,460.57793515969075,1.0240000486373901,0.09999999999999998,0.4099999999999999,-0.36,28223.23409887367,41.28471089457124,28.617717360941366,646018382.9226999,-2561024.0,28312.377045792255,13.352374089920186,3016
98,0.006973812493600176,460.57793515969075,1.0240000486373901,0.09999999999999998,0.4099999999999999,-0.36,28398.166293380793,41.28471089457124,28.617717360941366,646018383.1787,1024.0,28498.047831631433,14.133756630891874,3016
99,0.006759960854399265,460.57793515969075,1.0240000486373901,0.09999999999999998,0.4099999999999999,-0.36,28389.358389069766,41.28471089457124,28.617717360941366,646018383.4347,2561024.0,28483.49259960684,13.721094018851046,3016
100,0.0044368232274894625,460.57793515969075,2.0479999780654907,0.6,0.4099999999999999,-0.36,45922.14731140822,41.28471089457124,28.617717360941366,646018382.6667,-5122048.0,46039.4403486345,15.316203003766004,3016
101,0.0051915232121005775,460.57793515969075,1.0240000486373901,0.6,0.4099999999999999,-0.36,28233.034267925457,41.28471089457124,28.617717360941366,646018382.9226999,-2561024.0,28312.377045792255,12.597045516056326,3016
102,0.005494568737602369,460.57793515969075,1.0240000486373901,0.6,0.4099999999999999,-0.36,28410.00653225329,41.28471089457124,28.617717360941366,646018383.1787,1024.0,28498.047831631433,13.26961185401765,3016
103,0.005318367083265346,460.57793515969075,1.0240000486373901,0.6,0.4099999999999999,-0.36,28400.784446635793,41.28471089457124,28.617717360941366,646018383.4347,2561024.0,28483.49259960684,12.861427056983105,3016
104,0.002975563193759531,460.57793515969075,2.0479999780654907,1.1,0.4099999999999999,-0.36,45943.308830242764,41.28471089457124,28.617717360941366,646018382.6667,-5122048.0,46039.4403486345,13.865894734328508,3016
120,0.008067774340533514,212.13203435596432,2.0479999780654907,0.09999999999999998,0.4139999999999999,-0.36,45945.30467398744,41.00908690157023,28.75053891603033,646018382.6667,-5122048.0,46039.440349032295,13.721200752474545,3016
122,0.010450130100326869,212.13203435596432,1.0240000486373901,0.09999999999999998,0.4139999999999999,-0.36,28420.887957860607,41.00908690157023,28.75053891603033,646018383.1787,1024.0,28498.047831679996,12.422549965235781,3016
124,0.005226238353398639,212.13203435596432,2.0479999780654907,0.6,0.4139999999999999,-0.36,45953.42996497106,41.00908690157023,28.75053891603033,646018382.6667,-5122048.0,46039.440349032295,13.11566880195101,3016
132,0.005358701101793461,460.57793515969075,2.0479999780654907,0.09999999999999998,0.4139999999999999,-0.36,45919.07153980601,41.00908690157023,28.75053891603033,646018382.6667,-5122048.0,46039.440349032295,15.515721654262936,3016
133,0.006540863656311029,460.57793515969075,1.0240000486373901,0.09999999999999998,0.4139999999999999,-0.36,28224.382960181785,41.00908690157023,28.75053891603033,646018382.9226999,-2561024.0,28312.377045816214,13.266053341851842,3016
134,0.006894644519056592,460.57793515969075,1.0240000486373901,0.09999999999999998,0.4139999999999999,-0.36,28400.810977547862,41.00908690157023,28.75053891603033,646018383.1787,1024.0,28498.047831679996,13.945383044730889,3016
135,0.006486924815530417,460.57793515969075,1.0240000486373901,0.09999999999999998,0.4139999999999999,-0.36,28397.12296439994,41.00908690157023,28.75053891603033,646018383.4347,2561024.0,28483.49259985931,13.143031268270674,3016
136,0.004235788743274728,460.57793515969075,2.0479999780654907,0.6,0.4139999999999999,-0.36,45933.051552618366,41.00908690157023,28.75053891603033,646018382.6667,-5122048.0,46039.440349032295,14.586897985104887,3016
137,0.005189008946914011,460.57793515969075,1.0240000486373901,0.6,0.4139999999999999,-0.36,28233.85307853654,41.00908690157023,28.75053891603033,646018382.9226999,-2561024.0,28312.377045816214,12.531876737318656,3016
138,0.005436854191056308,460.57793515969075,1.0240000486373901,0.6,0.4139999999999999,-0.36,28412.20144097771,41.00908690157023,28.75053891603033,646018383.1787,1024.0,28498.047831679996,13.103159214653934,3016
140,0.002827756358128788,460.57793515969075,2.0479999780654907,1.1,0.4139999999999999,-0.36,45952.95732571301,41.00908690157023,28.75053891603033,646018382.6667,-5122048.0,46039.440349032295,13.151655661496331,3016
156,0.007906064376452731,212.13203435596432,2.0479999780654907,0.09999999999999998,0.4179999999999999,-0.36,45948.27164617826,40.73647908824719,28.883575090582138,646018382.6667,-5122048.0,46039.44034914465,13.50323686872063,3016
160,0.005113086276592924,212.13203435596432,2.0479999780654907,0.6,0.4179999999999999,-0.36,45956.45117822587,40.73647908824719,28.883575090582138,646018382.6667,-5122048.0,46039.44034914465,12.883258199599942,3016
168,0.005274285065308526,460.57793515969075,2.0479999780654907,0.09999999999999998,0.4179999999999999,-0.36,45922.22097206644,40.73647908824719,28.883575090582138,646018382.6667,-5122048.0,46039.44034914465,15.311392952844658,3016
169,0.006281490315738268,460.57793515969075,1.0240000486373901,0.09999999999999998,0.4179999999999999,-0.36,28230.532645198982,40.73647908824719,28.883575090582138,646018382.9226999,-2561024.0,28312.377045934853,12.794092444239277,3016
170,0.006658169682489452,460.57793515969075,1.0240000486373901,0.09999999999999998,0.4179999999999999,-0.36,28406.811908897704,40.73647908824719,28.883575090582138,646018383.1787,1024.0,28498.04783183943,13.508214015311353,3016
171,0.006358004221513374,460.57793515969075,1.0240000486373901,0.09999999999999998,0.4179999999999999,-0.36,28399.821226905562,40.73647908824719,28.883575090582138,646018383.4347,2561024.0,28483.4925999305,12.936102428856953,3016
172,0.004156255632057663,460.57793515969075,2.0479999780654907,0.6,0.4179999999999999,-0.36,45936.32871756222,40.73647908824719,28.883575090582138,646018382.6667,-5122048.0,46039.44034914465,14.360475729058066,3016
174,0.0052188991937329515,460.57793515969075,1.0240000486373901,0.6,0.4179999999999999,-0.36,28418.335229584634,40.73647908824719,28.883575090582138,646018383.1787,1024.0,28498.04783183943,12.626369411259626,3016
176,0.0027640917912710515,460.57793515969075,2.0479999780654907,1.1,0.4179999999999999,-0.36,45956.26751649082,40.73647908824719,28.883575090582138,646018382.6667,-5122048.0,46039.44034914465,12.897506166219008,3016
192,0.008266570624030148,212.13203435596432,2.0479999780654907,0.09999999999999998,0.42199999999999993,-0.36,45941.1893957145,40.46685035633321,29.016812519137847,646018382.6667,-5122048.0,46039.44034883278,14.017913761917674,3016
194,0.01053513727948614,212.13203435596432,1.0240000486373901,0.09999999999999998,0.42199999999999993,-0.36,28420.284305515066,40.46685035633321,29.016812519137847,646018383.1787,1024.0,28498.04783160408,12.471048559685178,3016
196,0.005384203460833206,212.13203435596432,2.0479999780654907,0.6,0.42199999999999993,-0.36,45948.45192176934,40.46685035633321,29.016812519137847,646018382.6667,-5122048.0,46039.44034883278,13.489879692824761,3016
200,0.003162124809843398,212.13203435596432,2.0479999780654907,1.1,0.42199999999999993,-0.36,45960.2448726424,40.46685035633321,29.016812519137847,646018382.6667,-5122048.0,46039.44034883278,12.585346732639788,3016
204,0.005443626353718801,460.57793515969075,2.0479999780654907,0.09999999999999998,0.42199999999999993,-0.36,45915.98955163917,40.46685035633321,29.016812519137847,646018382.6667,-5122048.0,46039.44034883278,15.713102634019224,3016
205,0.00638102477187017,460.57793515969075,1.0240000486373901,0.09999999999999998,0.42199999999999993,-0.36,28229.395660250506,40.46685035633321,29.016812519137847,646018382.9226999,-2561024.0,28312.377045872272,12.88265388976713,3016
206,0.006917575406930858,460.57793515969075,1.0240000486373901,0.09999999999999998,0.42199999999999993,-0.36,28401.124511194117,40.46685035633321,29.016812519137847,646018383.1787,1024.0,28498.04783160408,13.922881915031951,3016
207,0.006701243138444975,460.57793515969075,1.0240000486373901,0.09999999999999998,0.42199999999999993,-0.36,28392.130292058857,40.46685035633321,29.016812519137847,646018383.4347,2561024.0,28483.492599571695,13.517566904797476,3016
208,0.0043334572192521206,460.57793515969075,2.0479999780654907,0.6,0.42199999999999993,-0.36,45928.582406120055,40.46685035633321,29.016812519137847,646018382.6667,-5122048.0,46039.44034883278,14.890127112467917,3016
210,0.005492915960695931,460.57793515969075,1.0240000486373901,0.6,0.42199999999999993,-0.36,28411.053869326268,40.46685035633321,29.016812519137847,646018383.1787,1024.0,28498.04783160408,13.19044823179342,3016
211,0.005320459139433026,460.57793515969075,1.0240000486373901,0.6,0.42199999999999993,-0.36,28401.677830427107,40.46685035633321,29.016812519137847,646018383.4347,2561024.0,28483.492599571695,12.791776197587915,3016
212,0.002913575928807618,460.57793515969075,2.0479999780654907,1.1,0.42199999999999993,-0.36,45947.81992821021,40.46685035633321,29.016812519137847,646018382.6667,-5122048.0,46039.44034883278,13.536648080124849,3016
228,0.008050832593130558,212.13203435596432,2.0479999780654907,0.09999999999999998,0.42599999999999993,-0.36,45946.83063946202,40.200163886095304,29.150238083354843,646018382.6667,-5122048.0,46039.4403492112,13.60953413965226,3016
230,0.010502711051479737,212.13203435596432,1.0240000486373901,0.09999999999999998,0.42599999999999993,-0.36,28420.69198064552,40.200163886095304,29.150238083354843,646018383.1787,1024.0,28498.047831756478,12.438315891708058,3016
232,0.005190004456149932,212.13203435596432,2.0479999780654907,0.6,0.42599999999999993,-0.36,45955.61662911462,40.200163886095304,29.150238083354843,646018382.6667,-5122048.0,46039.4403492112,12.947873964213692,3016
240,0.005332138064426143,460.57793515969075,2.0479999780654907,0.09999999999999998,0.42599999999999993,-0.36,45921.621267617986,40.200163886095304,29.150238083354843,646018382.6667,-5122048.0,46039.4403492112,15.350510193033818,3016
241,0.006337915860024481,460.57793515969075,1.0240000486373901,0.09999999999999998,0.42599999999999993,-0.36,28230.377955542855,40.200163886095304,29.150238083354843,646018382.9226999,-2561024.0,28312.377046066093,12.806177456465072,3016
242,0.006911709485364638,460.57793515969075,1.0240000486373901,0.09999999999999998,0.42599999999999993,-0.36,28401.089125239658,40.200163886095304,29.150238083354843,646018383.1787,1024.0,28498.047831756478,13.925423262279665,3016
243,0.006609624818592082,460.57793515969075,1.0240000486373901,0.09999999999999998,0.42599999999999993,-0.36,28394.973316403208,40.200163886095304,29.150238083354843,646018383.4347,2561024.0,28483.49259978331,13.305584044310201,3016
244,0.004206807796974162,460.57793515969075,2.0479999780654907,0.6,0.42599999999999993,-0.36,45935.69514757704,40.200163886095304,29.150238083354843,646018382.6667,-5122048.0,46039.4403492112,14.404527179617045,3016
246,0.005431015590963008,460.57793515969075,1.0240000486373901,0.6,0.42599999999999993,-0.36,28412.984099313166,40.200163886095304,29.150238083354843,646018383.1787,1024.0,28498.047831756478,13.043291949758075,3016
247,0.005191534463282576,460.57793515969075,1.0240000486373901,0.6,0.42599999999999993,-0.36,28405.94334993952,40.200163886095304,29.150238083354843,646018383.4347,2561024.0,28483.49259978331,12.45385481236945,3016
248,0.0027868671949944726,460.57793515969075,2.0479999780654907,1.1,0.42599999999999993,-0.36,45956.470041385255,40.200163886095304,29.150238083354843,646018382.6667,-5122048.0,46039.4403492112,12.881793960931693,3016
264,0.007990409171596364,212.13203435596432,2.0479999780654907,0.09999999999999998,0.42999999999999994,-0.36,45947.613321205594,39.93638314696992,29.283838909012804,646018382.6667,-5122048.0,46039.440349203185,13.551902301713318,3016
268,0.005165648842434519,212.13203435596432,2.0479999780654907,0.6,0.42999999999999994,-0.36,45955.977232322904,39.93638314696992,29.283838909012804,646018382.6667,-5122048.0,46039.440349203185,12.919993566583594,3016
276,0.0052843432456123485,460.57793515969075,2.0479999780654907,0.09999999999999998,0.42999999999999994,-0.36,45923.09222646577,39.93638314696992,29.283838909012804,646018382.6667,-5122048.0,46039.440349203185,15.254384467254921,3016
277,0.0062409072196035285,460.57793515969075,1.0240000486373901,0.09999999999999998,0.42999999999999994,-0.36,28232.68742084777,39.93638314696992,29.283838909012804,646018382.9226999,-2561024.0,28312.37704607872,12.624549515206384,3016
278,0.006553864537710991,460.57793515969075,1.0240000486373901,0.09999999999999998,0.42999999999999994,-0.36,28410.67713515373,39.93638314696992,29.283838909012804,646018383.1787,1024.0,28498.04783201238,13.21897854288662,3016
279,0.006292907929916988,460.57793515969075,1.0240000486373901,0.09999999999999998,0.42999999999999994,-0.36,28402.706597359505,39.93638314696992,29.283838909012804,646018383.4347,2561024.0,28483.492600087,12.711097728166095,3016
280,0.004178609974107478,460.57793515969075,2.0479999780654907,0.6,0.42999999999999994,-0.36,45936.55500869511,39.93638314696992,29.283838909012804,646018382.6667,-5122048.0,46039.440349203185,14.344709164571693,3016
282,0.005127188698518121,460.57793515969075,1.0240000486373901,0.6,0.42999999999999994,-0.36,28422.14656696108,39.93638314696992,29.283838909012804,646018383.1787,1024.0,28498.04783201238,12.320816941363876,3016
284,0.002778409252947386,460.57793515969075,2.0479999780654907,1.1,0.42999999999999994,-0.36,45956.61472769171,39.93638314696992,29.283838909012804,646018382.6667,-5122048.0,46039.440349203185,12.87055721493629,3016
300,0.0079001215380797,212.13203435596432,2.0479999780654907,0.09999999999999998,0.43399999999999994,-0.36,45949.14873979618,39.67547190733617,29.417602362994256,646018382.6667,-5122048.0,46039.440349348224,13.438125580008645,3016
304,0.005058256209401168,212.13203435596432,2.0479999780654907,0.6,0.43399999999999994,-0.36,45958.997252016234,39.67547190733617,29.417602362994256,646018382.6667,-5122048.0,46039.440349348224,12.68409218919434,3016
312,0.005266032169821538,460.57793515969075,2.0479999780654907,0.09999999999999998,0.43399999999999994,-0.36,45923.09514596044,39.67547190733617,29.417602362994256,646018382.6667,-5122048.0,46039.440349348224,15.254193088314036,3016
313,0.006062342353744523,460.57793515969075,1.0240000486373901,0.09999999999999998,0.43399999999999994,-0.36,28236.77916007353,39.67547190733617,29.417602362994256,646018382.9226999,-2561024.0,28312.377046302267,12.29616901548913,3016
314,0.006371011711161153,460.57793515969075,1.0240000486373901,0.09999999999999998,0.43399999999999994,-0.36,28415.024987858887,39.67547190733617,29.417602362994256,646018383.1787,1024.0,28498.04783224082,12.885871672644608,3016
315,0.006229968440612802,460.57793515969075,1.0240000486373901,0.09999999999999998,0.43399999999999994,-0.36,28403.60027391517,39.67547190733617,29.417602362994256,646018383.4347,2561024.0,28483.49260019069,12.64059541916596,3016
316,0.0041255773762622116,460.57793515969075,2.0479999780654907,0.6,0.43399999999999994,-0.36,45938.54590482469,39.67547190733617,29.417602362994256,646018382.6667,-5122048.0,46039.440349348224,14.205241604670581,3016
320,0.00270851179553874,460.57793515969075,2.0479999780654907,1.1,0.43399999999999994,-0.36,45960.398415539334,39.67547190733617,29.417602362994256,646018382.6667,-5122048.0,46039.440349348224,12.573140722102053,3016
336,0.00836068454314838,212.13203435596432,2.0479999780654907,0.09999999999999998,0.43799999999999994,-0.36,45939.21895044642,39.41739424346893,29.551516050244267,646018382.6667,-5122048.0,46039.440348846154,14.157782199181858,3016
340,0.005433202599418559,212.13203435596432,2.0479999780654907,0.6,0.43799999999999994,-0.36,45947.44756210126,39.41739424346893,29.551516050244267,646018382.6667,-5122048.0,46039.440348846154,13.56412818760522,3016
344,0.0031840120920257264,212.13203435596432,2.0479999780654907,1.1,0.43799999999999994,-0.36,45960.06623977239,39.41739424346893,29.551516050244267,646018382.6667,-5122048.0,46039.440348846154,12.599532457497011,3016
348,0.005481697602765726,460.57793515969075,2.0479999780654907,0.09999999999999998,0.43799999999999994,-0.36,45914.29210938103,39.41739424346893,29.551516050244267,646018382.6667,-5122048.0,46039.440348846154,15.820761009832921,3016
349,0.0061808104181726095,460.57793515969075,1.0240000486373901,0.09999999999999998,0.43799999999999994,-0.36,28234.440470539812,39.41739424346893,29.551516050244267,646018382.9226999,-2561024.0,28312.377046103724,12.484916945171234,3016
350,0.006504059738093522,460.57793515969075,1.0240000486373901,0.09999999999999998,0.43799999999999994,-0.36,28412.499383184964,39.41739424346893,29.551516050244267,646018383.1787,1024.0,28498.047832006112,13.080401279865061,3016
351,0.0063730946891208465,460.57793515969075,1.0240000486373901,0.09999999999999998,0.43799999999999994,-0.36,28400.730820632667,39.41739424346893,29.551516050244267,646018383.4347,2561024.0,28483.492599943093,12.86559592948772,3016
352,0.004364889172610734,460.57793515969075,2.0479999780654907,0.6,0.43799999999999994,-0.36,45927.42837405845,39.41739424346893,29.551516050244267,646018382.6667,-5122048.0,46039.440348846154,14.967429624869018,3016
356,0.002933671948869022,460.57793515969075,2.0479999780654907,1.1,0.43799999999999994,-0.36,45947.43387778508,39.41739424346893,29.551516050244267,646018382.6667,-5122048.0,46039.440348846154,13.565137010813785,3016
372,0.008082133413026655,212.13203435596432,2.0479999780654907,0.09999999999999998,0.3999999999999999,-0.357,45944.68053854841,41.7489117230266,28.197659595046154,646018382.6667,-5122048.0,46039.4403489544,13.76661253947296,3016
376,0.0052648524982972095,212.13203435596432,2.0479999780654907,0.6,0.3999999999999999,-0.357,45952.021889282645,41.7489117230266,28.197659595046154,646018382.6667,-5122048.0,46039.4403489544,13.222591249203253,3016
380,0.0030999128314743163,212.13203435596432,2.0479999780654907,1.1,0.3999999999999999,-0.357,45963.11440266282,41.7489117230266,28.197659595046154,646018382.6667,-5122048.0,46039.4403489544,12.355237455555535,3016
384,0.00533833299786229,460.57793515969075,2.0479999780654907,0.09999999999999998,0.3999999999999999,-0.357,45919.21328346626,41.7489117230266,28.197659595046154,646018382.6667,-5122048.0,46039.4403489544,15.50658347206991,3016
385,0.006189263047982769,460.57793515969075,1.0240000486373901,0.09999999999999998,0.3999999999999999,-0.357,28233.483915718796,41.7489117230266,28.197659595046154,646018382.9226999,-2561024.0,28312.377046151938,12.561300126431322,3016
386,0.006827583909315459,460.57793515969075,1.0240000486373901,0.09999999999999998,0.3999999999999999,-0.357,28402.561194222468,41.7489117230266,28.197659595046154,646018383.1787,1024.0,28498.047831756383,13.819308053149058,3016
387,0.006381505255081776,460.57793515969075,1.0240000486373901,0.09999999999999998,0.3999999999999999,-0.357,28399.31948105755,41.7489117230266,28.197659595046154,646018383.4347,2561024.0,28483.492599830315,12.974830925508332,3016
388,0.004244318460828587,460.57793515969075,2.0479999780654907,0.6,0.3999999999999999,-0.357,45932.17550028435,41.7489117230266,28.197659595046154,646018382.6667,-5122048.0,46039.4403489544,14.646832331261876,3016
390,0.005386063054194355,460.57793515969075,1.0240000486373901,0.6,0.3999999999999999,-0.357,28414.10115937901,41.7489117230266,28.197659595046154,646018383.1787,1024.0,28498.047831756383,12.957366428203922,3016
392,0.0028581587906231043,460.57793515969075,2.0479999780654907,1.1,0.3999999999999999,-0.357,45950.85857839032,41.7489117230266,28.197659595046154,646018382.6667,-5122048.0,46039.4403489544,13.310279528550872,3016
408,0.007843945884455633,212.13203435596432,2.0479999780654907,0.09999999999999998,0.4039999999999999,-0.357,45950.84189502591,41.46585346124801,28.330597006287157,646018382.6667,-5122048.0,46039.440349292374,13.311532914466795,3016
412,0.005071290292100261,212.13203435596432,2.0479999780654907,0.6,0.4039999999999999,-0.357,45958.88291557088,41.46585346124801,28.330597006287157,646018382.6667,-5122048.0,46039.440349292374,12.693103144739114,3016
420,0.005228770798192481,460.57793515969075,2.0479999780654907,0.09999999999999998,0.4039999999999999,-0.357,45925.09321298989,41.46585346124801,28.330597006287157,646018382.6667,-5122048.0,46039.440349292374,15.12264105918588,3016
421,0.006274473981769499,460.57793515969075,1.0240000486373901,0.09999999999999998,0.4039999999999999,-0.357,28231.48665436531,41.46585346124801,28.330597006287157,646018382.9226999,-2561024.0,28312.37704612726,12.719307509605231,3016
422,0.006823748618118538,460.57793515969075,1.0240000486373901,0.09999999999999998,0.4039999999999999,-0.357,28402.749741975425,41.46585346124801,28.330597006287157,646018383.1787,1024.0,28498.04783187656,13.805657528791196,3016
423,0.00642432100151643,460.57793515969075,1.0240000486373901,0.09999999999999998,0.4039999999999999,-0.357,28398.31551008152,41.46585346124801,28.330597006287157,646018383.4347,2561024.0,28483.492600031106,13.051979922570057,3016
424,0.004122222789222174,460.57793515969075,2.0479999780654907,0.6,0.4039999999999999,-0.357,45939.040489052364,41.46585346124801,28.330597006287157,646018382.6667,-5122048.0,46039.440349292374,14.170381804313513,3016
426,0.005326004775572367,460.57793515969075,1.0240000486373901,0.6,0.4039999999999999,-0.357,28415.830521352902,41.46585346124801,28.330597006287157,646018383.1787,1024.0,28498.04783187656,12.823206348153175,3016
428,0.0027413088367127113,460.57793515969075,2.0479999780654907,1.1,0.4039999999999999,-0.357,45958.60484756034,41.46585346124801,28.330597006287157,646018382.6667,-5122048.0,46039.440349292374,12.714991288399334,3016
444,0.008488573786735157,212.13203435596432,2.0479999780654907,0.09999999999999998,0.4079999999999999,-0.357,45936.24140873861,41.185925165709655,28.463778899407643,646018382.6667,-5122048.0,46039.4403489117,14.366554226611877,3016
446,0.011227564036879635,212.13203435596432,1.0240000486373901,0.09999999999999998,0.4079999999999999,-0.357,28409.8891880839,41.185925165709655,28.463778899407643,646018383.1787,1024.0,28498.04783149386,13.278451973777594,3016
447,0.01056320102303797,212.13203435596432,1.0240000486373901,0.09999999999999998,0.4079999999999999,-0.357,28405.320654589195,41.185925165709655,28.463778899407643,646018383.4347,2561024.0,28483.49259958261,12.503755035461426,3016
448,0.005446875004284967,212.13203435596432,2.0479999780654907,0.6,0.4079999999999999,-0.357,45946.91196558933,41.185925165709655,28.463778899407643,646018382.6667,-5122048.0,46039.4403489117,13.603557132042559,3016
450,0.007175591079667289,212.13203435596432,1.0240000486373901,0.6,0.4079999999999999,-0.357,28419.44951123862,41.185925165709655,28.463778899407643,646018383.1787,1024.0,28498.04783149386,12.537808441289723,3016
452,0.0031363316388774453,212.13203435596432,2.0479999780654907,1.1,0.4079999999999999,-0.357,45962.350655409304,41.185925165709655,28.463778899407643,646018382.6667,-5122048.0,46039.4403489117,12.416899250811316,3016
456,0.005579200446407078,460.57793515969075,2.0479999780654907,0.09999999999999998,0.4079999999999999,-0.357,45909.78217588013,41.185925165709655,28.463778899407643,646018382.6667,-5122048.0,46039.4403489117,16.103302334091218,3016
457,0.006641778386216126,460.57793515969075,1.0240000486373901,0.09999999999999998,0.4079999999999999,-0.357,28221.885551897853,41.185925165709655,28.463778899407643,646018382.9226999,-2561024.0,28312.377045852263,13.452991782827382,3016
458,0.007293681074274557,460.57793515969075,1.0240000486373901,0.09999999999999998,0.4079999999999999,-0.357,28389.701285325755,41.185925165709655,28.463778899407643,646018383.1787,1024.0,28498.04783149386,14.720499051873507,3016
459,0.006954586022404595,460.57793515969075,1.0240000486373901,0.09999999999999998,0.4079999999999999,-0.357,28384.801215368756,41.185925165709655,28.463778899407643,646018383.4347,2561024.0,28483.49259958261,14.049297791267211,3016
460,0.004399660348230141,460.57793515969075,2.0479999780654907,0.6,0.4079999999999999,-0.357,45925.4649512727,41.185925165709655,28.463778899407643,646018382.6667,-5122048.0,46039.4403489117,15.09803945146559,3016
461,0.005244000962348043,460.57793515969075,1.0240000486373901,0.6,0.4079999999999999,-0.357,28232.482166802703,41.185925165709655,28.463778899407643,646018382.9226999,-2561024.0,28312.377045852263,12.640797368011219,3016
462,0.005760941836389319,460.57793515969075,1.0240000486373901,0.6,0.4079999999999999,-0.357,28402.372025546025,41.185925165709655,28.463778899407643,646018383.1787,1024.0,28498.04783149386,13.832989983935816,3016
463,0.005465148910274996,460.57793515969075,1.0240000486373901,0.6,0.4079999999999999,-0.357,28397.306073659813,41.185925165709655,28.463778899407643,646018383.4347,2561024.0,28483.49259958261,13.12909181343448,3016
464,0.002907667808853274,460.57793515969075,2.0479999780654907,1.1,0.4079999999999999,-0.357,45948.910350536986,41.185925165709655,28.463778899407643,646018382.6667,-5122048.0,46039.4403489117,13.45585362395989,3016
466,0.003803798288584827,460.57793515969075,1.0240000486373901,1.1,0.4079999999999999,-0.357,28422.133181696357,41.185925165709655,28.463778899407643,646018383.1787,1024.0,28498.04783149386,12.32190324564364,3016
468,0.015508957110797791,97.70333436489459,2.0479999780654907,0.09999999999999998,0.4119999999999999,-0.357,45962.96543483668,40.90908835084946,28.597191245705627,646018382.6667,-5122048.0,46039.440348688506,12.367288615684819,3016
480,0.008747600380700675,212.13203435596432,2.0479999780654907,0.09999999999999998,0.4119999999999999,-0.357,45930.642232142076,40.90908835084946,28.597191245705627,646018382.6667,-5122048.0,46039.440348688506,14.751143450351895,3016
481,0.010913745096243719,212.13203435596432,1.0240000486373901,0.09999999999999998,0.4119999999999999,-0.357,28228.348453589435,40.90908835084946,28.597191245705627,646018382.9226999,-2561024.0,28312.377045569832,12.96368712831325,3016
482,0.011273879308147402,212.13203435596432,1.0240000486373901,0.09999999999999998,0.4119999999999999,-0.357,28409.307249840233,40.90908835084946,28.597191245705627,646018383.1787,1024.0,28498.04783149373,13.322205647226681,3016
484,0.005645573416035133,212.13203435596432,2.0479999780654907,0.6,0.4119999999999999,-0.357,45940.90003962303,40.90908835084946,28.597191245705627,646018382.6667,-5122048.0,46039.440348688506,14.03854045586454,3016
486,0.007201611993541592,212.13203435596432,1.0240000486373901,0.6,0.4119999999999999,-0.357,28419.156882469095,40.90908835084946,28.597191245705627,646018383.1787,1024.0,28498.04783149373,12.561126464186,3016
488,0.0032758583608442924,212.13203435596432,2.0479999780654907,1.1,0.4119999999999999,-0.357,45956.15821582426,40.90908835084946,28.597191245705627,646018382.6667,-5122048.0,46039.440348688506,12.905977906710191,3016
492,0.005718990871940573,460.57793515969075,2.0479999780654907,0.09999999999999998,0.4119999999999999,-0.357,45903.86287885744,40.90908835084946,28.597191245705627,646018382.6667,-5122048.0,46039.440348688506,16.466782917805368,3016
493,0.007030529706018064,460.57793515969075,1.0240000486373901,0.09999999999999998,0.4119999999999999,-0.357,28210.9351865961,40.90908835084946,28.597191245705627,646018382.9226999,-2561024.0,28312.377045569832,14.24372556417263,3016
494,0.007348873638457879,460.57793515969075,1.0240000486373901,0.09999999999999998,0.4119999999999999,-0.357,28388.103551180382,40.90908835084946,28.597191245705627,646018383.1787,1024.0,28498.04783149373,14.828639877841105,3016
495,0.006803145799373196,460.57793515969075,1.0240000486373901,0.09999999999999998,0.4119999999999999,-0.357,28389.63413409104,40.90908835084946,28.597191245705627,646018383.4347,2561024.0,28483.492599727266,13.700982857899316,3016
496,0.004537089431120349,460.57793515969075,2.0479999780654907,0.6,0.4119999999999999,-0.357,45919.08455522852,40.90908835084946,28.597191245705627,646018382.6667,-5122048.0,46039.440348688506,15.5148827555988,3016
497,0.005573564956268284,460.57793515969075,1.0240000486373901,0.6,0.4119999999999999,-0.357,28222.12459839168,40.90908835084946,28.597191245705627,646018382.9226999,-2561024.0,28312.377045569832,13.435210990390196,3016
498,0.00579565662026217,460.57793515969075,1.0240000486373901,0.6,0.4119999999999999,-0.357,28401.44777181491,40.90908835084946,28.597191245705627,646018383.1787,1024.0,28498.04783149373,13.899644576666104,3016
499,0.005333596252024928,460.57793515969075,1.0240000486373901,0.6,0.4119999999999999,-0.357,28402.05718541612,40.90908835084946,28.597191245705627,646018383.4347,2561024.0,28483.492599727266,12.762085590619192,3016
500,0.0030248439154262844,460.57793515969075,2.0479999780654907,1.1,0.4119999999999999,-0.357,45942.3425564169,40.90908835084946,28.597191245705627,646018382.6667,-5122048.0,46039.440348688506,13.935407584394847,3016
502,0.003822039260981583,460.57793515969075,1.0240000486373901,1.1,0.4119999999999999,-0.357,28421.807744748716,40.90908835084946,28.597191245705627,646018383.1787,1024.0,28498.04783149373,12.348286257211242,3016
516,0.008391476236291074,212.13203435596432,2.0479999780654907,0.09999999999999998,0.4159999999999999,-0.357,45939.9099424731,40.635304799011436,28.73082027409623,646018382.6667,-5122048.0,46039.440348903576,14.108891269725824,3016
517,0.01036181199284769,212.13203435596432,1.0240000486373901,0.09999999999999998,0.4159999999999999,-0.357,28237.319929679466,40.635304799011436,28.73082027409623,646018382.9226999,-2561024.0,28312.377045760906,12.252111334903853,3016
518,0.01047519450875386,212.13203435596432,1.0240000486373901,0.09999999999999998,0.4159999999999999,-0.357,28421.96576807157,40.635304799011436,28.73082027409623,646018383.1787,1024.0,28498.047831790736,12.335482456650375,3016
520,0.00545989531272985,212.13203435596432,2.0479999780654907,0.6,0.4159999999999999,-0.357,45947.84727386836,40.635304799011436,28.73082027409623,646018382.6667,-5122048.0,46039.440348903576,13.53462781425575,3016
524,0.003204081265184677,212.13203435596432,2.0479999780654907,1.1,0.4159999999999999,-0.357,45960.15633439166,40.635304799011436,28.73082027409623,646018382.6667,-5122048.0,46039.440348903576,12.592379799856653,3016
528,0.005512301692203021,460.57793515969075,2.0479999780654907,0.09999999999999998,0.4159999999999999,-0.357,45914.26844106811,40.635304799011436,28.73082027409623,646018382.6667,-5122048.0,46039.440348903576,15.822256971460511,3016
529,0.006713020707666304,460.57793515969075,1.0240000486373901,0.09999999999999998,0.4159999999999999,-0.357,28220.756254314296,40.635304799011436,28.73082027409623,646018382.9226999,-2561024.0,28312.377045760906,13.536675474178317,3016
530,0.006918212197979925,460.57793515969075,1.0240000486373901,0.09999999999999998,0.4159999999999999,-0.357,28401.441153905613,40.635304799011436,28.73082027409623,646018383.1787,1024.0,28498.047831790736,13.900120710635836,3016
531,0.0065974871609625054,460.57793515969075,1.0240000486373901,0.09999999999999998,0.4159999999999999,-0.357,28395.712030844028,40.635304799011436,28.73082027409623,646018383.4347,2561024.0,28483.492599834328,13.249948602941808,3016
532,0.004389935623427872,460.57793515969075,2.0479999780654907,0.6,0.4159999999999999,-0.357,45927.52467607813,40.635304799011436,28.73082027409623,646018382.6667,-5122048.0,46039.440348903576,14.960994139792025,3016
533,0.005340961541724864,460.57793515969075,1.0240000486373901,0.6,0.4159999999999999,-0.357,28230.30591250499,40.635304799011436,28.73082027409623,646018382.9226999,-2561024.0,28312.377045760906,12.811801844854992,3016
534,0.00544649755720611,460.57793515969075,1.0240000486373901,0.6,0.4159999999999999,-0.357,28413.404335559975,40.635304799011436,28.73082027409623,646018383.1787,1024.0,28498.047831790736,13.011033489370568,3016
535,0.0051943429147263825,460.57793515969075,1.0240000486373901,0.6,0.4159999999999999,-0.357,28406.835847189028,40.635304799011436,28.73082027409623,646018383.4347,2561024.0,28483.492599834328,12.381983092001056,3016
536,0.002952772474810616,460.57793515969075,2.0479999780654907,1.1,0.4159999999999999,-0.357,45947.43381667897,40.635304799011436,28.73082027409623,646018382.6667,-5122048.0,46039.440348903576,13.565141519689961,3016
552,0.008411592787319486,212.13203435596432,2.0479999780654907,0.09999999999999998,0.41999999999999993,-0.357,45938.54512212953,40.36453657309737,28.864652468077992,646018382.6667,-5122048.0,46039.44034886339,14.205296669472336,3016
553,0.010399614589443523,212.13203435596432,1.0240000486373901,0.09999999999999998,0.41999999999999993,-0.357,28237.195394708207,40.36453657309737,28.864652468077992,646018382.9226999,-2561024.0,28312.377045682148,12.262271484022863,3016
554,0.010557606439493387,212.13203435596432,1.0240000486373901,0.09999999999999998,0.41999999999999993,-0.357,28420.650192807996,40.36453657309737,28.864652468077992,646018383.1787,1024.0,28498.047831720894,12.44167504099817,3016
556,0.005455725922459676,212.13203435596432,2.0479999780654907,0.6,0.41999999999999993,-0.357,45947.10905786942,40.36453657309737,28.864652468077992,646018382.6667,-5122048.0,46039.44034886339,13.589061115027077,3016
560,0.0031873688692415077,212.13203435596432,2.0479999780654907,1.1,0.41999999999999993,-0.357,45960.19569796702,40.36453657309737,28.864652468077992,646018382.6667,-5122048.0,46039.44034886339,12.589253424756324,3016
564,0.0055249606225676266,460.57793515969075,2.0479999780654907,0.09999999999999998,0.41999999999999993,-0.357,45912.77003731905,40.36453657309737,28.864652468077992,646018382.6667,-5122048.0,46039.44034886339,15.916677514125736,3016
565,0.006709604446448891,460.57793515969075,1.0240000486373901,0.09999999999999998,0.41999999999999993,-0.357,28221.167179317938,40.36453657309737,28.864652468077992,646018382.9226999,-2561024.0,28312.377045682148,13.506284934371111,3016
566,0.006954433042114958,460.57793515969075,1.0240000486373901,0.09999999999999998,0.41999999999999993,-0.357,28400.351790368324,40.36453657309737,28.864652468077992,646018383.1787,1024.0,28498.047831720894,13.97827180681291,3016
567,0.006677277379913279,460.57793515969075,1.0240000486373901,0.09999999999999998,0.41999999999999993,-0.357,28392.70334913331,40.36453657309737,28.864652468077992,646018383.4347,2561024.0,28483.492599773574,13.475106726127558,3016
568,0.004390284968552171,460.57793515969075,2.0479999780654907,0.6,0.41999999999999993,-0.357,45926.538198715585,40.36453657309737,28.864652468077992,646018382.6667,-5122048.0,46039.44034886339,15.026786093360451,3016
569,0.005380070119865824,460.57793515969075,1.0240000486373901,0.6,0.41999999999999993,-0.357,28229.436097224872,40.36453657309737,28.864652468077992,646018382.9226999,-2561024.0,28312.377045682148,12.879514622630406,3016
570,0.005489372661462377,460.57793515969075,1.0240000486373901,0.6,0.41999999999999993,-0.357,28411.889847357288,40.36453657309737,28.864652468077992,646018383.1787,1024.0,28498.047831720894,13.126917716174377,3016
571,0.005234947905341396,460.57793515969075,1.0240000486373901,0.6,0.41999999999999993,-0.357,28404.598405823053,40.36453657309737,28.864652468077992,646018383.4347,2561024.0,28483.492599773574,12.561384792332435,3016
572,0.00294091307034854,460.57793515969075,2.0479999780654907,1.1,0.41999999999999993,-0.357,45947.29106106864,40.36453657309737,28.864652468077992,646018382.6667,-5122048.0,46039.44034886339,13.575661147417685,3016
588,0.008172225071896121,212.13203435596432,2.0479999780654907,0.09999999999999998,0.42399999999999993,-0.357,45946.57343123265,40.09674602824214,28.99867456266435,646018382.6667,-5122048.0,46039.44034914711,13.62842015161378,3016
592,0.005331461102559584,212.13203435596432,2.0479999780654907,0.6,0.42399999999999993,-0.357,45953.439705260156,40.09674602824214,28.99867456266435,646018382.6667,-5122048.0,46039.44034914711,13.114926144432014,3016
596,0.003139796593654856,212.13203435596432,2.0479999780654907,1.1,0.42399999999999993,-0.357,45964.39218949834,40.09674602824214,28.99867456266435,646018382.6667,-5122048.0,46039.44034914711,12.251380301726508,3016
600,0.005375393707834766,460.57793515969075,2.0479999780654907,0.09999999999999998,0.42399999999999993,-0.357,45922.15019144126,40.09674602824214,28.99867456266435,646018382.6667,-5122048.0,46039.44034914711,15.316014997763029,3016
601,0.006310812095708025,460.57793515969075,1.0240000486373901,0.09999999999999998,0.42399999999999993,-0.357,28232.83606031179,40.09674602824214,28.99867456266435,646018382.9226999,-2561024.0,28312.377046104957,12.612770178923132,3016
602,0.006687354842754325,460.57793515969075,1.0240000486373901,0.09999999999999998,0.42399999999999993,-0.357,28409.53853788749,40.09674602824214,28.99867456266435,646018383.1787,1024.0,28498.047832024473,13.304833267424582,3016
603,0.006658880704670223,460.57793515969075,1.0240000486373901,0.09999999999999998,0.42399999999999993,-0.357,28395.332173046212,40.09674602824214,28.99867456266435,646018383.4347,2561024.0,28483.492599792666,13.278586276140514,3016
604,0.004288280110196144,460.57793515969075,2.0479999780654907,0.6,0.42399999999999993,-0.357,45934.25908694112,40.09674602824214,28.99867456266435,646018382.6667,-5122048.0,46039.44034914711,14.503879633118022,3016
606,0.005255445468366492,460.57793515969075,1.0240000486373901,0.6,0.42399999999999993,-0.357,28420.753151121175,40.09674602824214,28.99867456266435,646018383.1787,1024.0,28498.047832024473,12.433397034060988,3016
607,0.005262662956651931,460.57793515969075,1.0240000486373901,0.6,0.42399999999999993,-0.357,28405.631262280658,40.09674602824214,28.99867456266435,646018383.4347,2561024.0,28483.492599792666,12.478889174282108,3016
608,0.0028924762241010877,460.57793515969075,2.0479999780654907,1.1,0.42399999999999993,-0.357,45952.43961787489,40.09674602824214,28.99867456266435,646018382.6667,-5122048.0,46039.44034914711,13.190961395760565,3016
624,0.007842724011933724,212.13203435596432,2.0479999780654907,0.09999999999999998,0.42799999999999994,-0.357,45953.933590714834,39.831895822557605,29.13287354128598,646018382.6667,-5122048.0,46039.440349455755,13.077213674244312,3016
628,0.005107518212157699,212.13203435596432,2.0479999780654907,0.6,0.42799999999999994,-0.357,45960.72835662062,39.831895822557605,29.13287354128598,646018382.6667,-5122048.0,46039.440349455755,12.546871549126381,3016
636,0.005198057117452528,460.57793515969075,2.0479999780654907,0.09999999999999998,0.42799999999999994,-0.357,45929.88529206466,39.831895822557605,29.13287354128598,646018382.6667,-5122048.0,46039.440349455755,14.802368553113048,3016
637,0.006193764889011504,460.57793515969075,1.0240000486373901,0.09999999999999998,0.42799999999999994,-0.357,28235.882166392446,39.831895822557605,29.13287354128598,646018382.9226999,-2561024.0,28312.37704623757,12.36890292993864,3016
638,0.006592902947097914,460.57793515969075,1.0240000486373901,0.09999999999999998,0.42799999999999994,-0.357,28411.645459608993,39.831895822557605,29.13287354128598,646018383.1787,1024.0,28498.04783218279,13.145521866688826,3016
639,0.0064238229679662,460.57793515969075,1.0240000486373901,0.09999999999999998,0.42799999999999994,-0.357,28401.40788398705,39.831895822557605,29.13287354128598,646018383.4347,2561024.0,28483.492600056426,12.812861980789261,3016
640,0.0041298375073432385,460.57793515969075,2.0479999780654907,0.6,0.42799999999999994,-0.357,45942.11499206697,39.831895822557605,29.13287354128598,646018382.6667,-5122048.0,46039.440349455755,13.951728021201177,3016
644,0.0027729993327053177,460.57793515969075,2.0479999780654907,1.1,0.42799999999999994,-0.357,45959.823942186784,39.831895822557605,29.13287354128598,646018382.6667,-5122048.0,46039.440349455755,12.618748532954578,3016
660,0.008001218423653348,212.13203435596432,2.0479999780654907,0.09999999999999998,0.43199999999999994,-0.357,45949.37743817381,39.56994892698807,29.267236632668755,646018382.6667,-5122048.0,46039.44034940187,13.421096171927129,3016
664,0.0051506586965707965,212.13203435596432,2.0479999780654907,0.6,0.43199999999999994,-0.357,45958.58043537904,39.56994892698807,29.267236632668755,646018382.6667,-5122048.0,46039.44034940187,12.716911104732354,3016
672,0.005311277138148639,460.57793515969075,2.0479999780654907,0.09999999999999998,0.43199999999999994,-0.357,45923.43910958427,39.56994892698807,29.267236632668755,646018382.6667,-5122048.0,46039.44034940187,15.231627609523336,3016
674,0.0063556377522792,460.57793515969075,1.0240000486373901,0.09999999999999998,0.43199999999999994,-0.357,28416.905077649357,39.56994892698807,29.267236632668755,646018383.1787,1024.0,28498.047832383956,12.739132995192357,3016
675,0.006217568363629863,460.57793515969075,1.0240000486373901,0.09999999999999998,0.43199999999999994,-0.357,28405.690498735847,39.56994892698807,29.267236632668755,646018383.4347,2561024.0,28483.492600301954,12.474141378556443,3016
676,0.004185095872584918,460.57793515969075,2.0479999780654907,0.6,0.43199999999999994,-0.357,45938.26261121336,39.56994892698807,29.267236632668755,646018382.6667,-5122048.0,46039.44034940187,14.225170521896128,3016
680,0.002769912451293344,460.57793515969075,2.0479999780654907,1.1,0.43199999999999994,-0.357,45959.285773799966,39.56994892698807,29.267236632668755,646018382.6667,-5122048.0,46039.44034940187,12.661325017698903,3016
696,0.008145851664917627,212.13203435596432,2.0479999780654907,0.09999999999999998,0.43599999999999994,-0.357,45945.87792628822,39.310868634319576,29.40175130769215,646018382.6667,-5122048.0,46039.44034919755,13.679358384758405,3016
700,0.00526537345543338,212.13203435596432,2.0479999780654907,0.6,0.43599999999999994,-0.357,45954.557314467536,39.310868634319576,29.40175130769215,646018382.6667,-5122048.0,46039.44034919755,13.029430895477917,3016
708,0.005389504699556654,460.57793515969075,2.0479999780654907,0.09999999999999998,0.43599999999999994,-0.357,45919.80952349037,39.310868634319576,29.40175130769215,646018382.6667,-5122048.0,46039.44034919755,15.468084930409898,3016
709,0.00615959508054013,460.57793515969075,1.0240000486373901,0.09999999999999998,0.43599999999999994,-0.357,28235.36144831621,39.310868634319576,29.40175130769215,646018382.9226999,-2561024.0,28312.377046324906,12.410930505703151,3016
710,0.0065299879208917284,460.57793515969075,1.0240000486373901,0.09999999999999998,0.43599999999999994,-0.357,28412.54229223126,39.310868634319576,29.40175130769215,646018383.1787,1024.0,28498.047832123986,13.077120469944843,3016
711,0.006533005565861362,460.57793515969075,1.0240000486373901,0.09999999999999998,0.43599999999999994,-0.357,28397.722805145324,39.310868634319576,29.40175130769215,646018383.4347,2561024.0,28483.492599893063,13.097312300448445,3016
712,0.004263557102634522,460.57793515969075,2.0479999780654907,0.6,0.43599999999999994,-0.357,45934.10784430818,39.310868634319576,29.40175130769215,646018382.6667,-5122048.0,46039.44034919755,14.514303627069046,3016
716,0.002839356632969762,460.57793515969075,2.0479999780654907,1.1,0.43599999999999994,-0.357,45954.70807874321,39.310868634319576,29.40175130769215,646018382.6667,-5122048.0,46039.44034919755,13.017854696864635,3016
732,0.007659318802419717,212.13203435596432,2.0479999780654907,0.09999999999999998,0.4019999999999999,-0.354,45951.57353727308,41.3670492605118,28.17568974589298,646018382.6667,-5122048.0,46039.44034914359,13.256455926868991,3016
736,0.004959451637310208,212.13203435596432,2.0479999780654907,0.6,0.4019999999999999,-0.354,45959.19502841845,41.3670492605118,28.17568974589298,646018382.6667,-5122048.0,46039.44034914359,12.668490101439737,3016
744,0.00513760402139257,460.57793515969075,2.0479999780654907,0.09999999999999998,0.4019999999999999,-0.354,45925.37528393259,41.3670492605118,28.17568974589298,646018382.6667,-5122048.0,46039.44034914359,15.103977304736524,3016
745,0.006032055282932264,460.57793515969075,1.0240000486373901,0.09999999999999998,0.4019999999999999,-0.354,28234.90738390901,41.3670492605118,28.17568974589298,646018382.9226999,-2561024.0,28312.37704611429,12.447462569156796,3016
746,0.006703131565395758,460.57793515969075,1.0240000486373901,0.09999999999999998,0.4019999999999999,-0.354,28402.845705102707,41.3670492605118,28.17568974589298,646018383.1787,1024.0,28498.04783172977,13.798704767264498,3016
747,0.006283669839569905,460.57793515969075,1.0240000486373901,0.09999999999999998,0.4019999999999999,-0.354,28399.889209649304,41.3670492605118,28.17568974589298,646018383.4347,2561024.0,28483.4925998705,12.930846083779405,3016
748,0.004042018204458337,460.57793515969075,2.0479999780654907,0.6,0.4019999999999999,-0.354,45939.30100306589,41.3670492605118,28.17568974589298,646018382.6667,-5122048.0,46039.44034914359,14.151985449236177,3016
750,0.005239333040999272,460.57793515969075,1.0240000486373901,0.6,0.4019999999999999,-0.354,28415.347815809255,41.3670492605118,28.17568974589298,646018383.1787,1024.0,28498.04783172977,12.860794370529085,3016
752,0.002690536377172575,460.57793515969075,2.0479999780654907,1.1,0.4019999999999999,-0.354,45958.317615112195,41.3670492605118,28.17568974589298,646018382.6667,-5122048.0,46039.44034914359,12.737561307518218,3016
768,0.007679156571248393,212.13203435596432,2.0479999780654907,0.09999999999999998,0.4059999999999999,-0.354,45951.1969326065,41.08586278138758,28.309463177452262,646018382.6667,-5122048.0,46039.440349284494,13.284834713160196,3016
772,0.0049213510312250104,212.13203435596432,2.0479999780654907,0.6,0.4059999999999999,-0.354,45960.63072895743,41.08586278138758,28.309463177452262,646018382.6667,-5122048.0,46039.440349284494,12.554650160562943,3016
780,0.005161891653501636,460.57793515969075,2.0479999780654907,0.09999999999999998,0.4059999999999999,-0.354,45924.348616794516,41.08586278138758,28.309463177452262,646018382.6667,-5122048.0,46039.440349284494,15.171798343636018,3016
781,0.00614371790223779,460.57793515969075,1.0240000486373901,0.09999999999999998,0.4059999999999999,-0.354,28232.422997789166,41.08586278138758,28.309463177452262,646018382.9226999,-2561024.0,28312.37704604344,12.645477314381809,3016
782,0.0067004371507236975,460.57793515969075,1.0240000486373901,0.09999999999999998,0.4059999999999999,-0.354,28403.084851309926,41.08586278138758,28.309463177452262,646018383.1787,1024.0,28498.0478317741,13.781362810997583,3016
783,0.006408778045126991,460.57793515969075,1.0240000486373901,0.09999999999999998,0.4059999999999999,-0.354,28396.447612895012,41.08586278138758,28.309463177452262,646018383.4347,2561024.0,28483.49259987948,13.194315971998469,3016
784,0.004030275240287317,460.57793515969075,2.0479999780654907,0.6,0.4059999999999999,-0.354,45940.02335156942,41.08586278138758,28.309463177452262,646018382.6667,-5122048.0,46039.440349284494,14.100850876104897,3016
786,0.005233908390118356,460.57793515969075,1.0240000486373901,0.6,0.4059999999999999,-0.354,28415.73878152978,41.08586278138758,28.309463177452262,646018383.1787,1024.0,28498.0478317741,12.830358548717118,3016
788,0.0026466604351527722,460.57793515969075,2.0479999780654907,1.1,0.4059999999999999,-0.354,45961.297530869946,41.08586278138758,28.309463177452262,646018382.6667,-5122048.0,46039.440349284494,12.501425391894154,3016
804,0.00830969846065436,212.13203435596432,2.0479999780654907,0.09999999999999998,0.4099999999999999,-0.354,45936.28329825022,40.8078063721247,28.443469284159264,646018382.6667,-5122048.0,46039.44034880594,14.36363815721612,3016
805,0.010312427201714876,212.13203435596432,1.0240000486373901,0.09999999999999998,0.4099999999999999,-0.354,28234.809206933835,40.8078063721247,28.443469284159264,646018382.9226999,-2561024.0,28312.377045645284,12.455347342523165,3016
806,0.011021143512192631,212.13203435596432,1.0240000486373901,0.09999999999999998,0.4099999999999999,-0.354,28409.8021116545,40.8078063721247,28.443469284159264,646018383.1787,1024.0,28498.047831403655,13.285008072948749,3016
808,0.005319846656607242,212.13203435596432,2.0479999780654907,0.6,0.4099999999999999,-0.354,45947.43605978345,40.8078063721247,28.443469284159264,646018382.6667,-5122048.0,46039.44034880594,13.564976153498153,3016
810,0.00704361316203245,212.13203435596432,1.0240000486373901,0.6,0.4099999999999999,-0.354,28419.399891473502,40.8078063721247,28.443469284159264,646018383.1787,1024.0,28498.047831403655,12.541765420398626,3016
812,0.0030536141104382025,212.13203435596432,2.0479999780654907,1.1,0.4099999999999999,-0.354,45963.276785708025,40.8078063721247,28.443469284159264,646018382.6667,-5122048.0,46039.44034880594,12.342087594723548,3016
816,0.005486319637979167,460.57793515969075,2.0479999780654907,0.09999999999999998,0.4099999999999999,-0.354,45909.50687567495,40.8078063721247,28.443469284159264,646018382.6667,-5122048.0,46039.44034880594,16.120389147349165,3016
817,0.0066943039374609305,460.57793515969075,1.0240000486373901,0.09999999999999998,0.4099999999999999,-0.354,28217.865977361296,40.8078063721247,28.443469284159264,646018382.9226999,-2561024.0,28312.377045645284,13.748532160488093,3016
818,0.0071900281239953645,460.57793515969075,1.0240000486373901,0.09999999999999998,0.4099999999999999,-0.354,28389.216843319413,40.8078063721247,28.443469284159264,646018383.1787,1024.0,28498.047831403655,14.753371688142515,3016
819,0.006612352432215004,460.57793515969075,1.0240000486373901,0.09999999999999998,0.4099999999999999,-0.354,28390.898265367712,40.8078063721247,28.443469284159264,646018383.4347,2561024.0,28483.492599688827,13.608404338578033,3016
820,0.004308916112331061,460.57793515969075,2.0479999780654907,0.6,0.4099999999999999,-0.354,45925.80664271993,40.8078063721247,28.443469284159264,646018382.6667,-5122048.0,46039.44034880594,15.075390945909803,3016
821,0.005292466007834508,460.57793515969075,1.0240000486373901,0.6,0.4099999999999999,-0.354,28228.353845180012,40.8078063721247,28.443469284159264,646018382.9226999,-2561024.0,28312.377045645284,12.963271227994241,3016
822,0.005666463785500975,460.57793515969075,1.0240000486373901,0.6,0.4099999999999999,-0.354,28402.148390216862,40.8078063721247,28.443469284159264,646018383.1787,1024.0,28498.047831403655,13.84914735186202,3016
823,0.00515767736316215,460.57793515969075,1.0240000486373901,0.6,0.4099999999999999,-0.354,28403.60683312398,40.8078063721247,28.443469284159264,646018383.4347,2561024.0,28483.492599688827,12.640076468506555,3016
824,0.002835711178736282,460.57793515969075,2.0479999780654907,1.1,0.4099999999999999,-0.354,45949.78089132283,40.8078063721247,28.443469284159264,646018382.6667,-5122048.0,46039.44034880594,13.391001268248061,3016
826,0.003738073298746528,460.57793515969075,1.0240000486373901,1.1,0.4099999999999999,-0.354,28421.91064240681,40.8078063721247,28.443469284159264,646018383.1787,1024.0,28498.047831403655,12.3399504858688,3016
840,0.00821878269516159,212.13203435596432,2.0479999780654907,0.09999999999999998,0.4139999999999999,-0.354,45939.54889505239,40.53284093861073,28.577694137543084,646018382.6667,-5122048.0,46039.440348705335,14.1344581539547,3016
844,0.005346753806171776,212.13203435596432,2.0479999780654907,0.6,0.4139999999999999,-0.354,45947.16643592112,40.53284093861073,28.577694137543084,646018382.6667,-5122048.0,46039.440348705335,13.584838076636334,3016
848,0.0031363400621854613,212.13203435596432,2.0479999780654907,1.1,0.4139999999999999,-0.354,45959.33286681899,40.53284093861073,28.577694137543084,646018382.6667,-5122048.0,46039.440348705335,12.657604977746912,3016
852,0.005408163417599688,460.57793515969075,2.0479999780654907,0.09999999999999998,0.4139999999999999,-0.354,45914.58844954579,40.53284093861073,28.577694137543084,646018382.6667,-5122048.0,46039.440348705335,15.802018805174757,3016
853,0.006394789786019618,460.57793515969075,1.0240000486373901,0.09999999999999998,0.4139999999999999,-0.354,28226.81715125261,40.53284093861073,28.577694137543084,646018382.9226999,-2561024.0,28312.377045889738,13.081276286137244,3016
854,0.006607971813255643,460.57793515969075,1.0240000486373901,0.09999999999999998,0.4139999999999999,-0.354,28407.26957619159,40.53284093861073,28.577694137543084,646018383.1787,1024.0,28498.04783192947,13.474290759656435,3016
855,0.006330501602701552,460.57793515969075,1.0240000486373901,0.09999999999999998,0.4139999999999999,-0.354,28399.845195307138,40.53284093861073,28.577694137543084,646018383.4347,2561024.0,28483.49259990353,12.934249463837585,3016
856,0.004299875504564891,460.57793515969075,2.0479999780654907,0.6,0.4139999999999999,-0.354,45927.34895089551,40.53284093861073,28.577694137543084,646018382.6667,-5122048.0,46039.440348705335,14.97273507478344,3016
857,0.005030565076174761,460.57793515969075,1.0240000486373901,0.6,0.4139999999999999,-0.354,28236.922499059885,40.53284093861073,28.577694137543084,646018382.9226999,-2561024.0,28312.377045889738,12.284506244033818,3016
858,0.005132622348073611,460.57793515969075,1.0240000486373901,0.6,0.4139999999999999,-0.354,28420.03621064507,40.53284093861073,28.577694137543084,646018383.1787,1024.0,28498.04783192947,12.49092640955029,3016
860,0.0028883431540347917,460.57793515969075,2.0479999780654907,1.1,0.4139999999999999,-0.354,45946.87881016074,40.53284093861073,28.577694137543084,646018382.6667,-5122048.0,46039.440348705335,13.605994160265734,3016
876,0.007879556993734606,212.13203435596432,2.0479999780654907,0.09999999999999998,0.4179999999999999,-0.354,45946.59921230617,40.260927681487026,28.712124068321746,646018382.6667,-5122048.0,46039.44034893518,13.626528290728293,3016
880,0.0051197263523036956,212.13203435596432,2.0479999780654907,0.6,0.4179999999999999,-0.354,45953.97850780773,40.260927681487026,28.712124068321746,646018382.6667,-5122048.0,46039.44034893518,13.073778423045848,3016
888,0.005236964578223194,460.57793515969075,2.0479999780654907,0.09999999999999998,0.4179999999999999,-0.354,45921.35600076458,40.260927681487026,28.712124068321746,646018382.6667,-5122048.0,46039.44034893518,15.36778111313428,3016
889,0.006320212314498556,460.57793515969075,1.0240000486373901,0.09999999999999998,0.4179999999999999,-0.354,28227.777389278803,40.260927681487026,28.712124068321746,646018382.9226999,-2561024.0,28312.37704591285,13.007663636029898,3016
890,0.006651242936147162,460.57793515969075,1.0240000486373901,0.09999999999999998,0.4179999999999999,-0.354,28404.81554759242,40.260927681487026,28.712124068321746,646018383.1787,1024.0,28498.047831860724,13.655202984086502,3016
891,0.006273715596766819,460.57793515969075,1.0240000486373901,0.09999999999999998,0.4179999999999999,-0.354,28400.531506062554,40.260927681487026,28.712124068321746,646018383.4347,2561024.0,28483.492599866022,12.881078666281603,3016
892,0.004143542921084278,460.57793515969075,2.0479999780654907,0.6,0.4179999999999999,-0.354,45934.409036347744,40.260927681487026,28.712124068321746,646018382.6667,-5122048.0,46039.44034893518,14.493537358936097,3016
894,0.00516003737956669,460.57793515969075,1.0240000486373901,0.6,0.4179999999999999,-0.354,28418.109082957606,40.260927681487026,28.712124068321746,646018383.1787,1024.0,28498.047831860724,12.64426738906749,3016
896,0.0027730350548786035,460.57793515969075,2.0479999780654907,1.1,0.4179999999999999,-0.354,45953.35000301114,40.260927681487026,28.712124068321746,646018382.6667,-5122048.0,46039.44034893518,13.121764052446874,3016
912,0.007576236008953273,212.13203435596432,2.0479999780654907,0.09999999999999998,0.42199999999999993,-0.354,45953.719752204735,39.99202810795973,28.846745663224997,646018382.6667,-5122048.0,46039.44034929514,13.093555444599707,3016
916,0.004889120398430043,212.13203435596432,2.0479999780654907,0.6,0.42199999999999993,-0.354,45961.684297412794,39.99202810795973,28.846745663224997,646018382.6667,-5122048.0,46039.44034929514,12.470449220645161,3016
924,0.005083834436900331,460.57793515969075,2.0479999780654907,0.09999999999999998,0.42199999999999993,-0.354,45928.302182242325,39.99202810795973,28.846745663224997,646018382.6667,-5122048.0,46039.44034929514,14.908934707269564,3016
926,0.006154637566711158,460.57793515969075,1.0240000486373901,0.09999999999999998,0.42199999999999993,-0.354,28418.34708195174,39.99202810795973,28.846745663224997,646018383.1787,1024.0,28498.04783218247,12.6254307039983,3016
927,0.006249395278320518,460.57793515969075,1.0240000486373901,0.09999999999999998,0.42199999999999993,-0.354,28400.910114350958,39.99202810795973,28.846745663224997,646018383.4347,2561024.0,28483.492599891728,12.851652465015539,3016
928,0.003990074417236479,460.57793515969075,2.0479999780654907,0.6,0.42199999999999993,-0.354,45942.23776695128,39.99202810795973,28.846745663224997,646018382.6667,-5122048.0,46039.44034929514,13.942925255760345,3016
932,0.0026406676938064144,460.57793515969075,2.0479999780654907,1.1,0.42199999999999993,-0.354,45961.642889501185,39.99202810795973,28.846745663224997,646018382.6667,-5122048.0,46039.44034929514,12.473769261450506,3016
960,0.0046979056528059756,460.57793515969075,2.0479999780654907,0.09999999999999998,0.42599999999999993,-0.354,45946.05560268883,39.72610404264824,28.981545761788855,646018382.6667,-5122048.0,46039.4403499924,13.666363620478654,3016
963,0.006068872875107452,460.57793515969075,1.0240000486373901,0.09999999999999998,0.42599999999999993,-0.354,28407.42921533673,39.72610404264824,28.981545761788855,646018383.4347,2561024.0,28483.49260011824,12.333968119101648,3016
964,0.003658334402384042,460.57793515969075,2.0479999780654907,0.6,0.42599999999999993,-0.354,45959.244601017184,39.72610404264824,28.981545761788855,646018382.6667,-5122048.0,46039.4403499924,12.66457650102969,3016
984,0.0076187202670985905,212.13203435596432,2.0479999780654907,0.09999999999999998,0.42999999999999994,-0.354,45954.36242308197,39.46311763751629,29.116511453127096,646018382.6667,-5122048.0,46039.44034947903,13.044380123030889,3016
988,0.004878325485459896,212.13203435596432,2.0479999780654907,0.6,0.42999999999999994,-0.354,45963.674413026165,39.46311763751629,29.116511453127096,646018382.6667,-5122048.0,46039.44034947903,12.309828305290557,3016
996,0.005125336739620089,460.57793515969075,2.0479999780654907,0.09999999999999998,0.42999999999999994,-0.354,45927.85340431737,39.46311763751629,29.116511453127096,646018382.6667,-5122048.0,46039.44034947903,14.939005667156028,3016
998,0.006420317065370929,460.57793515969075,1.0240000486373901,0.09999999999999998,0.42999999999999994,-0.354,28412.466768607224,39.46311763751629,29.116511453127096,646018383.1787,1024.0,28498.047832147342,13.082894445811112,3016
999,0.0061776268478743,460.57793515969075,1.0240000486373901,0.09999999999999998,0.42999999999999994,-0.354,28404.298526379513,39.46311763751629,29.116511453127096,646018383.4347,2561024.0,28483.492600111244,12.585235296308996,3016
1000,0.0040011508824059445,460.57793515969075,2.0479999780654907,0.6,0.42999999999999994,-0.354,45943.360250064725,39.46311763751629,29.116511453127096,646018382.6667,-5122048.0,46039.44034947903,13.862185932550931,3016
1004,0.0026213167633296875,460.57793515969075,2.0479999780654907,1.1,0.42999999999999994,-0.354,45964.39487698268,39.46311763751629,29.116511453127096,646018382.6667,-5122048.0,46039.44034947903,12.251160965096267,3016
1020,0.007728325375758457,212.13203435596432,2.0479999780654907,0.09999999999999998,0.43399999999999994,-0.354,45951.37306803796,39.20303138092999,29.251630072684506,646018382.6667,-5122048.0,46039.4403492789,13.271569706778422,3016
1024,0.004973332550222314,212.13203435596432,2.0479999780654907,0.6,0.43399999999999994,-0.354,45960.20343698248,39.20303138092999,29.251630072684506,646018382.6667,-5122048.0,46039.4403492789,12.58863871087065,3016
1032,0.0051887128766986475,460.57793515969075,2.0479999780654907,0.09999999999999998,0.43399999999999994,-0.354,45924.38150213825,39.20303138092999,29.251630072684506,646018382.6667,-5122048.0,46039.4403492789,15.169630657379354,3016
1034,0.006182038622022056,460.57793515969075,1.0240000486373901,0.09999999999999998,0.43399999999999994,-0.354,28418.67975960861,39.20303138092999,29.251630072684506,646018383.1787,1024.0,28498.04783226384,12.599053349774357,3016
1035,0.00610288999611269,460.57793515969075,1.0240000486373901,0.09999999999999998,0.43399999999999994,-0.354,28405.90631058993,39.20303138092999,29.251630072684506,646018383.4347,2561024.0,28483.492600113466,12.45682861113027,3016
1036,0.004066901960547683,460.57793515969075,2.0479999780654907,0.6,0.43399999999999994,-0.354,45939.58593129798,39.20303138092999,29.251630072684506,646018382.6667,-5122048.0,46039.4403492789,14.131837671082822,3016
1040,0.0026859138777184004,460.57793515969075,2.0479999780654907,1.1,0.43399999999999994,-0.354,45960.172518790736,39.20303138092999,29.251630072684506,646018382.6667,-5122048.0,46039.4403492789,12.591094510658149,3016
1056,0.00793228483702454,212.13203435596432,2.0479999780654907,0.09999999999999998,0.43799999999999994,-0.354,45947.15833091712,38.94580810588517,29.386889198976384,646018382.6667,-5122048.0,46039.44034906513,13.585434711337939,3016
1060,0.005136405758883095,212.13203435596432,2.0479999780654907,0.6,0.43799999999999994,-0.354,45955.24219225291,38.94580810588517,29.386889198976384,646018382.6667,-5122048.0,46039.44034906513,12.976760521194878,3016
1068,0.005288844042968996,460.57793515969075,2.0479999780654907,0.09999999999999998,0.43799999999999994,-0.354,45920.571048735816,38.94580810588517,29.386889198976384,646018382.6667,-5122048.0,46039.44034906513,15.418774291707859,3016
1069,0.006211958411159318,460.57793515969075,1.0240000486373901,0.09999999999999998,0.43799999999999994,-0.354,28231.467387008794,38.94580810588517,29.386889198976384,646018382.9226999,-2561024.0,28312.377046084126,12.72082222777541,3016
1070,0.006514619779383823,460.57793515969075,1.0240000486373901,0.09999999999999998,0.43799999999999994,-0.354,28410.272904569865,38.94580810588517,29.386889198976384,646018383.1787,1024.0,28498.047831985252,13.24952281521011,3016
1071,0.006242687652558665,460.57793515969075,1.0240000486373901,0.09999999999999998,0.43799999999999994,-0.354,28402.843217329206,38.94580810588517,29.386889198976384,646018383.4347,2561024.0,28483.492599975034,12.700345085534343,3016
1072,0.004173450211103867,460.57793515969075,2.0479999780654907,0.6,0.43799999999999994,-0.354,45934.772417830296,38.94580810588517,29.386889198976384,646018382.6667,-5122048.0,46039.44034906513,14.468443678214676,3016
1074,0.005087950733670484,460.57793515969075,1.0240000486373901,0.6,0.43799999999999994,-0.354,28422.253915126563,38.94580810588517,29.386889198976384,646018383.1787,1024.0,28498.047831985252,12.312101108965036,3016
1076,0.0027795912772800194,460.57793515969075,2.0479999780654907,1.1,0.43799999999999994,-0.354,45954.82569846433,38.94580810588517,29.386889198976384,646018382.6667,-5122048.0,46039.44034906513,13.00881628748756,3016
1092,0.008327356714983098,212.13203435596432,2.0479999780654907,0.09999999999999998,0.3999999999999999,-0.351,45935.78612450067,41.26695149248061,28.02040456378632,646018382.6667,-5122048.0,46039.44034854263,14.398209891646845,3016
1094,0.010141518035681418,212.13203435596432,1.0240000486373901,0.09999999999999998,0.3999999999999999,-0.351,28422.8533310818,41.26695149248061,28.02040456378632,646018383.1787,1024.0,28498.047831643187,12.263319335431891,3016
1096,0.005426595661423825,212.13203435596432,2.0479999780654907,0.6,0.3999999999999999,-0.351,45943.59480674346,41.26695149248061,28.02040456378632,646018382.6667,-5122048.0,46039.44034854263,13.84525491272528,3016
1100,0.0031915578913687148,212.13203435596432,2.0479999780654907,1.1,0.3999999999999999,-0.351,45955.91186562289,41.26695149248061,28.02040456378632,646018382.6667,-5122048.0,46039.44034854263,12.925051869895206,3016
1104,0.005451118515852651,460.57793515969075,2.0479999780654907,0.09999999999999998,0.3999999999999999,-0.351,45910.832390671865,41.26695149248061,28.02040456378632,646018382.6667,-5122048.0,46039.44034854263,16.037952355008724,3016
1105,0.006399771757154792,460.57793515969075,1.0240000486373901,0.09999999999999998,0.3999999999999999,-0.351,28225.699679450936,41.26695149248061,28.02040456378632,646018382.9226999,-2561024.0,28312.377045744634,13.166424442018991,3016
1106,0.006685669358170927,460.57793515969075,1.0240000486373901,0.09999999999999998,0.3999999999999999,-0.351,28403.73948556836,41.26695149248061,28.02040456378632,646018383.1787,1024.0,28498.047831643187,13.733779237691829,3016
1107,0.006483203184113913,460.57793515969075,1.0240000486373901,0.09999999999999998,0.3999999999999999,-0.351,28394.51090890058,41.26695149248061,28.02040456378632,646018383.4347,2561024.0,28483.492599622503,13.340291655126936,3016
1108,0.004346937502370828,460.57793515969075,2.0479999780654907,0.6,0.3999999999999999,-0.351,45923.58948962968,41.26695149248061,28.02040456378632,646018382.6667,-5122048.0,46039.44034854263,15.221751470376118,3016
1109,0.0050957113103649405,460.57793515969075,1.0240000486373901,0.6,0.3999999999999999,-0.351,28234.365743729453,41.26695149248061,28.02040456378632,646018382.9226999,-2561024.0,28312.377045744634,12.49090084943278,3016
1110,0.005287495086448077,460.57793515969075,1.0240000486373901,0.6,0.3999999999999999,-0.351,28414.13373606486,41.26695149248061,28.02040456378632,646018383.1787,1024.0,28498.047831643187,12.954852031445665,3016
1111,0.005122084646144875,460.57793515969075,1.0240000486373901,0.6,0.3999999999999999,-0.351,28404.629634390592,41.26695149248061,28.02040456378632,646018383.4347,2561024.0,28483.492599622503,12.558898457421375,3016
1112,0.002932331110860427,460.57793515969075,2.0479999780654907,1.1,0.3999999999999999,-0.351,45943.22870979988,41.26695149248061,28.02040456378632,646018382.6667,-5122048.0,46039.44034854263,13.87167176246268,3016
1128,0.007814359178869615,212.13203435596432,2.0479999780654907,0.09999999999999998,0.4039999999999999,-0.351,45948.72230504119,40.9844994547843,28.154772522926738,646018382.6667,-5122048.0,46039.440349194716,13.46982139105963,3016
1132,0.005019639901080352,212.13203435596432,2.0479999780654907,0.6,0.4039999999999999,-0.351,45957.99682704224,40.9844994547843,28.154772522926738,646018382.6667,-5122048.0,46039.440349194716,12.762720881730225,3016
1140,0.005223364539436997,460.57793515969075,2.0479999780654907,0.09999999999999998,0.4039999999999999,-0.351,45922.12836534697,40.9844994547843,28.154772522926738,646018382.6667,-5122048.0,46039.440349194716,15.317439985046017,3016
1141,0.0062748689737313285,460.57793515969075,1.0240000486373901,0.09999999999999998,0.4039999999999999,-0.351,28229.683780288946,40.9844994547843,28.154772522926738,646018382.9226999,-2561024.0,28312.377046002217,12.860269492765003,3016
1142,0.00662405279426569,460.57793515969075,1.0240000486373901,0.09999999999999998,0.4039999999999999,-0.351,28406.16320668651,40.9844994547843,28.154772522926738,646018383.1787,1024.0,28498.047831881493,13.556151754460668,3016
1143,0.0062212969425462575,460.57793515969075,1.0240000486373901,0.09999999999999998,0.4039999999999999,-0.351,28402.011504214282,40.9844994547843,28.154772522926738,646018383.4347,2561024.0,28483.492600053978,12.76566456082061,3016
1144,0.004093640121628921,460.57793515969075,2.0479999780654907,0.6,0.4039999999999999,-0.351,45937.41500040025,40.9844994547843,28.154772522926738,646018382.6667,-5122048.0,46039.440349194716,14.28463151743612,3016
1146,0.005166374894980738,460.57793515969075,1.0240000486373901,0.6,0.4039999999999999,-0.351,28418.765858964773,40.9844994547843,28.154772522926738,646018383.1787,1024.0,28498.047831881493,12.592217669395682,3016
1148,0.002697709013423026,460.57793515969075,2.0479999780654907,1.1,0.4039999999999999,-0.351,45958.675652452075,40.9844994547843,28.154772522926738,646018382.6667,-5122048.0,46039.440349194716,12.709421445733932,3016
1164,0.008369688988341227,212.13203435596432,2.0479999780654907,0.09999999999999998,0.4079999999999999,-0.351,45936.620140014194,40.70521674297732,28.28937538216596,646018382.6667,-5122048.0,46039.440348713004,14.34016796964453,3016
1165,0.010291466456890223,212.13203435596432,1.0240000486373901,0.09999999999999998,0.4079999999999999,-0.351,28236.623541754365,40.70521674297732,28.28937538216596,646018382.9226999,-2561024.0,28312.377045663983,12.30881829499634,3016
1166,0.010408368196562727,212.13203435596432,1.0240000486373901,0.09999999999999998,0.4079999999999999,-0.351,28420.57162196925,40.70521674297732,28.28937538216596,646018383.1787,1024.0,28498.047831646905,12.447988566644328,3016
1168,0.005429658369367734,212.13203435596432,2.0479999780654907,0.6,0.4079999999999999,-0.351,45945.284039983424,40.70521674297732,28.28937538216596,646018382.6667,-5122048.0,46039.440348713004,13.722704451352138,3016
1172,0.0031732558605512954,212.13203435596432,2.0479999780654907,1.1,0.4079999999999999,-0.351,45958.5642361115,40.70521674297732,28.28937538216596,646018382.6667,-5122048.0,46039.440348713004,12.718184823433061,3016
1176,0.005470807221550122,460.57793515969075,2.0479999780654907,0.09999999999999998,0.4079999999999999,-0.351,45912.18905754916,40.70521674297732,28.28937538216596,646018382.6667,-5122048.0,46039.440348713004,15.953137068541755,3016
1177,0.006661933087135502,460.57793515969075,1.0240000486373901,0.09999999999999998,0.4079999999999999,-0.351,28220.061301918595,40.70521674297732,28.28937538216596,646018382.9226999,-2561024.0,28312.377045663983,13.587916966583828,3016
1178,0.006847017002351404,460.57793515969075,1.0240000486373901,0.09999999999999998,0.4079999999999999,-0.351,28400.72391330681,40.70521674297732,28.28937538216596,646018383.1787,1024.0,28498.047831646905,13.951624875984495,3016
1179,0.006389042618977573,460.57793515969075,1.0240000486373901,0.09999999999999998,0.4079999999999999,-0.351,28398.237105766068,40.70521674297732,28.28937538216596,646018383.4347,2561024.0,28483.49259984462,13.057985608703369,3016
1180,0.004352185882622159,460.57793515969075,2.0479999780654907,0.6,0.4079999999999999,-0.351,45925.40363548939,40.70521674297732,28.28937538216596,646018382.6667,-5122048.0,46039.440348713004,15.102100067448456,3016
1181,0.005309116221085901,460.57793515969075,1.0240000486373901,0.6,0.4079999999999999,-0.351,28229.342148012853,40.70521674297732,28.28937538216596,646018382.9226999,-2561024.0,28312.377045663983,12.886807025103655,3016
1182,0.005414078312496701,460.57793515969075,1.0240000486373901,0.6,0.4079999999999999,-0.351,28411.872657198965,40.70521674297732,28.28937538216596,646018383.1787,1024.0,28498.047831646905,13.128227180235774,3016
1184,0.002920595267644308,460.57793515969075,2.0479999780654907,1.1,0.4079999999999999,-0.351,45945.88698507602,40.70521674297732,28.28937538216596,646018382.6667,-5122048.0,46039.440348713004,13.678696110155188,3016
1188,0.015315855436284215,97.70333436489459,2.0479999780654907,0.09999999999999998,0.4119999999999999,-0.351,45962.805057156744,40.42906336162653,28.424199053792016,646018382.6667,-5122048.0,46039.440348610304,12.380249711016338,3016
1200,0.008538963832896908,212.13203435596432,2.0479999780654907,0.09999999999999998,0.4119999999999999,-0.351,45933.445759421484,40.42906336162653,28.424199053792016,646018382.6667,-5122048.0,46039.440348610304,14.55984815778105,3016
1202,0.010564366148853576,212.13203435596432,1.0240000486373901,0.09999999999999998,0.4119999999999999,-0.351,28418.61135196634,40.42906336162653,28.424199053792016,646018383.1787,1024.0,28498.047831661563,12.604481718438196,3016
1204,0.005539591917986247,212.13203435596432,2.0479999780654907,0.6,0.4119999999999999,-0.351,45942.1497050083,40.42906336162653,28.424199053792016,646018382.6667,-5122048.0,46039.440348610304,13.949239664010776,3016
1208,0.0032349676070720233,212.13203435596432,2.0479999780654907,1.1,0.4119999999999999,-0.351,45955.81747517093,40.42906336162653,28.424199053792016,646018382.6667,-5122048.0,46039.440348610304,12.932352720164534,3016
1212,0.005572188358625938,460.57793515969075,2.0479999780654907,0.09999999999999998,0.4119999999999999,-0.351,45908.445723085795,40.42906336162653,28.424199053792016,646018382.6667,-5122048.0,46039.440348610304,16.186082016628273,3016
1213,0.006497180934924705,460.57793515969075,1.0240000486373901,0.09999999999999998,0.4119999999999999,-0.351,28225.252956657067,40.42906336162653,28.424199053792016,646018382.9226999,-2561024.0,28312.377045839334,13.200309782900339,3016
1214,0.006954031896317956,460.57793515969075,1.0240000486373901,0.09999999999999998,0.4119999999999999,-0.351,28397.98455552665,40.42906336162653,28.424199053792016,646018383.1787,1024.0,28498.047831661563,14.146609214572344,3016
1215,0.006701374795559137,460.57793515969075,1.0240000486373901,0.09999999999999998,0.4119999999999999,-0.351,28390.218799548104,40.42906336162653,28.424199053792016,646018383.4347,2561024.0,28483.492599673453,13.65824294156091,3016
1216,0.0044373944113938885,460.57793515969075,2.0479999780654907,0.6,0.4119999999999999,-0.351,45921.77688472454,40.42906336162653,28.424199053792016,646018382.6667,-5122048.0,46039.440348610304,15.340369218878987,3016
1217,0.005145260832398752,460.57793515969075,1.0240000486373901,0.6,0.4119999999999999,-0.351,28234.76662009436,40.42906336162653,28.424199053792016,646018382.9226999,-2561024.0,28312.377045839334,12.458766050052736,3016
1218,0.0054666637369088075,460.57793515969075,1.0240000486373901,0.6,0.4119999999999999,-0.351,28410.42027313082,40.42906336162653,28.424199053792016,646018383.1787,1024.0,28498.047831661563,13.238395562207772,3016
1219,0.005250556861966725,460.57793515969075,1.0240000486373901,0.6,0.4119999999999999,-0.351,28402.401200436536,40.42906336162653,28.424199053792016,646018383.4347,2561024.0,28483.492599673453,12.73510103901158,3016
1220,0.0029768639493520633,460.57793515969075,2.0479999780654907,1.1,0.4119999999999999,-0.351,45942.802037623806,40.42906336162653,28.424199053792016,646018382.6667,-5122048.0,46039.440348610304,13.902396267298545,3016
1236,0.007769910481030065,212.13203435596432,2.0479999780654907,0.09999999999999998,0.4159999999999999,-0.351,45951.17437328132,40.155999624919325,28.5592297139925,646018382.6667,-5122048.0,46039.440349265176,13.286532729335901,3016
1240,0.005016496472663584,212.13203435596432,2.0479999780654907,0.6,0.4159999999999999,-0.351,45959.28795412612,40.155999624919325,28.5592297139925,646018382.6667,-5122048.0,46039.440349265176,12.661152802099455,3016
1248,0.005186315318593134,460.57793515969075,2.0479999780654907,0.09999999999999998,0.4159999999999999,-0.351,45925.57004272298,40.155999624919325,28.5592297139925,646018382.6667,-5122048.0,46039.440349265176,15.091077267192967,3016
1249,0.006038792257415307,460.57793515969075,1.0240000486373901,0.09999999999999998,0.4159999999999999,-0.351,28236.40611056291,40.155999624919325,28.5592297139925,646018382.9226999,-2561024.0,28312.377046327318,12.326470359710116,3016
1250,0.006453498940532752,460.57793515969075,1.0240000486373901,0.09999999999999998,0.4159999999999999,-0.351,28411.419771510096,40.155999624919325,28.5592297139925,646018383.1787,1024.0,28498.047832222823,13.162679112758651,3016
1251,0.006246915721922515,460.57793515969075,1.0240000486373901,0.09999999999999998,0.4159999999999999,-0.351,28402.43660590451,40.155999624919325,28.5592297139925,646018383.4347,2561024.0,28483.49260005857,12.732320617551192,3016
1252,0.004081696421780606,460.57793515969075,2.0479999780654907,0.6,0.4159999999999999,-0.351,45939.550035446555,40.155999624919325,28.5592297139925,646018382.6667,-5122048.0,46039.440349265176,14.13437751148748,3016
1256,0.0027059833536292382,460.57793515969075,2.0479999780654907,1.1,0.4159999999999999,-0.351,45959.34121065965,40.155999624919325,28.5592297139925,646018382.6667,-5122048.0,46039.440349265176,12.656945808963929,3016
1272,0.007778555614740509,212.13203435596432,2.0479999780654907,0.09999999999999998,0.41999999999999993,-0.351,45950.587002048414,39.885986168604866,28.69445379956421,646018382.6667,-5122048.0,46039.44034923105,13.33066743885224,3016
1276,0.005020317360220391,212.13203435596432,2.0479999780654907,0.6,0.41999999999999993,-0.351,45958.86949757614,39.885986168604866,28.69445379956421,646018382.6667,-5122048.0,46039.44034923105,12.694160204985046,3016
1284,0.005196189797509871,460.57793515969075,2.0479999780654907,0.09999999999999998,0.41999999999999993,-0.351,45924.56326894605,39.885986168604866,28.69445379956421,646018382.6667,-5122048.0,46039.44034923105,15.157643635143618,3016
1285,0.0060357297794028306,460.57793515969075,1.0240000486373901,0.09999999999999998,0.41999999999999993,-0.351,28236.27802054739,39.885986168604866,28.69445379956421,646018382.9226999,-2561024.0,28312.377046180798,12.33685743075667,3016
1286,0.00650643937953006,460.57793515969075,1.0240000486373901,0.09999999999999998,0.41999999999999993,-0.351,28409.899209459767,39.885986168604866,28.69445379956421,646018383.1787,1024.0,28498.04783197712,13.277697279073202,3016
1287,0.006330718624747901,460.57793515969075,1.0240000486373901,0.09999999999999998,0.41999999999999993,-0.351,28400.235624773803,39.885986168604866,28.69445379956421,646018383.4347,2561024.0,28483.49259989,12.904028449766939,3016
1288,0.004087570651565952,460.57793515969075,2.0479999780654907,0.6,0.41999999999999993,-0.351,45938.8413334974,39.885986168604866,28.69445379956421,646018382.6667,-5122048.0,46039.44034923105,14.184429190746389,3016
1290,0.005070887378421123,460.57793515969075,1.0240000486373901,0.6,0.41999999999999993,-0.351,28422.027907226737,39.885986168604866,28.69445379956421,646018383.1787,1024.0,28498.04783197712,12.330444010690307,3016
1292,0.002709753863345769,460.57793515969075,2.0479999780654907,1.1,0.41999999999999993,-0.351,45958.79979045094,39.885986168604866,28.69445379956421,646018382.6667,-5122048.0,46039.44034923105,12.699650292831906,3016
1308,0.007931006414085806,212.13203435596432,2.0479999780654907,0.09999999999999998,0.42399999999999993,-0.351,45949.197282197725,39.618983960940604,28.829858004595785,646018382.6667,-5122048.0,46039.440349175304,13.434512791878875,3016
1312,0.00515256055945299,212.13203435596432,2.0479999780654907,0.6,0.42399999999999993,-0.351,45956.5705139671,39.618983960940604,28.829858004595785,646018382.6667,-5122048.0,46039.440349175304,12.873992015548751,3016
1320,0.005268857854772732,460.57793515969075,2.0479999780654907,0.09999999999999998,0.42399999999999993,-0.351,45923.457749820314,39.618983960940604,28.829858004595785,646018382.6667,-5122048.0,46039.440349175304,15.2304037605698,3016
1322,0.006527889814042752,460.57793515969075,1.0240000486373901,0.09999999999999998,0.42399999999999993,-0.351,28411.704674226505,39.618983960940604,28.829858004595785,646018383.1787,1024.0,28498.04783197332,13.141016531974575,3016
1323,0.006677720540808966,460.57793515969075,1.0240000486373901,0.09999999999999998,0.42399999999999993,-0.351,28392.431423726102,39.618983960940604,28.829858004595785,646018383.4347,2561024.0,28483.492599564535,13.495271456212578,3016
1324,0.004174224775878857,460.57793515969075,2.0479999780654907,0.6,0.42399999999999993,-0.351,45936.74514126806,39.618983960940604,28.829858004595785,646018382.6667,-5122048.0,46039.440349175304,14.331448489754512,3016
1326,0.0051417760540578466,460.57793515969075,1.0240000486373901,0.6,0.42399999999999993,-0.351,28422.227370828896,39.618983960940604,28.829858004595785,646018383.1787,1024.0,28498.04783197332,12.314256871157387,3016
1327,0.005326872195237597,460.57793515969075,1.0240000486373901,0.6,0.42399999999999993,-0.351,28401.58847073343,39.618983960940604,28.829858004595785,646018383.4347,2561024.0,28483.492599564535,12.798760004868088,3016
1328,0.002793926470714951,460.57793515969075,2.0479999780654907,1.1,0.42399999999999993,-0.351,45955.64886329156,39.618983960940604,28.829858004595785,646018382.6667,-5122048.0,46039.440349175304,12.945384187713136,3016
1344,0.007775913218102566,212.13203435596432,2.0479999780654907,0.09999999999999998,0.42799999999999994,-0.351,45953.46914070076,39.35495431269169,28.96542927712858,646018382.6667,-5122048.0,46039.44034939334,13.112681548224927,3016
1348,0.005039933508792993,212.13203435596432,2.0479999780654907,0.6,0.42799999999999994,-0.351,45960.90732422558,39.35495431269169,28.96542927712858,646018382.6667,-5122048.0,46039.44034939334,12.53259950431344,3016
1356,0.0051716568290898724,460.57793515969075,2.0479999780654907,0.09999999999999998,0.42799999999999994,-0.351,45928.70867608729,39.35495431269169,28.96542927712858,646018382.6667,-5122048.0,46039.44034939334,14.88164462054182,3016
1358,0.006561891565199464,460.57793515969075,1.0240000486373901,0.09999999999999998,0.42799999999999994,-0.351,28411.474037966076,39.35495431269169,28.96542927712858,646018383.1787,1024.0,28498.047832008182,13.15855569902,3016
1359,0.006580164039412023,460.57793515969075,1.0240000486373901,0.09999999999999998,0.42799999999999994,-0.351,28395.84650883096,39.35495431269169,28.96542927712858,646018383.4347,2561024.0,28483.492599783167,13.239795387558418,3016
1360,0.004089441504416683,460.57793515969075,2.0479999780654907,0.6,0.42799999999999994,-0.351,45941.78448994081,39.35495431269169,28.96542927712858,646018382.6667,-5122048.0,46039.44034939334,13.975396914043912,3016
1362,0.005161692369347165,460.57793515969075,1.0240000486373901,0.6,0.42799999999999994,-0.351,28422.234503209216,39.35495431269169,28.96542927712858,646018383.1787,1024.0,28498.047832008182,12.313677663392511,3016
1363,0.005191923807145662,460.57793515969075,1.0240000486373901,0.6,0.42799999999999994,-0.351,28406.286997549596,39.35495431269169,28.96542927712858,646018383.4347,2561024.0,28483.492599783167,12.426230501127119,3016
1364,0.0027294971082515245,460.57793515969075,2.0479999780654907,1.1,0.42799999999999994,-0.351,45960.24853869794,39.35495431269169,28.96542927712858,646018382.6667,-5122048.0,46039.44034939334,12.585055478257022,3016
1380,0.00793526349475426,212.13203435596432,2.0479999780654907,0.09999999999999998,0.43199999999999994,-0.351,45949.37404714713,39.0938588862295,29.1011548158008,646018382.6667,-5122048.0,46039.44034917458,13.421348816527455,3016
1384,0.00516202080804352,212.13203435596432,2.0479999780654907,0.6,0.43199999999999994,-0.351,45956.63627734181,39.0938588862295,29.1011548158008,646018382.6667,-5122048.0,46039.44034917458,12.868882766796476,3016
1392,0.0052674684508528,460.57793515969075,2.0479999780654907,0.09999999999999998,0.43199999999999994,-0.351,45923.62755517279,39.0938588862295,29.1011548158008,646018382.6667,-5122048.0,46039.44034917458,15.219250572994376,3016
1394,0.0065534507870309705,460.57793515969075,1.0240000486373901,0.09999999999999998,0.43199999999999994,-0.351,28410.888573014377,39.0938588862295,29.1011548158008,646018383.1787,1024.0,28498.047831958025,13.202973827410833,3016
1395,0.006194749145189476,460.57793515969075,1.0240000486373901,0.09999999999999998,0.43199999999999994,-0.351,28405.339810919417,39.0938588862295,29.1011548158008,646018383.4347,2561024.0,28483.492600019206,12.502222930326392,3016
1396,0.0041787823679584135,460.57793515969075,2.0479999780654907,0.6,0.43199999999999994,-0.351,45936.82274814233,39.0938588862295,29.1011548158008,646018382.6667,-5122048.0,46039.44034917458,14.326032321075674,3016
1398,0.005169546540667396,460.57793515969075,1.0240000486373901,0.6,0.43199999999999994,-0.351,28421.461966936236,39.0938588862295,29.1011548158008,646018383.1787,1024.0,28498.047831958025,12.37625670562701,3016
1400,0.0028053611287061934,460.57793515969075,2.0479999780654907,1.1,0.43199999999999994,-0.351,45955.34291346659,39.0938588862295,29.1011548158008,646018382.6667,-5122048.0,46039.44034917458,12.968996546224412,3016
1416,0.008182664961606766,212.13203435596432,2.0479999780654907,0.09999999999999998,0.43599999999999994,-0.351,45944.691947191306,38.83565970377365,29.237022066479394,646018382.6667,-5122048.0,46039.440349077944,13.76578380526427,3016
1420,0.005319840183163379,212.13203435596432,2.0479999780654907,0.6,0.43599999999999994,-0.351,45952.497587434904,38.83565970377365,29.237022066479394,646018382.6667,-5122048.0,46039.440349077944,13.186566015687351,3016
1428,0.005397267437105199,460.57793515969075,2.0479999780654907,0.09999999999999998,0.43599999999999994,-0.351,45918.987390970586,38.83565970377365,29.237022066479394,646018382.6667,-5122048.0,46039.440349077944,15.521144165773245,3016
1429,0.006424676999519812,460.57793515969075,1.0240000486373901,0.09999999999999998,0.43599999999999994,-0.351,28228.416604004506,38.83565970377365,29.237022066479394,646018382.9226999,-2561024.0,28312.377045975292,12.958429069203307,3016
1430,0.00677807052140639,460.57793515969075,1.0240000486373901,0.09999999999999998,0.43599999999999994,-0.351,28405.21710895959,38.83565970377365,29.237022066479394,646018383.1787,1024.0,28498.047831866777,13.625764045159963,3016
1431,0.006282801239689967,460.57793515969075,1.0240000486373901,0.09999999999999998,0.43599999999999994,-0.351,28403.34228455406,38.83565970377365,29.237022066479394,646018383.4347,2561024.0,28483.49260008234,12.66098854973661,3016
1432,0.004290784648561244,460.57793515969075,2.0479999780654907,0.6,0.43599999999999994,-0.351,45932.36186643162,38.83565970377365,29.237022066479394,646018382.6667,-5122048.0,46039.440349077944,14.634102818166049,3016
1434,0.005343499713310059,460.57793515969075,1.0240000486373901,0.6,0.43599999999999994,-0.351,28416.63295791698,38.83565970377365,29.237022066479394,646018383.1787,1024.0,28498.047831866777,12.760476005995839,3016
1436,0.002879663823992776,460.57793515969075,2.0479999780654907,1.1,0.43599999999999994,-0.351,45951.94172003488,38.83565970377365,29.237022066479394,646018382.6667,-5122048.0,46039.440349077944,13.228652920313591,3016
1452,0.007980577586328258,212.13203435596432,2.0479999780654907,0.09999999999999998,0.4019999999999999,-0.348,45941.49494356746,40.881810296011224,27.999709343300907,646018382.6667,-5122048.0,46039.44034864113,13.996099819140682,3016
1456,0.005198682901634976,212.13203435596432,2.0479999780654907,0.6,0.4019999999999999,-0.348,45948.8825265308,40.881810296011224,27.999709343300907,646018382.6667,-5122048.0,46039.44034864113,13.457921244407332,3016
1460,0.003056378978717104,212.13203435596432,2.0479999780654907,1.1,0.4019999999999999,-0.348,45960.52595822458,40.881810296011224,27.999709343300907,646018382.6667,-5122048.0,46039.44034864113,12.562992511066298,3016
1464,0.0052656740424665465,460.57793515969075,2.0479999780654907,0.09999999999999998,0.4019999999999999,-0.348,45916.762686466536,40.881810296011224,27.999709343300907,646018382.6667,-5122048.0,46039.44034864113,15.663822150075362,3016
1465,0.00634189132819638,460.57793515969075,1.0240000486373901,0.09999999999999998,0.4019999999999999,-0.348,28225.393899381208,40.881810296011224,27.999709343300907,646018382.9226999,-2561024.0,28312.377045640067,13.189628217569975,3016
1466,0.006642176355969069,460.57793515969075,1.0240000486373901,0.09999999999999998,0.4019999999999999,-0.348,28403.24666174477,40.881810296011224,27.999709343300907,646018383.1787,1024.0,28498.047831580945,13.769616540497658,3016
1467,0.006435526154124687,460.57793515969075,1.0240000486373901,0.09999999999999998,0.4019999999999999,-0.348,28393.225153976357,40.881810296011224,27.999709343300907,646018383.4347,2561024.0,28483.492599650788,13.436327301344788,3016
1468,0.004182979442022623,460.57793515969075,2.0479999780654907,0.6,0.4019999999999999,-0.348,45929.395829171626,40.881810296011224,27.999709343300907,646018382.6667,-5122048.0,46039.44034864113,14.835398172580724,3016
1469,0.005056837260994074,460.57793515969075,1.0240000486373901,0.6,0.4019999999999999,-0.348,28233.66447583947,40.881810296011224,27.999709343300907,646018382.9226999,-2561024.0,28312.377045640067,12.546917533848577,3016
1470,0.0052455067842110065,460.57793515969075,1.0240000486373901,0.6,0.4019999999999999,-0.348,28413.863077307746,40.881810296011224,27.999709343300907,646018383.1787,1024.0,28498.047831580945,12.975727669244554,3016
1471,0.0050206146004018425,460.57793515969075,1.0240000486373901,0.6,0.4019999999999999,-0.348,28405.276114591266,40.881810296011224,27.999709343300907,646018383.4347,2561024.0,28483.492599650788,12.5073166634192,3016
1472,0.0028135391254804987,460.57793515969075,2.0479999780654907,1.1,0.4019999999999999,-0.348,45948.33014422069,40.881810296011224,27.999709343300907,646018382.6667,-5122048.0,46039.44034864113,13.498903986653536,3016
1488,0.007973053900525336,212.13203435596432,2.0479999780654907,0.09999999999999998,0.4059999999999999,-0.348,45942.639815199276,40.60129464500447,28.13491197058024,646018382.6667,-5122048.0,46039.44034885362,13.914060058397252,3016
1492,0.005135627889304298,212.13203435596432,2.0479999780654907,0.6,0.4059999999999999,-0.348,45951.85507988254,40.60129464500447,28.13491197058024,646018382.6667,-5122048.0,46039.44034885362,13.23520071408673,3016
1500,0.005291333907382444,460.57793515969075,2.0479999780654907,0.09999999999999998,0.4059999999999999,-0.348,45916.684669750335,40.60129464500447,28.13491197058024,646018382.6667,-5122048.0,46039.44034885362,15.668802066736557,3016
1501,0.006524264487460042,460.57793515969075,1.0240000486373901,0.09999999999999998,0.4059999999999999,-0.348,28220.620842878034,40.60129464500447,28.13491197058024,646018382.9226999,-2561024.0,28312.377045611753,13.546675070563918,3016
1502,0.006437243458097852,460.57793515969075,1.0240000486373901,0.09999999999999998,0.4059999999999999,-0.348,28409.457895192827,40.60129464500447,28.13491197058024,646018383.1787,1024.0,28498.047831821637,13.310893030057029,3016
1503,0.006091094107592328,460.57793515969075,1.0240000486373901,0.09999999999999998,0.4059999999999999,-0.348,28403.990580777045,40.60129464500447,28.13491197058024,646018383.4347,2561024.0,28483.4926000073,12.609680347277207,3016
1504,0.004163291625978041,460.57793515969075,2.0479999780654907,0.6,0.4059999999999999,-0.348,45931.381460214325,40.60129464500447,28.13491197058024,646018382.6667,-5122048.0,46039.44034885362,14.700944775033632,3016
1505,0.005165679419537696,460.57793515969075,1.0240000486373901,0.6,0.4059999999999999,-0.348,28230.455618590328,40.60129464500447,28.13491197058024,646018382.9226999,-2561024.0,28312.377045611753,12.800111485563335,3016
1506,0.0050395926655187225,460.57793515969075,1.0240000486373901,0.6,0.4059999999999999,-0.348,28420.635261410505,40.60129464500447,28.13491197058024,646018383.1787,1024.0,28498.047831821637,12.442875102735062,3016
1508,0.002756579757640226,460.57793515969075,2.0479999780654907,1.1,0.4059999999999999,-0.348,45952.7422916886,40.60129464500447,28.13491197058024,646018382.6667,-5122048.0,46039.44034885362,13.167995835739024,3016
1524,0.008183955719589565,212.13203435596432,2.0479999780654907,0.09999999999999998,0.4099999999999999,-0.348,45937.768692296915,40.32394733398686,28.270337476213093,646018382.6667,-5122048.0,46039.44034864292,14.25984967284065,3016
1528,0.005293552726523437,212.13203435596432,2.0479999780654907,0.6,0.4099999999999999,-0.348,45946.56259952174,40.32394733398686,28.270337476213093,646018382.6667,-5122048.0,46039.44034864292,13.629214879895349,3016
1532,0.003079495768517948,212.13203435596432,2.0479999780654907,1.1,0.4099999999999999,-0.348,45960.150692083764,40.32394733398686,28.270337476213093,646018382.6667,-5122048.0,46039.44034864292,12.592827844384928,3016
1536,0.005385740524520701,460.57793515969075,2.0479999780654907,0.09999999999999998,0.4099999999999999,-0.348,45912.89480413853,40.32394733398686,28.270337476213093,646018382.6667,-5122048.0,46039.44034864292,15.908836821363888,3016
1537,0.006422023772551074,460.57793515969075,1.0240000486373901,0.09999999999999998,0.4099999999999999,-0.348,28224.172971158627,40.32394733398686,28.270337476213093,646018382.9226999,-2561024.0,28312.37704577374,13.281872956410494,3016
1538,0.00664691247200779,460.57793515969075,1.0240000486373901,0.09999999999999998,0.4099999999999999,-0.348,28403.956606206168,40.32394733398686,28.270337476213093,646018383.1787,1024.0,28498.047831748376,13.71796089382151,3016
1539,0.006421931036249931,460.57793515969075,1.0240000486373901,0.09999999999999998,0.4099999999999999,-0.348,28395.18882522191,40.32394733398686,28.270337476213093,646018383.4347,2561024.0,28483.492599701996,13.289377297682977,3016
1540,0.004262210117697664,460.57793515969075,2.0479999780654907,0.6,0.4099999999999999,-0.348,45926.54249816442,40.32394733398686,28.270337476213093,646018382.6667,-5122048.0,46039.44034864292,15.026499956976313,3016
1541,0.005050293317823958,460.57793515969075,1.0240000486373901,0.6,0.4099999999999999,-0.348,28234.502268326054,40.32394733398686,28.270337476213093,646018382.9226999,-2561024.0,28312.37704577374,12.479966141595652,3016
1542,0.005183851551900935,460.57793515969075,1.0240000486373901,0.6,0.4099999999999999,-0.348,28416.325494192464,40.32394733398686,28.270337476213093,646018383.1787,1024.0,28498.047831748376,12.784548295181297,3016
1543,0.0050167696395295985,460.57793515969075,1.0240000486373901,0.6,0.4099999999999999,-0.348,28406.6671213189,40.32394733398686,28.270337476213093,646018383.4347,2561024.0,28483.492599701996,12.395602315587267,3016
1544,0.002841361348123284,460.57793515969075,2.0479999780654907,1.1,0.4099999999999999,-0.348,45947.50086006277,40.32394733398686,28.270337476213093,646018382.6667,-5122048.0,46039.44034864292,13.560198271423033,3016
1560,0.0077767894076350525,212.13203435596432,2.0479999780654907,0.09999999999999998,0.4139999999999999,-0.348,45947.76155051762,40.049727765708255,28.405971880095237,646018382.6667,-5122048.0,46039.440349073615,13.54095997749001,3016
1564,0.004994378336023852,212.13203435596432,2.0479999780654907,0.6,0.4139999999999999,-0.348,45956.910932925384,40.049727765708255,28.405971880095237,646018382.6667,-5122048.0,46039.440349073615,12.847522418601235,3016
1572,0.005198610019085834,460.57793515969075,2.0479999780654907,0.09999999999999998,0.4139999999999999,-0.348,45921.62778037106,40.049727765708255,28.405971880095237,646018382.6667,-5122048.0,46039.440349073615,15.350085908720713,3016
1573,0.006200058862669613,460.57793515969075,1.0240000486373901,0.09999999999999998,0.4139999999999999,-0.348,28230.205294483556,40.049727765708255,28.405971880095237,646018382.9226999,-2561024.0,28312.37704603182,12.819653002188732,3016
1574,0.006622912852448929,460.57793515969075,1.0240000486373901,0.09999999999999998,0.4139999999999999,-0.348,28404.58130719321,40.049727765708255,28.405971880095237,646018383.1787,1024.0,28498.047831881264,13.672346154779293,3016
1575,0.006442986215367504,460.57793515969075,1.0240000486373901,0.09999999999999998,0.4139999999999999,-0.348,28394.931140696208,40.049727765708255,28.405971880095237,646018383.4347,2561024.0,28483.492599745674,13.308753438956337,3016
1576,0.004071478994111038,460.57793515969075,2.0479999780654907,0.6,0.4139999999999999,-0.348,45936.59891119763,40.049727765708255,28.405971880095237,646018382.6667,-5122048.0,46039.440349073615,14.341648292716176,3016
1578,0.0051195972158179295,460.57793515969075,1.0240000486373901,0.6,0.4139999999999999,-0.348,28418.502057377413,40.049727765708255,28.405971880095237,646018383.1787,1024.0,28498.047831881264,12.613149844812844,3016
1579,0.0050150687234066646,460.57793515969075,1.0240000486373901,0.6,0.4139999999999999,-0.348,28407.062067509196,40.049727765708255,28.405971880095237,646018383.4347,2561024.0,28483.492599745674,12.363699465489933,3016
1580,0.0026802287000723,460.57793515969075,2.0479999780654907,1.1,0.4139999999999999,-0.348,45957.80323350754,40.049727765708255,28.405971880095237,646018382.6667,-5122048.0,46039.440349073615,12.777880541472792,3016
1596,0.007837759261180665,212.13203435596432,2.0479999780654907,0.09999999999999998,0.4179999999999999,-0.348,45947.55065854813,39.778595680174966,28.541801467432467,646018382.6667,-5122048.0,46039.44034912494,13.556525408585522,3016
1600,0.005029281172641481,212.13203435596432,2.0479999780654907,0.6,0.4179999999999999,-0.348,45956.90910137004,39.778595680174966,28.541801467432467,646018382.6667,-5122048.0,46039.44034912494,12.847664982782002,3016
1608,0.005235435105013365,460.57793515969075,2.0479999780654907,0.09999999999999998,0.4179999999999999,-0.348,45921.326764435056,39.778595680174966,28.541801467432467,646018382.6667,-5122048.0,46039.44034912494,15.369683450864125,3016
1609,0.0063724789021645184,460.57793515969075,1.0240000486373901,0.09999999999999998,0.4179999999999999,-0.348,28226.449201465482,39.778595680174966,28.541801467432467,646018382.9226999,-2561024.0,28312.377045865964,13.109374081204736,3016
1610,0.0065905340953599555,460.57793515969075,1.0240000486373901,0.09999999999999998,0.4179999999999999,-0.348,28406.89596862111,39.778595680174966,28.541801467432467,646018383.1787,1024.0,28498.04783192658,13.501989727848951,3016
1611,0.006198316630804013,460.57793515969075,1.0240000486373901,0.09999999999999998,0.4179999999999999,-0.348,28402.5652400883,39.778595680174966,28.541801467432467,646018383.4347,2561024.0,28483.492600002573,12.722213637120902,3016
1612,0.004100098732281958,460.57793515969075,2.0479999780654907,0.6,0.4179999999999999,-0.348,45936.47923223074,39.778595680174966,28.541801467432467,646018382.6667,-5122048.0,46039.44034912494,14.349990724331443,3016
1613,0.0050136398827881545,460.57793515969075,1.0240000486373901,0.6,0.4179999999999999,-0.348,28236.664537627687,39.778595680174966,28.541801467432467,646018382.9226999,-2561024.0,28312.377045865964,12.305487250676197,3016
1614,0.005112912862589899,460.57793515969075,1.0240000486373901,0.6,0.4179999999999999,-0.348,28419.968197567512,39.778595680174966,28.541801467432467,646018383.1787,1024.0,28498.04783192658,12.496370221713695,3016
1616,0.0026972154457475263,460.57793515969075,2.0479999780654907,1.1,0.4179999999999999,-0.348,45957.947772552,39.778595680174966,28.541801467432467,646018382.6667,-5122048.0,46039.44034912494,12.766563873881037,3016
1632,0.008140917051786193,212.13203435596432,2.0479999780654907,0.09999999999999998,0.42199999999999993,-0.348,45941.75228378249,39.510511165687035,28.677812785306898,646018382.6667,-5122048.0,46039.440348885815,13.977701177470347,3016
1636,0.005260863407013596,212.13203435596432,2.0479999780654907,0.6,0.42199999999999993,-0.348,45950.60571773186,39.510511165687035,28.677812785306898,646018382.6667,-5122048.0,46039.440348885815,13.329263382044573,3016
1640,0.0030623738572035887,212.13203435596432,2.0479999780654907,1.1,0.42199999999999993,-0.348,45963.65809937164,39.510511165687035,28.677812785306898,646018382.6667,-5122048.0,46039.440348885815,12.311153440208079,3016
1644,0.00539252776887712,460.57793515969075,2.0479999780654907,0.09999999999999998,0.42199999999999993,-0.348,45915.40238596726,39.510511165687035,28.677812785306898,646018382.6667,-5122048.0,46039.440348885815,15.750426211284278,3016
1645,0.006221307025655442,460.57793515969075,1.0240000486373901,0.09999999999999998,0.42199999999999993,-0.348,28231.620135211335,39.510511165687035,28.677812785306898,646018382.9226999,-2561024.0,28312.377045993613,12.708808817688483,3016
1646,0.006657890450023538,460.57793515969075,1.0240000486373901,0.09999999999999998,0.42199999999999993,-0.348,28406.141223720668,39.510511165687035,28.677812785306898,646018383.1787,1024.0,28498.047831782285,13.557773273042855,3016
1647,0.006490787281049023,460.57793515969075,1.0240000486373901,0.09999999999999998,0.42199999999999993,-0.348,28395.492587383633,39.510511165687035,28.677812785306898,646018383.4347,2561024.0,28483.492599727826,13.266500091900141,3016
1648,0.004258247201707286,460.57793515969075,2.0479999780654907,0.6,0.42199999999999993,-0.348,45929.88888265029,39.510511165687035,28.677812785306898,646018382.6667,-5122048.0,46039.440348885815,14.802125944304567,3016
1650,0.005239918876036866,460.57793515969075,1.0240000486373901,0.6,0.42199999999999993,-0.348,28417.09767456721,39.510511165687035,28.677812785306898,646018383.1787,1024.0,28498.047831782285,12.724005439725072,3016
1651,0.005100398013867988,460.57793515969075,1.0240000486373901,0.6,0.42199999999999993,-0.348,28406.4245874098,39.510511165687035,28.677812785306898,646018383.4347,2561024.0,28483.492599727826,12.415153025075814,3016
1652,0.0028348207184523584,460.57793515969075,2.0479999780654907,1.1,0.42199999999999993,-0.348,45950.87229052294,39.510511165687035,28.677812785306898,646018382.6667,-5122048.0,46039.440348885815,13.309249292343894,3016
1668,0.007846929522504556,212.13203435596432,2.0479999780654907,0.09999999999999998,0.42599999999999993,-0.348,45950.2470264469,39.245434668897815,28.813992639223045,646018382.6667,-5122048.0,46039.44034915549,13.356146353540016,3016
1672,0.0051159054451875696,212.13203435596432,2.0479999780654907,0.6,0.42599999999999993,-0.348,45956.91002656813,39.245434668897815,28.813992639223045,646018382.6667,-5122048.0,46039.44034915549,12.847592972020685,3016
1680,0.0051907407086122905,460.57793515969075,2.0479999780654907,0.09999999999999998,0.42599999999999993,-0.348,45926.43159391413,39.245434668897815,28.813992639223045,646018382.6667,-5122048.0,46039.44034915549,15.033878757084656,3016
1682,0.00664985783791716,460.57793515969075,1.0240000486373901,0.09999999999999998,0.42599999999999993,-0.348,28407.835520917695,39.245434668897815,28.813992639223045,646018383.1787,1024.0,28498.04783175849,13.432223259073242,3016
1683,0.006413138751663718,460.57793515969075,1.0240000486373901,0.09999999999999998,0.42599999999999993,-0.348,28398.935631978427,39.245434668897815,28.813992639223045,646018383.4347,2561024.0,28483.49259974406,13.004381397485332,3016
1684,0.0041266022962268434,460.57793515969075,2.0479999780654907,0.6,0.42599999999999993,-0.348,45938.34488934756,39.245434668897815,28.813992639223045,646018382.6667,-5122048.0,46039.44034915549,14.219385345923596,3016
1686,0.0052877611397379,460.57793515969075,1.0240000486373901,0.6,0.42599999999999993,-0.348,28417.105646411113,39.245434668897815,28.813992639223045,646018383.1787,1024.0,28498.04783175849,12.723378902428076,3016
1687,0.00509120006042484,460.57793515969075,1.0240000486373901,0.6,0.42599999999999993,-0.348,28407.995525562776,39.245434668897815,28.813992639223045,646018383.4347,2561024.0,28483.49259974406,12.287967625387292,3016
1688,0.002773726272334798,460.57793515969075,2.0479999780654907,1.1,0.42599999999999993,-0.348,45956.10269116991,39.245434668897815,28.813992639223045,646018382.6667,-5122048.0,46039.44034915549,12.9102794691349,3016
1704,0.0076952854988431435,212.13203435596432,2.0479999780654907,0.09999999999999998,0.42999999999999994,-0.348,45953.51865140966,38.98332700394384,28.950328089638575,646018382.6667,-5122048.0,46039.44034929934,13.108905209031013,3016
1708,0.004998751957703885,212.13203435596432,2.0479999780654907,0.6,0.42999999999999994,-0.348,45960.69833718677,38.98332700394384,28.950328089638575,646018382.6667,-5122048.0,46039.44034929934,12.549263891764232,3016
1716,0.0051402135513606605,460.57793515969075,2.0479999780654907,0.09999999999999998,0.42999999999999994,-0.348,45928.19140894019,38.98332700394384,28.950328089638575,646018382.6667,-5122048.0,46039.44034929934,14.916362851522901,3016
1718,0.006450024361330053,460.57793515969075,1.0240000486373901,0.09999999999999998,0.42999999999999994,-0.348,28413.20807495448,38.98332700394384,28.950328089638575,646018383.1787,1024.0,28498.047831993797,13.026108938537034,3016
1719,0.006144690859221835,460.57793515969075,1.0240000486373901,0.09999999999999998,0.42999999999999994,-0.348,28406.012630289355,38.98332700394384,28.950328089638575,646018383.4347,2561024.0,28483.492600046648,12.448290626209895,3016
1720,0.004062234082462543,460.57793515969075,2.0479999780654907,0.6,0.42999999999999994,-0.348,45941.36692176297,38.98332700394384,28.950328089638575,646018382.6667,-5122048.0,46039.44034929934,14.005243841958965,3016
1724,0.002718474152677008,460.57793515969075,2.0479999780654907,1.1,0.42999999999999994,-0.348,45959.459394325284,38.98332700394384,28.950328089638575,646018382.6667,-5122048.0,46039.44034929934,12.647604909551296,3016
1740,0.00755773310079071,212.13203435596432,2.0479999780654907,0.09999999999999998,0.43399999999999994,-0.348,45955.77714196089,38.72414936069181,29.08680644848468,646018382.6667,-5122048.0,46039.44034926046,12.935471178087854,3016
1744,0.00493699612988754,212.13203435596432,2.0479999780654907,0.6,0.43399999999999994,-0.348,45961.705917040825,38.72414936069181,29.08680644848468,646018382.6667,-5122048.0,46039.44034926046,12.468715428594624,3016
1752,0.005063674117582166,460.57793515969075,2.0479999780654907,0.09999999999999998,0.43399999999999994,-0.348,45930.792121453655,38.72414936069181,29.08680644848468,646018382.6667,-5122048.0,46039.44034926046,14.740978787503018,3016
1754,0.006336517931153426,460.57793515969075,1.0240000486373901,0.09999999999999998,0.43399999999999994,-0.348,28415.396431195928,38.72414936069181,29.08680644848468,646018383.1787,1024.0,28498.04783208751,12.857013719490523,3016
1756,0.004011326714599672,460.57793515969075,2.0479999780654907,0.6,0.43399999999999994,-0.348,45942.93644127933,38.72414936069181,29.08680644848468,646018382.6667,-5122048.0,46039.44034926046,13.892725289239129,3016
1760,0.0027003854010419375,460.57793515969075,2.0479999780654907,1.1,0.43399999999999994,-0.348,45959.528851900344,38.72414936069181,29.08680644848468,646018382.6667,-5122048.0,46039.44034926046,12.642111956482367,3016
1776,0.00784379700945635,212.13203435596432,2.0479999780654907,0.09999999999999998,0.43799999999999994,-0.348,45949.44319502891,38.46786331214756,29.223415275680143,646018382.6667,-5122048.0,46039.44034912364,13.416195742067117,3016
1780,0.005092913392985751,212.13203435596432,2.0479999780654907,0.6,0.43799999999999994,-0.348,45956.86261439308,38.46786331214756,29.223415275680143,646018382.6667,-5122048.0,46039.44034912364,12.851282794379374,3016
1788,0.005216097420350527,460.57793515969075,2.0479999780654907,0.09999999999999998,0.43799999999999994,-0.348,45924.139979751046,38.46786331214756,29.223415275680143,646018382.6667,-5122048.0,46039.44034912364,15.185543742164215,3016
1789,0.00626478763683465,460.57793515969075,1.0240000486373901,0.09999999999999998,0.43799999999999994,-0.348,28230.401874537296,38.46786331214756,29.223415275680143,646018382.9226999,-2561024.0,28312.37704598491,12.804309543869605,3016
1790,0.006662513259908353,460.57793515969075,1.0240000486373901,0.09999999999999998,0.43799999999999994,-0.348,28406.094617681665,38.46786331214756,29.223415275680143,646018383.1787,1024.0,28498.047831798678,13.561210426581617,3016
1791,0.006180981555544906,460.57793515969075,1.0240000486373901,0.09999999999999998,0.43799999999999994,-0.348,28403.865510209664,38.46786331214756,29.223415275680143,646018383.4347,2561024.0,28483.492600022888,12.619595065866758,3016
1792,0.004127412217342306,460.57793515969075,2.0479999780654907,0.6,0.43799999999999994,-0.348,45937.322405858074,38.46786331214756,29.223415275680143,646018382.6667,-5122048.0,46039.44034912364,14.291112151653044,3016
1794,0.00524539529204468,460.57793515969075,1.0240000486373901,0.6,0.43799999999999994,-0.348,28417.232575981994,38.46786331214756,29.223415275680143,646018383.1787,1024.0,28498.047831798678,12.713398901685098,3016
1796,0.0027614602525517055,460.57793515969075,2.0479999780654907,1.1,0.43799999999999994,-0.348,45956.08466706093,38.46786331214756,29.223415275680143,646018382.6667,-5122048.0,46039.44034912364,12.91167549644162,3016
1800,0.015043264376968308,97.70333436489459,2.0479999780654907,0.09999999999999998,0.3999999999999999,-0.345,45963.59354715208,40.77776979385732,27.844276127456208,646018382.6667,-5122048.0,46039.44034853736,12.316395689103487,3016
1812,0.00834112972159982,212.13203435596432,2.0479999780654907,0.09999999999999998,0.3999999999999999,-0.345,45935.03536064815,40.77776979385732,27.844276127456208,646018382.6667,-5122048.0,46039.44034853736,14.450258675138729,3016
1814,0.010246940194914922,212.13203435596432,1.0240000486373901,0.09999999999999998,0.3999999999999999,-0.345,28421.539427261592,40.77776979385732,27.844276127456208,646018383.1787,1024.0,28498.04783164021,12.369996311933093,3016
1816,0.005432933301215696,212.13203435596432,2.0479999780654907,0.6,0.3999999999999999,-0.345,45943.10652817954,40.77776979385732,27.844276127456208,646018382.6667,-5122048.0,46039.44034853736,13.880476962829782,3016
1820,0.0031915138351132515,212.13203435596432,2.0479999780654907,1.1,0.3999999999999999,-0.345,45955.805419042306,40.77776979385732,27.844276127456208,646018382.6667,-5122048.0,46039.44034853736,12.933284926503088,3016
1824,0.005439220707124786,460.57793515969075,2.0479999780654907,0.09999999999999998,0.3999999999999999,-0.345,45911.03021390546,40.77776979385732,27.844276127456208,646018382.6667,-5122048.0,46039.44034853736,16.025612913826436,3016
1825,0.006361128130163475,460.57793515969075,1.0240000486373901,0.09999999999999998,0.3999999999999999,-0.345,28226.687451425914,40.77776979385732,27.844276127456208,646018382.9226999,-2561024.0,28312.377045793783,13.091187445596237,3016
1826,0.006761683022930737,460.57793515969075,1.0240000486373901,0.09999999999999998,0.3999999999999999,-0.345,28401.58936183376,40.77776979385732,27.844276127456208,646018383.1787,1024.0,28498.04783164021,13.889454259001685,3016
1827,0.006311651083135174,460.57793515969075,1.0240000486373901,0.09999999999999998,0.3999999999999999,-0.345,28398.625880140717,40.77776979385732,27.844276127456208,646018383.4347,2561024.0,28483.492599848454,13.028178668389339,3016
1828,0.004341158975461704,460.57793515969075,2.0479999780654907,0.6,0.3999999999999999,-0.345,45923.54602255809,40.77776979385732,27.844276127456208,646018382.6667,-5122048.0,46039.44034853736,15.22460679159053,3016
1829,0.0050539226381065006,460.57793515969075,1.0240000486373901,0.6,0.3999999999999999,-0.345,28235.60556437111,40.77776979385732,27.844276127456208,646018382.9226999,-2561024.0,28312.377045793783,12.391245411391953,3016
1830,0.0053345736456874085,460.57793515969075,1.0240000486373901,0.6,0.3999999999999999,-0.345,28412.829618011994,40.77776979385732,27.844276127456208,646018383.1787,1024.0,28498.04783164021,13.055130304077183,3016
1832,0.0029292474752388937,460.57793515969075,2.0479999780654907,1.1,0.3999999999999999,-0.345,45943.24647381762,40.77776979385732,27.844276127456208,646018382.6667,-5122048.0,46039.44034853736,13.870391106219166,3016
1848,0.00799413102291022,212.13203435596432,2.0479999780654907,0.09999999999999998,0.4039999999999999,-0.345,45943.99607666844,40.49601464597077,27.980081562139304,646018382.6667,-5122048.0,46039.44034898396,13.816242058933575,3016
1852,0.005153598309171861,212.13203435596432,2.0479999780654907,0.6,0.4039999999999999,-0.345,45953.04908086453,40.49601464597077,27.980081562139304,646018382.6667,-5122048.0,46039.44034898396,13.144677106679111,3016
1860,0.0052884624850827395,460.57793515969075,2.0479999780654907,0.09999999999999998,0.4039999999999999,-0.345,45918.73709991923,40.49601464597077,27.980081562139304,646018382.6667,-5122048.0,46039.44034898396,15.53726160330272,3016
1861,0.006415678495892828,460.57793515969075,1.0240000486373901,0.09999999999999998,0.4039999999999999,-0.345,28225.593806235935,40.49601464597077,27.980081562139304,646018382.9226999,-2561024.0,28312.377045797297,13.17446314362466,3016
1862,0.006608219476380003,460.57793515969075,1.0240000486373901,0.09999999999999998,0.4039999999999999,-0.345,28406.501026714534,40.49601464597077,27.980081562139304,646018383.1787,1024.0,28498.04783178448,13.531208746445792,3016
1863,0.00645154844398461,460.57793515969075,1.0240000486373901,0.09999999999999998,0.4039999999999999,-0.345,28395.369693687557,40.49601464597077,27.980081562139304,646018383.4347,2561024.0,28483.49259972545,13.27576032006406,3016
1864,0.0041694191844659865,460.57793515969075,2.0479999780654907,0.6,0.4039999999999999,-0.345,45933.02029698215,40.49601464597077,27.980081562139304,646018382.6667,-5122048.0,46039.44034898396,14.5890405443136,3016
1865,0.00508567130561529,460.57793515969075,1.0240000486373901,0.6,0.4039999999999999,-0.345,28234.863606017203,40.49601464597077,27.980081562139304,646018382.9226999,-2561024.0,28312.377045797297,12.450979060306375,3016
1866,0.005193513877422861,460.57793515969075,1.0240000486373901,0.6,0.4039999999999999,-0.345,28417.58844155265,40.49601464597077,27.980081562139304,646018383.1787,1024.0,28498.04783178448,12.685376638620564,3016
1867,0.005050831109401829,460.57793515969075,1.0240000486373901,0.6,0.4039999999999999,-0.345,28406.62003973243,40.49601464597077,27.980081562139304,646018383.4347,2561024.0,28483.49259972545,12.39939998492041,3016
1868,0.0027642005193916994,460.57793515969075,2.0479999780654907,1.1,0.4039999999999999,-0.345,45954.09151517089,40.49601464597077,27.980081562139304,646018382.6667,-5122048.0,46039.44034898396,13.06513174928367,3016
1884,0.007957556130659387,212.13203435596432,2.0479999780654907,0.09999999999999998,0.4079999999999999,-0.345,45946.01706187256,40.217467515526074,28.116111940487908,646018382.6667,-5122048.0,46039.44034915089,13.66918339026383,3016
1888,0.005102150247063163,212.13203435596432,2.0479999780654907,0.6,0.4079999999999999,-0.345,45955.78442515541,40.217467515526074,28.116111940487908,646018382.6667,-5122048.0,46039.44034915089,12.934908116834878,3016
1896,0.005293737646747875,460.57793515969075,2.0479999780654907,0.09999999999999998,0.4079999999999999,-0.345,45919.88563055811,40.217467515526074,28.116111940487908,646018382.6667,-5122048.0,46039.44034915089,15.4631638801887,3016
1897,0.0064404921926626375,460.57793515969075,1.0240000486373901,0.09999999999999998,0.4079999999999999,-0.345,28225.36435335142,40.217467515526074,28.116111940487908,646018382.9226999,-2561024.0,28312.37704586738,13.19186814033253,3016
1898,0.0063905215070387215,460.57793515969075,1.0240000486373901,0.09999999999999998,0.4079999999999999,-0.345,28413.316026115095,40.217467515526074,28.116111940487908,646018383.1787,1024.0,28498.047832118933,13.017819018855489,3016
1899,0.006310840032903295,460.57793515969075,1.0240000486373901,0.09999999999999998,0.4079999999999999,-0.345,28400.657625517837,40.217467515526074,28.116111940487908,646018383.4347,2561024.0,28483.492599980298,12.871283887978006,3016
1900,0.004150579002179743,460.57793515969075,2.0479999780654907,0.6,0.4079999999999999,-0.345,45935.22975278382,40.217467515526074,28.116111940487908,646018382.6667,-5122048.0,46039.44034915089,14.436799947846927,3016
1901,0.005073596890293044,460.57793515969075,1.0240000486373901,0.6,0.4079999999999999,-0.345,28235.609174113375,40.217467515526074,28.116111940487908,646018382.9226999,-2561024.0,28312.37704586738,12.390954099987932,3016
1904,0.0027310409187385636,460.57793515969075,2.0479999780654907,1.1,0.4079999999999999,-0.345,45957.1533360671,40.217467515526074,28.116111940487908,646018382.6667,-5122048.0,46039.44034915089,12.828640854259733,3016
1920,0.007879038497729772,212.13203435596432,2.0479999780654907,0.09999999999999998,0.4119999999999999,-0.345,45949.43354930943,39.94208686803348,28.252353124333734,646018382.6667,-5122048.0,46039.440349242,13.416914692474515,3016
1924,0.005086409507771866,212.13203435596432,2.0479999780654907,0.6,0.4119999999999999,-0.345,45957.79603631824,39.94208686803348,28.252353124333734,646018382.6667,-5122048.0,46039.440349242,12.778443795999541,3016
1932,0.005244422427958123,460.57793515969075,2.0479999780654907,0.09999999999999998,0.4119999999999999,-0.345,45923.737757669776,39.94208686803348,28.252353124333734,646018382.6667,-5122048.0,46039.440349242,15.21200786038622,3016
1933,0.006181062648264872,460.57793515969075,1.0240000486373901,0.09999999999999998,0.4119999999999999,-0.345,28233.6127701048,39.94208686803348,28.252353124333734,646018382.9226999,-2561024.0,28312.377046155347,12.551037889397655,3016
1934,0.006659199695159407,460.57793515969075,1.0240000486373901,0.09999999999999998,0.4119999999999999,-0.345,28407.008940500094,39.94208686803348,28.252353124333734,646018383.1787,1024.0,28498.04783189734,13.493620077447387,3016
1935,0.006467782353536573,460.57793515969075,1.0240000486373901,0.09999999999999998,0.4119999999999999,-0.345,28396.999671018275,39.94208686803348,28.252353124333734,646018383.4347,2561024.0,28483.49259985279,13.152408816221888,3016
1936,0.004131882149958908,460.57793515969075,2.0479999780654907,0.6,0.4119999999999999,-0.345,45937.86645045525,39.94208686803348,28.252353124333734,646018382.6667,-5122048.0,46039.440349242,14.252992583085959,3016
1938,0.0052166075319803095,460.57793515969075,1.0240000486373901,0.6,0.4119999999999999,-0.345,28418.763100343676,39.94208686803348,28.252353124333734,646018383.1787,1024.0,28498.04783189734,12.592436742240457,3016
1939,0.005061426461529338,460.57793515969075,1.0240000486373901,0.6,0.4119999999999999,-0.345,28408.43831271248,39.94208686803348,28.252353124333734,646018383.4347,2561024.0,28483.49259985279,12.251880438554094,3016
1940,0.002740913753506981,460.57793515969075,2.0479999780654907,1.1,0.4119999999999999,-0.345,45958.01489689676,39.94208686803348,28.252353124333734,646018382.6667,-5122048.0,46039.440349242,12.761304975999911,3016
1944,0.015189674210271327,97.70333436489459,2.0479999780654907,0.09999999999999998,0.4159999999999999,-0.345,45964.02287980327,39.66983152268596,28.388791245625356,646018382.6667,-5122048.0,46039.440348643926,12.281487600503166,3016
1956,0.00835510773990959,212.13203435596432,2.0479999780654907,0.09999999999999998,0.4159999999999999,-0.345,45937.73929805082,39.66983152268596,28.388791245625356,646018382.6667,-5122048.0,46039.440348643926,14.261910853255463,3016
1958,0.010665427091314279,212.13203435596432,1.0240000486373901,0.09999999999999998,0.4159999999999999,-0.345,28417.352705766385,39.66983152268596,28.388791245625356,646018383.1787,1024.0,28498.0478314945,12.703946294605812,3016
1960,0.00546849905387907,212.13203435596432,2.0479999780654907,0.6,0.4159999999999999,-0.345,45944.49469376112,39.66983152268596,28.388791245625356,646018382.6667,-5122048.0,46039.440348643926,13.780105578899555,3016
1964,0.0032304529920806676,212.13203435596432,2.0479999780654907,1.1,0.4159999999999999,-0.345,45955.914680231836,39.66983152268596,28.388791245625356,646018382.6667,-5122048.0,46039.440348643926,12.92483411205656,3016
1968,0.00544822021075468,460.57793515969075,2.0479999780654907,0.09999999999999998,0.4159999999999999,-0.345,45914.09542179407,39.66983152268596,28.388791245625356,646018382.6667,-5122048.0,46039.440348643926,15.833188361783542,3016
1969,0.006540060340789975,460.57793515969075,1.0240000486373901,0.09999999999999998,0.4159999999999999,-0.345,28223.608805523243,39.66983152268596,28.388791245625356,646018382.9226999,-2561024.0,28312.37704570664,13.324281607906325,3016
1970,0.006962548405654285,460.57793515969075,1.0240000486373901,0.09999999999999998,0.4159999999999999,-0.345,28398.27937292968,39.66983152268596,28.388791245625356,646018383.1787,1024.0,28498.0478314945,14.12575368359652,3016
1971,0.006718175157438964,460.57793515969075,1.0240000486373901,0.09999999999999998,0.4159999999999999,-0.345,28390.47275186594,39.66983152268596,28.388791245625356,646018383.4347,2561024.0,28483.492599495377,13.63963691814698,3016
1972,0.004365441731212698,460.57793515969075,2.0479999780654907,0.6,0.4159999999999999,-0.345,45925.45888363115,39.66983152268596,28.388791245625356,646018382.6667,-5122048.0,46039.440348643926,15.098441311127033,3016
1973,0.005214795938606001,460.57793515969075,1.0240000486373901,0.6,0.4159999999999999,-0.345,28232.20077768621,39.66983152268596,28.388791245625356,646018382.9226999,-2561024.0,28312.37704570664,12.66303818366115,3016
1974,0.005549567902954929,460.57793515969075,1.0240000486373901,0.6,0.4159999999999999,-0.345,28408.09751511503,39.66983152268596,28.388791245625356,646018383.1787,1024.0,28498.0478314945,13.412704155349797,3016
1975,0.005354791567713448,460.57793515969075,1.0240000486373901,0.6,0.4159999999999999,-0.345,28399.705118650523,39.66983152268596,28.388791245625356,646018383.4347,2561024.0,28483.492599495377,12.945074804330345,3016
1976,0.0029606953584875306,460.57793515969075,2.0479999780654907,1.1,0.4159999999999999,-0.345,45943.72028201303,39.66983152268596,28.388791245625356,646018382.6667,-5122048.0,46039.440348643926,13.836189260840044,3016
1992,0.008351462620268183,212.13203435596432,2.0479999780654907,0.09999999999999998,0.41999999999999993,-0.345,45938.22084234034,39.40066066347943,28.52541270287362,646018382.6667,-5122048.0,46039.44034880705,14.228106442300065,3016
1994,0.010315559268470848,212.13203435596432,1.0240000486373901,0.09999999999999998,0.41999999999999993,-0.345,28422.737860117297,39.40066066347943,28.52541270287362,646018383.1787,1024.0,28498.04783172701,12.272731693450574,3016
1996,0.0054137301670866495,212.13203435596432,2.0479999780654907,0.6,0.41999999999999993,-0.345,45946.90411029821,39.40066066347943,28.52541270287362,646018382.6667,-5122048.0,46039.44034880705,13.60413455599765,3016
2000,0.003159303272166549,212.13203435596432,2.0479999780654907,1.1,0.41999999999999993,-0.345,45960.15900017387,39.40066066347943,28.52541270287362,646018382.6667,-5122048.0,46039.44034880705,12.592168092364375,3016
2004,0.005476397675666286,460.57793515969075,2.0479999780654907,0.09999999999999998,0.41999999999999993,-0.345,45912.86326637202,39.40066066347943,28.52541270287362,646018382.6667,-5122048.0,46039.44034880705,15.910819113737226,3016
2005,0.006642262899050947,460.57793515969075,1.0240000486373901,0.09999999999999998,0.41999999999999993,-0.345,28221.495792718397,39.40066066347943,28.52541270287362,646018382.9226999,-2561024.0,28312.377045645833,13.48193257121815,3016
2006,0.006786215584253237,460.57793515969075,1.0240000486373901,0.09999999999999998,0.41999999999999993,-0.345,28403.366012673832,39.40066066347943,28.52541270287362,646018383.1787,1024.0,28498.04783172701,13.760946119593493,3016
2007,0.006729931417589199,460.57793515969075,1.0240000486373901,0.09999999999999998,0.41999999999999993,-0.345,28389.498258356525,39.40066066347943,28.52541270287362,646018383.4347,2561024.0,28483.492599605685,13.710896487769086,3016
2008,0.0043515701026448205,460.57793515969075,2.0479999780654907,0.6,0.41999999999999993,-0.345,45926.543723524075,39.40066066347943,28.52541270287362,646018382.6667,-5122048.0,46039.44034880705,15.026418421099406,3016
2009,0.0053261048185299295,460.57793515969075,1.0240000486373901,0.6,0.41999999999999993,-0.345,28229.631312267862,39.40066066347943,28.52541270287362,646018382.9226999,-2561024.0,28312.377045645833,12.86434867204486,3016
2010,0.005367794983782447,460.57793515969075,1.0240000486373901,0.6,0.41999999999999993,-0.345,28414.152648636667,39.40066066347943,28.52541270287362,646018383.1787,1024.0,28498.04783172701,12.953392072375673,3016
2011,0.005306229382173346,460.57793515969075,1.0240000486373901,0.6,0.41999999999999993,-0.345,28400.805287963285,39.40066066347943,28.52541270287362,646018383.4347,2561024.0,28483.492599605685,12.859806502618882,3016
2012,0.0029136887081598634,460.57793515969075,2.0479999780654907,1.1,0.41999999999999993,-0.345,45947.3277757672,39.40066066347943,28.52541270287362,646018382.6667,-5122048.0,46039.44034880705,13.572956423701966,3016
2028,0.007658438250565435,212.13203435596432,2.0479999780654907,0.09999999999999998,0.42399999999999993,-0.345,45955.61984668215,39.134533849323205,28.662204157578348,646018382.6667,-5122048.0,46039.44034947785,12.947625480813155,3016
2032,0.004964625020372874,212.13203435596432,2.0479999780654907,0.6,0.42399999999999993,-0.345,45962.95835476835,39.134533849323205,28.662204157578348,646018382.6667,-5122048.0,46039.44034947785,12.367861149730137,3016
2040,0.0051124661783197665,460.57793515969075,2.0479999780654907,0.09999999999999998,0.42399999999999993,-0.345,45930.830770284985,39.134533849323205,28.662204157578348,646018382.6667,-5122048.0,46039.44034947785,14.738356705743513,3016
2042,0.0064187192757861255,460.57793515969075,1.0240000486373901,0.09999999999999998,0.42399999999999993,-0.345,28414.967323411678,39.134533849323205,28.662204157578348,646018383.1787,1024.0,28498.047832083634,12.890345896984737,3016
2044,0.004035977894219098,460.57793515969075,2.0479999780654907,0.6,0.42399999999999993,-0.345,45943.97960455446,39.134533849323205,28.662204157578348,646018382.6667,-5122048.0,46039.44034947785,13.81743427148437,3016
2048,0.00269159169461281,460.57793515969075,2.0479999780654907,1.1,0.42399999999999993,-0.345,45962.29521235407,39.134533849323205,28.662204157578348,646018382.6667,-5122048.0,46039.44034947785,12.421363622709496,3016
2064,0.007507851939299721,212.13203435596432,2.0479999780654907,0.09999999999999998,0.42799999999999994,-0.345,45959.58303861122,38.87141102319139,28.799152530641607,646018382.6667,-5122048.0,46039.440349699624,12.637825057216343,3016
2076,0.005056855407410725,460.57793515969075,2.0479999780654907,0.09999999999999998,0.42799999999999994,-0.345,45933.85284365343,38.87141102319139,28.799152530641607,646018382.6667,-5122048.0,46039.440349699624,14.531861962335816,3016
2077,0.006155368820302649,460.57793515969075,1.0240000486373901,0.09999999999999998,0.42799999999999994,-0.345,28235.13721959514,38.87141102319139,28.799152530641607,646018382.9226999,-2561024.0,28312.377046265243,12.428984405018943,3016
2078,0.006542063899080538,460.57793515969075,1.0240000486373901,0.09999999999999998,0.42799999999999994,-0.345,28412.2481066723,38.87141102319139,28.799152530641607,646018383.1787,1024.0,28498.047832000448,13.09959734710548,3016
2080,0.0039647406448897506,460.57793515969075,2.0479999780654907,0.6,0.42799999999999994,-0.345,45948.039360385,38.87141102319139,28.799152530641607,646018382.6667,-5122048.0,46039.440349699624,13.520428196963383,3016
2082,0.005172718849643177,460.57793515969075,1.0240000486373901,0.6,0.42799999999999994,-0.345,28422.383389461564,38.87141102319139,28.799152530641607,646018383.1787,1024.0,28498.047832000448,12.301580592662395,3016
2100,0.007985269051992589,212.13203435596432,2.0479999780654907,0.09999999999999998,0.43199999999999994,-0.345,45948.21647684137,38.61125252036401,28.936244998772185,646018382.6667,-5122048.0,46039.44034919494,13.507321892482624,3016
2104,0.005180747761985148,212.13203435596432,2.0479999780654907,0.6,0.43199999999999994,-0.345,45956.101618310066,38.61125252036401,28.936244998772185,646018382.6667,-5122048.0,46039.44034919494,12.910362573132947,3016
2112,0.0052921940898389115,460.57793515969075,2.0479999780654907,0.09999999999999998,0.43199999999999994,-0.345,45922.694957324115,38.61125252036401,28.936244998772185,646018382.6667,-5122048.0,46039.44034919494,15.280405221775174,3016
2113,0.006129358084404849,460.57793515969075,1.0240000486373901,0.09999999999999998,0.43199999999999994,-0.345,28235.42224176494,38.61125252036401,28.936244998772185,646018382.9226999,-2561024.0,28312.377046283775,12.40603115575927,3016
2114,0.006631283165501727,460.57793515969075,1.0240000486373901,0.09999999999999998,0.43199999999999994,-0.345,28409.370973406436,38.61125252036401,28.936244998772185,646018383.1787,1024.0,28498.04783194651,13.317421562755685,3016
2115,0.006250423976879474,460.57793515969075,1.0240000486373901,0.09999999999999998,0.43199999999999994,-0.345,28404.35012564851,38.61125252036401,28.936244998772185,646018383.4347,2561024.0,28483.492600002086,12.581134635125354,3016
2116,0.004192179765182593,460.57793515969075,2.0479999780654907,0.6,0.43199999999999994,-0.345,45936.25649101564,38.61125252036401,28.936244998772185,646018382.6667,-5122048.0,46039.44034919494,14.36550438928603,3016
2118,0.005225541938043054,460.57793515969075,1.0240000486373901,0.6,0.43199999999999994,-0.345,28420.31842095743,38.61125252036401,28.936244998772185,646018383.1787,1024.0,28498.04783194651,12.468312715767333,3016
2120,0.0028052134285258923,460.57793515969075,2.0479999780654907,1.1,0.43199999999999994,-0.345,45955.578917114006,38.61125252036401,28.936244998772185,646018382.6667,-5122048.0,46039.44034919494,12.950786237208584,3016
2136,0.008130385186014182,212.13203435596432,2.0479999780654907,0.09999999999999998,0.43599999999999994,-0.345,45944.5693329988,38.354019075805056,29.073468990885797,646018382.6667,-5122048.0,46039.440349052835,13.774688094765404,3016
2138,0.010395617410536712,212.13203435596432,1.0240000486373901,0.09999999999999998,0.43599999999999994,-0.345,28422.402027367298,38.354019075805056,29.073468990885797,646018383.1787,1024.0,28498.047831766784,12.300065398158354,3016
2140,0.005273421802489717,212.13203435596432,2.0479999780654907,0.6,0.43599999999999994,-0.345,45952.795431690756,38.354019075805056,29.073468990885797,646018382.6667,-5122048.0,46039.440349052835,13.16395969015999,3016
2148,0.00537672157367508,460.57793515969075,2.0479999780654907,0.09999999999999998,0.43599999999999994,-0.345,45918.38627945833,38.354019075805056,29.073468990885797,646018382.6667,-5122048.0,46039.440349052835,15.559824523078783,3016
2149,0.006310828692561257,460.57793515969075,1.0240000486373901,0.09999999999999998,0.43599999999999994,-0.345,28230.457249596027,38.354019075805056,29.073468990885797,646018382.9226999,-2561024.0,28312.3770461388,12.799984104894337,3016
2150,0.006871485808101432,460.57793515969075,1.0240000486373901,0.09999999999999998,0.43599999999999994,-0.345,28401.525891558365,38.354019075805056,29.073468990885797,646018383.1787,1024.0,28498.047831766784,13.894023190452687,3016
2151,0.006333269597697347,460.57793515969075,1.0240000486373901,0.09999999999999998,0.43599999999999994,-0.345,28401.259467362037,38.354019075805056,29.073468990885797,646018383.4347,2561024.0,28483.492599974994,12.82444015253352,3016
2152,0.004262315873018668,460.57793515969075,2.0479999780654907,0.6,0.43599999999999994,-0.345,45932.346108588245,38.354019075805056,29.073468990885797,646018382.6667,-5122048.0,46039.440349052835,14.635179566003982,3016
2154,0.005414956091546402,460.57793515969075,1.0240000486373901,0.6,0.43599999999999994,-0.345,28413.51741502275,38.354019075805056,29.073468990885797,646018383.1787,1024.0,28498.047831766784,13.002339539024012,3016
2156,0.0028533304322227,460.57793515969075,2.0479999780654907,1.1,0.43599999999999994,-0.345,45952.34285536781,38.354019075805056,29.073468990885797,646018382.6667,-5122048.0,46039.440349052835,13.198294866006385,3016
2172,0.007595235791069478,212.13203435596432,2.0479999780654907,0.09999999999999998,0.4019999999999999,-0.34199999999999997,45949.89380131841,40.389350681339394,27.82488675331875,646018382.6667,-5122048.0,46039.44034910182,13.382566852693675,3016
2176,0.004876564597515847,212.13203435596432,2.0479999780654907,0.6,0.4019999999999999,-0.34199999999999997,45958.9960718103,40.389350681339394,27.82488675331875,646018382.6667,-5122048.0,46039.44034910182,12.68418521557562,3016
2184,0.005089394073022323,460.57793515969075,2.0479999780654907,0.09999999999999998,0.4019999999999999,-0.34199999999999997,45924.03973752107,40.389350681339394,27.82488675331875,646018382.6667,-5122048.0,46039.44034910182,15.19214346830293,3016
2186,0.006231162800946125,460.57793515969075,1.0240000486373901,0.09999999999999998,0.4019999999999999,-0.34199999999999997,28414.33657659481,40.389350681339394,27.82488675331875,646018383.1787,1024.0,28498.047832008753,12.939185091337254,3016
2187,0.006066377268234299,460.57793515969075,1.0240000486373901,0.09999999999999998,0.4019999999999999,-0.34199999999999997,28403.495159442038,40.389350681339394,27.82488675331875,646018383.4347,2561024.0,28483.49259994297,12.648908292886835,3016
2188,0.003979565689881439,460.57793515969075,2.0479999780654907,0.6,0.4019999999999999,-0.34199999999999997,45938.99335633364,40.389350681339394,27.82488675331875,646018382.6667,-5122048.0,46039.44034910182,14.17370754377121,3016
2192,0.0026175763766679255,460.57793515969075,2.0479999780654907,1.1,0.4019999999999999,-0.34199999999999997,45959.89772190408,40.389350681339394,27.82488675331875,646018382.6667,-5122048.0,46039.44034910182,12.612900316559548,3016
2208,0.00740971377404223,212.13203435596432,2.0479999780654907,0.09999999999999998,0.4059999999999999,-0.34199999999999997,45953.90469673708,40.109597941946156,27.961525066473033,646018382.6667,-5122048.0,46039.44034933911,13.079422969078257,3016
2212,0.0047216153930589085,212.13203435596432,2.0479999780654907,0.6,0.4059999999999999,-0.34199999999999997,45963.68612893838,40.109597941946156,27.961525066473033,646018382.6667,-5122048.0,46039.44034933911,12.308876504435805,3016
2220,0.004999718635763023,460.57793515969075,2.0479999780654907,0.09999999999999998,0.4059999999999999,-0.34199999999999997,45928.124785553744,40.109597941946156,27.961525066473033,646018382.6667,-5122048.0,46039.44034933911,14.92082864892988,3016
2221,0.0061786532991483355,460.57793515969075,1.0240000486373901,0.09999999999999998,0.4059999999999999,-0.34199999999999997,28228.899050755404,40.109597941946156,27.961525066473033,646018382.9226999,-2561024.0,28312.37704588954,12.921145083477471,3016
2222,0.006336685446871543,460.57793515969075,1.0240000486373901,0.09999999999999998,0.4059999999999999,-0.34199999999999997,28410.724073127247,40.109597941946156,27.961525066473033,646018383.1787,1024.0,28498.04783189847,13.2154272553879,3016
2223,0.006232406865275548,460.57793515969075,1.0240000486373901,0.09999999999999998,0.4059999999999999,-0.34199999999999997,28398.497834410595,40.109597941946156,27.961525066473033,646018383.4347,2561024.0,28483.49259982516,13.03800332984812,3016
2224,0.0038785712073268973,460.57793515969075,2.0479999780654907,0.6,0.4059999999999999,-0.34199999999999997,45943.816573027194,40.109597941946156,27.961525066473033,646018382.6667,-5122048.0,46039.44034933911,13.829228200583964,3016
2226,0.0049167291411312585,460.57793515969075,1.0240000486373901,0.6,0.4059999999999999,-0.34199999999999997,28422.711803141865,40.109597941946156,27.961525066473033,646018383.1787,1024.0,28498.04783189847,12.274854683995777,3016
2244,0.0075411069538415774,212.13203435596432,2.0479999780654907,0.09999999999999998,0.4099999999999999,-0.34199999999999997,45953.19277729238,39.83305108033225,28.09837608898012,646018382.6667,-5122048.0,46039.440349293494,13.13374067058684,3016
2248,0.00483378013188919,212.13203435596432,2.0479999780654907,0.6,0.4099999999999999,-0.34199999999999997,45962.1171573241,39.83305108033225,28.09837608898012,646018382.6667,-5122048.0,46039.440349293494,12.435689926127422,3016
2256,0.005078367840563032,460.57793515969075,2.0479999780654907,0.09999999999999998,0.4099999999999999,-0.34199999999999997,45927.09132831055,39.83305108033225,28.09837608898012,646018382.6667,-5122048.0,46039.440349293494,14.989931352941344,3016
2257,0.006111252588776854,460.57793515969075,1.0240000486373901,0.09999999999999998,0.4099999999999999,-0.34199999999999997,28232.50302349653,39.83305108033225,28.09837608898012,646018382.9226999,-2561024.0,28312.377046045884,12.639147324827965,3016
2258,0.006389090759137346,460.57793515969075,1.0240000486373901,0.09999999999999998,0.4099999999999999,-0.34199999999999997,28411.139612510266,39.83305108033225,28.09837608898012,646018383.1787,1024.0,28498.0478320205,13.183946261285703,3016
2259,0.006221333160918868,460.57793515969075,1.0240000486373901,0.09999999999999998,0.4099999999999999,-0.34199999999999997,28400.56032929014,39.83305108033225,28.09837608898012,646018383.4347,2561024.0,28483.492599969573,12.878840839099901,3016
2260,0.003960813112010062,460.57793515969075,2.0479999780654907,0.6,0.4099999999999999,-0.34199999999999997,45942.140599156715,39.83305108033225,28.09837608898012,646018382.6667,-5122048.0,46039.440349293494,13.949892482508892,3016
2264,0.002596512632834378,460.57793515969075,2.0479999780654907,1.1,0.4099999999999999,-0.34199999999999997,45962.82077084617,39.83305108033225,28.09837608898012,646018382.6667,-5122048.0,46039.440349293494,12.378980446492665,3016
2280,0.008074311393854195,212.13203435596432,2.0479999780654907,0.09999999999999998,0.4139999999999999,-0.34199999999999997,45941.89492455897,39.559667968994496,28.23542579785776,646018382.6667,-5122048.0,46039.44034866426,13.967492552730711,3016
2282,0.010156682483853657,212.13203435596432,1.0240000486373901,0.09999999999999998,0.4139999999999999,-0.34199999999999997,28422.86544424249,39.559667968994496,28.23542579785776,646018383.1787,1024.0,28498.04783161858,12.262331538177506,3016
2284,0.005299343181165483,212.13203435596432,2.0479999780654907,0.6,0.4139999999999999,-0.34199999999999997,45947.80825486945,39.559667968994496,28.23542579785776,646018382.6667,-5122048.0,46039.44034866426,13.537510391117802,3016
2288,0.003142402221201571,212.13203435596432,2.0479999780654907,1.1,0.4139999999999999,-0.34199999999999997,45958.20945732296,39.559667968994496,28.23542579785776,646018382.6667,-5122048.0,46039.44034866426,12.746049689319422,3016
2292,0.0052908445601171205,460.57793515969075,2.0479999780654907,0.09999999999999998,0.4139999999999999,-0.34199999999999997,45918.9337986675,39.559667968994496,28.23542579785776,646018382.6667,-5122048.0,46039.44034866426,15.524596612908205,3016
2293,0.0060914818414272345,460.57793515969075,1.0240000486373901,0.09999999999999998,0.4139999999999999,-0.34199999999999997,28234.362503590797,39.559667968994496,28.23542579785776,646018382.9226999,-2561024.0,28312.377046004985,12.49116026750024,3016
2294,0.006693913968482324,460.57793515969075,1.0240000486373901,0.09999999999999998,0.4139999999999999,-0.34199999999999997,28404.15503209048,39.559667968994496,28.23542579785776,646018383.1787,1024.0,28498.04783161858,13.70348857248409,3016
2295,0.006554948263616688,460.57793515969075,1.0240000486373901,0.09999999999999998,0.4139999999999999,-0.34199999999999997,28392.892436901933,39.559667968994496,28.23542579785776,646018383.4347,2561024.0,28483.492599479923,13.461067014021584,3016
2296,0.004236410018621188,460.57793515969075,2.0479999780654907,0.6,0.4139999999999999,-0.34199999999999997,45929.56641257735,39.559667968994496,28.23542579785776,646018382.6667,-5122048.0,46039.44034866426,14.823895310404408,3016
2298,0.005301492919648121,460.57793515969075,1.0240000486373901,0.6,0.4139999999999999,-0.34199999999999997,28414.030621199505,39.559667968994496,28.23542579785776,646018383.1787,1024.0,28498.04783161858,12.962809141468922,3016
2299,0.005214753363626104,460.57793515969075,1.0240000486373901,0.6,0.4139999999999999,-0.34199999999999997,28401.797228025065,39.559667968994496,28.23542579785776,646018383.4347,2561024.0,28483.492599479923,12.782438848268205,3016
2300,0.0028784588065347886,460.57793515969075,2.0479999780654907,1.1,0.4139999999999999,-0.34199999999999997,45946.582295099965,39.559667968994496,28.23542579785776,646018382.6667,-5122048.0,46039.44034866426,13.627769704856163,3016
2316,0.007960999480768262,212.13203435596432,2.0479999780654907,0.09999999999999998,0.4179999999999999,-0.34199999999999997,45943.78426149571,39.28940686250036,28.37266044147585,646018382.6667,-5122048.0,46039.44034858682,13.831564415575361,3016
2319,0.010132325161738367,212.13203435596432,1.0240000486373901,0.09999999999999998,0.4179999999999999,-0.34199999999999997,28407.55941619637,39.28940686250036,28.37266044147585,646018383.4347,2561024.0,28483.49259924391,12.323407243740546,3016
2320,0.005269867351864939,212.13203435596432,2.0479999780654907,0.6,0.4179999999999999,-0.34199999999999997,45948.055527589306,39.28940686250036,28.37266044147585,646018382.6667,-5122048.0,46039.44034858682,13.519232300505179,3016
2324,0.0031597140702529845,212.13203435596432,2.0479999780654907,1.1,0.4179999999999999,-0.34199999999999997,45956.49957676859,39.28940686250036,28.37266044147585,646018382.6667,-5122048.0,46039.44034858682,12.879500907894412,3016
2328,0.005204199664587868,460.57793515969075,2.0479999780654907,0.09999999999999998,0.4179999999999999,-0.34199999999999997,45921.805703505,39.28940686250036,28.37266044147585,646018382.6667,-5122048.0,46039.44034858682,15.338490478649874,3016
2329,0.006140887211276114,460.57793515969075,1.0240000486373901,0.09999999999999998,0.4179999999999999,-0.34199999999999997,28232.19313154871,39.28940686250036,28.37266044147585,646018382.9226999,-2561024.0,28312.377045786743,12.663641990994064,3016
2330,0.006449033066783589,460.57793515969075,1.0240000486373901,0.09999999999999998,0.4179999999999999,-0.34199999999999997,28410.49517212257,39.28940686250036,28.37266044147585,646018383.1787,1024.0,28498.0478316382,13.232736641800878,3016
2331,0.0066003382593244515,460.57793515969075,1.0240000486373901,0.09999999999999998,0.4179999999999999,-0.34199999999999997,28390.94194763411,39.28940686250036,28.37266044147585,646018383.4347,2561024.0,28483.49259924391,13.605193979491759,3016
2332,0.004195457282542876,460.57793515969075,2.0479999780654907,0.6,0.4179999999999999,-0.34199999999999997,45930.772548142115,39.28940686250036,28.37266044147585,646018382.6667,-5122048.0,46039.44034858682,14.742306498285956,3016
2334,0.005158899043799017,460.57793515969075,1.0240000486373901,0.6,0.4179999999999999,-0.34199999999999997,28418.20411538692,39.28940686250036,28.37266044147585,646018383.1787,1024.0,28498.0478316382,12.636749285419747,3016
2335,0.005320385402214671,460.57793515969075,1.0240000486373901,0.6,0.4179999999999999,-0.34199999999999997,28397.729364066363,39.28940686250036,28.37266044147585,646018383.4347,2561024.0,28483.49259924391,13.096811457568323,3016
2336,0.0028823322585248283,460.57793515969075,2.0479999780654907,1.1,0.4179999999999999,-0.34199999999999997,45945.453341795925,39.28940686250036,28.37266044147585,646018382.6667,-5122048.0,46039.44034858682,13.710361540885225,3016
2352,0.007913397943324556,212.13203435596432,2.0479999780654907,0.09999999999999998,0.42199999999999993,-0.34199999999999997,45946.09738945372,39.022226407639344,28.510066535859277,646018382.6667,-5122048.0,46039.440348892356,13.66330556187922,3016
2356,0.005166539443240723,212.13203435596432,2.0479999780654907,0.6,0.42199999999999993,-0.34199999999999997,45952.885528025836,39.022226407639344,28.510066535859277,646018382.6667,-5122048.0,46039.440348892356,13.157113731097748,3016
2360,0.0030485060816409656,212.13203435596432,2.0479999780654907,1.1,0.42199999999999993,-0.34199999999999997,45963.56333380927,39.022226407639344,28.510066535859277,646018382.6667,-5122048.0,46039.440348892356,12.318848573067992,3016
2364,0.005231957273604217,460.57793515969075,2.0479999780654907,0.09999999999999998,0.42199999999999993,-0.34199999999999997,45921.63333407285,39.022226407639344,28.510066535859277,646018382.6667,-5122048.0,46039.440348892356,15.349724089996133,3016
2365,0.0060622875218633515,460.57793515969075,1.0240000486373901,0.09999999999999998,0.42199999999999993,-0.34199999999999997,28235.06416745658,39.022226407639344,28.510066535859277,646018382.9226999,-2561024.0,28312.37704596026,12.434860554399378,3016
2366,0.006373720345522914,460.57793515969075,1.0240000486373901,0.09999999999999998,0.42199999999999993,-0.34199999999999997,28413.13641375217,39.022226407639344,28.510066535859277,646018383.1787,1024.0,28498.047831865173,13.031609118831225,3016
2367,0.006203134400894673,460.57793515969075,1.0240000486373901,0.09999999999999998,0.42199999999999993,-0.34199999999999997,28402.543291212212,39.022226407639344,28.510066535859277,646018383.4347,2561024.0,28483.49259983487,12.72393874731072,3016
2368,0.004161559603512996,460.57793515969075,2.0479999780654907,0.6,0.42199999999999993,-0.34199999999999997,45933.82053834194,39.022226407639344,28.510066535859277,646018382.6667,-5122048.0,46039.440348892356,14.53408480437729,3016
2370,0.005039482923772722,460.57793515969075,1.0240000486373901,0.6,0.42199999999999993,-0.34199999999999997,28422.469017392526,39.022226407639344,28.510066535859277,646018383.1787,1024.0,28498.047831865173,12.29461788529002,3016
2372,0.0028069730894326006,460.57793515969075,2.0479999780654907,1.1,0.42199999999999993,-0.34199999999999997,45951.72735073716,39.022226407639344,28.510066535859277,646018382.6667,-5122048.0,46039.440348892356,13.24484791571416,3016
2388,0.007098983016544001,212.13203435596432,2.0479999780654907,0.09999999999999998,0.42599999999999993,-0.34199999999999997,45964.08437835709,38.75808565258495,28.647630860979067,646018382.6667,-5122048.0,46039.440349678815,12.276479244614517,3016
2400,0.004829911215103307,460.57793515969075,2.0479999780654907,0.09999999999999998,0.42599999999999993,-0.34199999999999997,45939.03476000341,38.75808565258495,28.647630860979067,646018382.6667,-5122048.0,46039.440349678815,14.170786123247158,3016
2402,0.0061561688485252284,460.57793515969075,1.0240000486373901,0.09999999999999998,0.42599999999999993,-0.34199999999999997,28418.557964619016,38.75808565258495,28.647630860979067,646018383.1787,1024.0,28498.04783213625,12.60871662916044,3016
2404,0.0037714633966558797,460.57793515969075,2.0479999780654907,0.6,0.42599999999999993,-0.34199999999999997,45952.55242462069,38.75808565258495,28.647630860979067,646018382.6667,-5122048.0,46039.440349678815,13.182406840795279,3016
2436,0.004679976701398955,460.57793515969075,2.0479999780654907,0.09999999999999998,0.42999999999999994,-0.34199999999999997,45944.921082994035,38.496944055118306,28.785340457036707,646018382.6667,-5122048.0,46039.44034993715,13.74912847733358,3016
2438,0.0062268447652731145,460.57793515969075,1.0240000486373901,0.09999999999999998,0.42999999999999994,-0.34199999999999997,28416.78032853466,38.496944055118306,28.785340457036707,646018383.1787,1024.0,28498.047832016327,12.74892179611025,3016
2440,0.003627809184303089,460.57793515969075,2.0479999780654907,0.6,0.42999999999999994,-0.34199999999999997,45958.67451935235,38.496944055118306,28.785340457036707,646018382.6667,-5122048.0,46039.44034993715,12.709510658148444,3016
2460,0.007588611717019102,212.13203435596432,2.0479999780654907,0.09999999999999998,0.43399999999999994,-0.34199999999999997,45952.25325248756,38.23876148996278,28.92318262074632,646018382.6667,-5122048.0,46039.44034915975,13.20508210290196,3016
2462,0.010175004439317955,212.13203435596432,1.0240000486373901,0.09999999999999998,0.43399999999999994,-0.34199999999999997,28422.002992219754,38.23876148996278,28.92318262074632,646018383.1787,1024.0,28498.047831578555,12.332464421907023,3016
2464,0.004918557289653036,212.13203435596432,2.0479999780654907,0.6,0.43399999999999994,-0.34199999999999997,45959.64623450926,38.23876148996278,28.92318262074632,646018382.6667,-5122048.0,46039.44034915975,12.632823488871287,3016
2472,0.00506217490162035,460.57793515969075,2.0479999780654907,0.09999999999999998,0.43399999999999994,-0.34199999999999997,45928.088461841086,38.23876148996278,28.92318262074632,646018382.6667,-5122048.0,46039.44034915975,14.923262868331589,3016
2473,0.00629434268958968,460.57793515969075,1.0240000486373901,0.09999999999999998,0.43399999999999994,-0.34199999999999997,28227.853979563206,38.23876148996278,28.92318262074632,646018382.9226999,-2561024.0,28312.3770458475,13.001774208491321,3016
2474,0.006721135226354841,460.57793515969075,1.0240000486373901,0.09999999999999998,0.43399999999999994,-0.34199999999999997,28402.580224471953,38.23876148996278,28.92318262074632,646018383.1787,1024.0,28498.047831578555,13.817930894790463,3016
2475,0.006285777987513159,460.57793515969075,1.0240000486373901,0.09999999999999998,0.43399999999999994,-0.34199999999999997,28399.774680812112,38.23876148996278,28.92318262074632,646018383.4347,2561024.0,28483.49259973025,12.939700067477375,3016
2476,0.003991578376630014,460.57793515969075,2.0479999780654907,0.6,0.43399999999999994,-0.34199999999999997,45940.946288437175,38.23876148996278,28.92318262074632,646018382.6667,-5122048.0,46039.44034915975,14.035245685243462,3016
2478,0.005318590189922282,460.57793515969075,1.0240000486373901,0.6,0.43399999999999994,-0.34199999999999997,28412.937721813105,38.23876148996278,28.92318262074632,646018383.1787,1024.0,28498.047831578555,13.046847110735225,3016
2480,0.0026594693761518512,460.57793515969075,2.0479999780654907,1.1,0.43399999999999994,-0.34199999999999997,45959.45171406287,38.23876148996278,28.92318262074632,646018382.6667,-5122048.0,46039.44034915975,12.648212134280552,3016
2496,0.00753433518892249,212.13203435596432,2.0479999780654907,0.09999999999999998,0.43799999999999994,-0.34199999999999997,45954.26511165353,37.98349825527709,29.061144901618785,646018382.6667,-5122048.0,46039.44034945241,13.051838016071256,3016
2500,0.004806141314405396,212.13203435596432,2.0479999780654907,0.6,0.43799999999999994,-0.34199999999999997,45964.07673292732,37.98349825527709,29.061144901618785,646018382.6667,-5122048.0,46039.44034945241,12.277101980930711,3016
2508,0.005076527103458478,460.57793515969075,2.0479999780654907,0.09999999999999998,0.43799999999999994,-0.34199999999999997,45928.00300829769,37.98349825527709,29.061144901618785,646018382.6667,-5122048.0,46039.44034945241,14.92898798678064,3016
2509,0.006301191374317949,460.57793515969075,1.0240000486373901,0.09999999999999998,0.43799999999999994,-0.34199999999999997,28227.79456564794,37.98349825527709,29.061144901618785,646018382.9226999,-2561024.0,28312.37704599785,13.006343094806676,3016
2510,0.006503302752768397,460.57793515969075,1.0240000486373901,0.09999999999999998,0.43799999999999994,-0.34199999999999997,28408.992517361035,37.98349825527709,29.061144901618785,646018383.1787,1024.0,28498.047831989,13.345809426779892,3016
2511,0.006075755594689751,460.57793515969075,1.0240000486373901,0.09999999999999998,0.43799999999999994,-0.34199999999999997,28405.04661208295,37.98349825527709,29.061144901618785,646018383.4347,2561024.0,28483.49260014702,12.525652722638284,3016
2512,0.003947640088054024,460.57793515969075,2.0479999780654907,0.6,0.43799999999999994,-0.34199999999999997,45943.872420484986,37.98349825527709,29.061144901618785,646018382.6667,-5122048.0,46039.44034945241,13.825189254937715,3016
2514,0.005038293215705149,460.57793515969075,1.0240000486373901,0.6,0.43799999999999994,-0.34199999999999997,28422.058828663718,37.98349825527709,29.061144901618785,646018383.1787,1024.0,28498.047831989,12.327936025570652,3016
2532,0.007590283574126619,212.13203435596432,2.0479999780654907,0.09999999999999998,0.3999999999999999,-0.33899999999999997,45951.92303012427,40.2812760351587,27.669330226243297,646018382.6667,-5122048.0,46039.44034919587,13.230065689300366,3016
2536,0.004892825747780841,212.13203435596432,2.0479999780654907,0.6,0.3999999999999999,-0.33899999999999997,45960.22426217262,40.2812760351587,27.669330226243297,646018382.6667,-5122048.0,46039.44034919587,12.586984311045649,3016
2544,0.005081071473598038,460.57793515969075,2.0479999780654907,0.09999999999999998,0.3999999999999999,-0.33899999999999997,45926.201732040005,40.2812760351587,27.669330226243297,646018382.6667,-5122048.0,46039.44034919587,15.049160584954118,3016
2546,0.006290649044977548,460.57793515969075,1.0240000486373901,0.09999999999999998,0.3999999999999999,-0.33899999999999997,28413.813074992453,40.2812760351587,27.669330226243297,646018383.1787,1024.0,28498.04783209286,12.979580663519648,3016
2547,0.005976464087241034,460.57793515969075,1.0240000486373901,0.09999999999999998,0.3999999999999999,-0.33899999999999997,28406.848538464383,40.2812760351587,27.669330226243297,646018383.4347,2561024.0,28483.492600157966,12.380958096495066,3016
2548,0.003987392428162202,460.57793515969075,2.0479999780654907,0.6,0.3999999999999999,-0.33899999999999997,45940.49432275682,40.2812760351587,27.669330226243297,646018382.6667,-5122048.0,46039.44034919587,14.067411022576323,3016
2552,0.002637876719454809,460.57793515969075,2.0479999780654907,1.1,0.3999999999999999,-0.33899999999999997,45960.32142647078,40.2812760351587,27.669330226243297,646018382.6667,-5122048.0,46039.44034919587,12.579262516148894,3016
2568,0.007443184416632854,212.13203435596432,2.0479999780654907,0.09999999999999998,0.4039999999999999,-0.33899999999999997,45955.31068508968,40.000312006156534,27.806579560118312,646018382.6667,-5122048.0,46039.44034942842,12.971481360179302,3016
2580,0.005023876865846237,460.57793515969075,2.0479999780654907,0.09999999999999998,0.4039999999999999,-0.33899999999999997,45928.75215020029,40.000312006156534,27.806579560118312,646018382.6667,-5122048.0,46039.44034942842,14.878723011611374,3016
2581,0.006133948775027647,460.57793515969075,1.0240000486373901,0.09999999999999998,0.4039999999999999,-0.33899999999999997,28231.880439286087,40.000312006156534,27.806579560118312,646018382.9226999,-2561024.0,28312.377046028443,12.68831011146525,3016
2582,0.006490035123948535,460.57793515969075,1.0240000486373901,0.09999999999999998,0.4039999999999999,-0.33899999999999997,28408.216973947572,40.000312006156534,27.806579560118312,646018383.1787,1024.0,28498.047831866552,13.403794829747264,3016
2583,0.006100988267974955,460.57793515969075,1.0240000486373901,0.09999999999999998,0.4039999999999999,-0.33899999999999997,28403.550289097824,40.000312006156534,27.806579560118312,646018383.4347,2561024.0,28483.492600053494,12.644549098775338,3016
2584,0.0039073879889085375,460.57793515969075,2.0479999780654907,0.6,0.4039999999999999,-0.33899999999999997,45944.429876263705,40.000312006156534,27.806579560118312,646018382.6667,-5122048.0,46039.44034942842,13.784808534376909,3016
2586,0.005071081927277963,460.57793515969075,1.0240000486373901,0.6,0.4039999999999999,-0.33899999999999997,28420.131205272814,40.000312006156534,27.806579560118312,646018383.1787,1024.0,28498.047831866552,12.483318997264977,3016
2604,0.007883820082034624,212.13203435596432,2.0479999780654907,0.09999999999999998,0.4079999999999999,-0.33899999999999997,45945.491716446726,39.72259391709281,27.94404350279907,646018382.6667,-5122048.0,46039.44034900649,13.707562333234957,3016
2608,0.005072376064321626,212.13203435596432,2.0479999780654907,0.6,0.4079999999999999,-0.33899999999999997,45954.730273910216,39.72259391709281,27.94404350279907,646018382.6667,-5122048.0,46039.44034900649,13.016149591662726,3016
2616,0.0052491926217446035,460.57793515969075,2.0479999780654907,0.09999999999999998,0.4079999999999999,-0.33899999999999997,45919.103240251236,39.72259391709281,27.94404350279907,646018382.6667,-5122048.0,46039.44034900649,15.513678400382766,3016
2617,0.006297263850883485,460.57793515969075,1.0240000486373901,0.09999999999999998,0.4079999999999999,-0.33899999999999997,28226.716868665208,39.72259391709281,27.94404350279907,646018382.9226999,-2561024.0,28312.377045914145,13.088940159458103,3016
2618,0.006578961676856852,460.57793515969075,1.0240000486373901,0.09999999999999998,0.4079999999999999,-0.33899999999999997,28405.87416085898,39.72259391709281,27.94404350279907,646018383.1787,1024.0,28498.04783181303,13.577457122307488,3016
2619,0.006258234593550706,460.57793515969075,1.0240000486373901,0.09999999999999998,0.4079999999999999,-0.33899999999999997,28399.57289828078,39.72259391709281,27.94404350279907,646018383.4347,2561024.0,28483.49259989447,12.955284760566983,3016
2620,0.004122588075453804,460.57793515969075,2.0479999780654907,0.6,0.4079999999999999,-0.33899999999999997,45934.15031722325,39.72259391709281,27.94404350279907,646018382.6667,-5122048.0,46039.44034900649,14.511377038947,3016
2622,0.005138400890253866,460.57793515969075,1.0240000486373901,0.6,0.4079999999999999,-0.33899999999999997,28418.08423884212,39.72259391709281,27.94404350279907,646018383.1787,1024.0,28498.04783181303,12.646232084768263,3016
2624,0.0027254248286623216,460.57793515969075,2.0479999780654907,1.1,0.4079999999999999,-0.33899999999999997,45955.46446260766,39.72259391709281,27.94404350279907,646018382.6667,-5122048.0,46039.44034900649,12.959620858560987,3016
2640,0.007943160122825184,212.13203435596432,2.0479999780654907,0.09999999999999998,0.4119999999999999,-0.33899999999999997,45944.94671018767,39.44807866704393,28.081707874692214,646018382.6667,-5122048.0,46039.44034893675,13.747264364161643,3016
2644,0.005152999500818084,212.13203435596432,2.0479999780654907,0.6,0.4119999999999999,-0.33899999999999997,45952.89646028144,39.44807866704393,28.081707874692214,646018382.6667,-5122048.0,46039.44034893675,13.156282807488541,3016
2652,0.005249123134447233,460.57793515969075,2.0479999780654907,0.09999999999999998,0.4119999999999999,-0.33899999999999997,45920.25262899237,39.44807866704393,28.081707874692214,646018382.6667,-5122048.0,46039.44034893675,15.439411902295827,3016
2653,0.006024058446882035,460.57793515969075,1.0240000486373901,0.09999999999999998,0.4119999999999999,-0.33899999999999997,28235.04030024017,39.44807866704393,28.081707874692214,646018382.9226999,-2561024.0,28312.377046172955,12.436779802889939,3016
2654,0.006594212090162689,460.57793515969075,1.0240000486373901,0.09999999999999998,0.4119999999999999,-0.33899999999999997,28406.013801236964,39.44807866704393,28.081707874692214,646018383.1787,1024.0,28498.04783183795,13.56716850348559,3016
2655,0.006574688346827401,460.57793515969075,1.0240000486373901,0.09999999999999998,0.4119999999999999,-0.33899999999999997,28391.7636041026,39.44807866704393,28.081707874692214,646018383.4347,2561024.0,28483.492599628058,13.544666516784856,3016
2656,0.004157044012687047,460.57793515969075,2.0479999780654907,0.6,0.4119999999999999,-0.33899999999999997,45933.44249666692,39.44807866704393,28.081707874692214,646018382.6667,-5122048.0,46039.44034893675,14.56007227110012,3016
2658,0.005152215501082461,460.57793515969075,1.0240000486373901,0.6,0.4119999999999999,-0.33899999999999997,28418.232694372455,39.44807866704393,28.081707874692214,646018383.1787,1024.0,28498.04783183795,12.634487521502038,3016
2659,0.005164100112019793,460.57793515969075,1.0240000486373901,0.6,0.4119999999999999,-0.33899999999999997,28403.22203859934,39.44807866704393,28.081707874692214,646018383.4347,2561024.0,28483.492599628058,12.67048231352851,3016
2660,0.002780669809876724,460.57793515969075,2.0479999780654907,1.1,0.4119999999999999,-0.33899999999999997,45952.97072844178,39.44807866704393,28.081707874692214,646018382.6667,-5122048.0,46039.44034893675,13.150636524135633,3016
2676,0.008023608520506272,212.13203435596432,2.0479999780654907,0.09999999999999998,0.4159999999999999,-0.33899999999999997,45942.69443702548,39.17672355521996,28.219558772453116,646018382.6667,-5122048.0,46039.44034874319,13.910133839594296,3016
2680,0.005248687145831766,212.13203435596432,2.0479999780654907,0.6,0.4159999999999999,-0.33899999999999997,45949.180306781076,39.17672355521996,28.219558772453116,646018382.6667,-5122048.0,46039.44034874319,13.435776268017847,3016
2684,0.003095609365520525,212.13203435596432,2.0479999780654907,1.1,0.4159999999999999,-0.33899999999999997,45960.3490767733,39.17672355521996,28.219558772453116,646018382.6667,-5122048.0,46039.44034874319,12.577064201942354,3016
2688,0.005256028404760556,460.57793515969075,2.0479999780654907,0.09999999999999998,0.4159999999999999,-0.33899999999999997,45919.83297407337,39.17672355521996,28.219558772453116,646018382.6667,-5122048.0,46039.44034874319,15.466568764262092,3016
2689,0.006274870803605052,460.57793515969075,1.0240000486373901,0.09999999999999998,0.4159999999999999,-0.33899999999999997,28228.422285518725,39.17672355521996,28.219558772453116,646018382.9226999,-2561024.0,28312.37704584079,12.957990609817829,3016
2690,0.006525588469332407,460.57793515969075,1.0240000486373901,0.09999999999999998,0.4159999999999999,-0.33899999999999997,28408.158989959516,39.17672355521996,28.219558772453116,646018383.1787,1024.0,28498.047831744927,13.408120061023505,3016
2691,0.006511785735670099,460.57793515969075,1.0240000486373901,0.09999999999999998,0.4159999999999999,-0.33899999999999997,28393.649413665895,39.17672355521996,28.219558772453116,646018383.4347,2561024.0,28483.4925995235,13.40471453314871,3016
2692,0.004199402821150587,460.57793515969075,2.0479999780654907,0.6,0.4159999999999999,-0.33899999999999997,45930.915146352214,39.17672355521996,28.219558772453116,646018382.6667,-5122048.0,46039.44034874319,14.732630613096761,3016
2694,0.005157743947544625,460.57793515969075,1.0240000486373901,0.6,0.4159999999999999,-0.33899999999999997,28418.18271806785,39.17672355521996,28.219558772453116,646018383.1787,1024.0,28498.047831744927,12.638442441778862,3016
2695,0.0051775813546972955,460.57793515969075,1.0240000486373901,0.6,0.4159999999999999,-0.33899999999999997,28402.73371802239,39.17672355521996,28.219558772453116,646018383.4347,2561024.0,28483.4925995235,12.70896388389767,3016
2696,0.0028398914197186936,460.57793515969075,2.0479999780654907,1.1,0.4159999999999999,-0.33899999999999997,45948.6873065124,39.17672355521996,28.219558772453116,646018382.6667,-5122048.0,46039.44034874319,13.472419398963945,3016
2712,0.007862944797128048,212.13203435596432,2.0479999780654907,0.09999999999999998,0.41999999999999993,-0.33899999999999997,45947.436181881996,38.908486291145806,28.357582565159834,646018382.6667,-5122048.0,46039.44034894677,13.564967162863093,3016
2716,0.00514087784749653,212.13203435596432,2.0479999780654907,0.6,0.41999999999999993,-0.33899999999999997,45953.75732237805,38.908486291145806,28.357582565159834,646018382.6667,-5122048.0,46039.44034894677,13.09068573977116,3016
2720,0.0030318558353939536,212.13203435596432,2.0479999780654907,1.1,0.41999999999999993,-0.33899999999999997,45964.332206864565,38.908486291145806,28.357582565159834,646018382.6667,-5122048.0,46039.44034894677,12.256275297349383,3016
2724,0.005173220505254556,460.57793515969075,2.0479999780654907,0.09999999999999998,0.41999999999999993,-0.33899999999999997,45924.435815036726,38.908486291145806,28.357582565159834,646018382.6667,-5122048.0,46039.44034894677,15.166049842331855,3016
2725,0.006090414071615944,460.57793515969075,1.0240000486373901,0.09999999999999998,0.41999999999999993,-0.33899999999999997,28233.86620545832,38.908486291145806,28.357582565159834,646018382.9226999,-2561024.0,28312.377046060887,12.530829230547223,3016
2726,0.0064330791617082635,460.57793515969075,1.0240000486373901,0.09999999999999998,0.41999999999999993,-0.33899999999999997,28411.441250107677,38.908486291145806,28.357582565159834,646018383.1787,1024.0,28498.047831872318,13.16104720488771,3016
2727,0.006555019770007055,460.57793515969075,1.0240000486373901,0.09999999999999998,0.41999999999999993,-0.33899999999999997,28393.287414872437,38.908486291145806,28.357582565159834,646018383.4347,2561024.0,28483.492599498975,13.431692717341218,3016
2728,0.004126185367220058,460.57793515969075,2.0479999780654907,0.6,0.41999999999999993,-0.33899999999999997,45935.63550923869,38.908486291145806,28.357582565159834,646018382.6667,-5122048.0,46039.44034894677,14.40866681605801,3016
2730,0.005075052070639337,460.57793515969075,1.0240000486373901,0.6,0.41999999999999993,-0.33899999999999997,28421.437571111837,38.908486291145806,28.357582565159834,646018383.1787,1024.0,28498.047831872318,12.378227721324304,3016
2731,0.005232074566204119,460.57793515969075,1.0240000486373901,0.6,0.41999999999999993,-0.33899999999999997,28401.938370977612,38.908486291145806,28.357582565159834,646018383.4347,2561024.0,28483.492599498975,12.771392134091197,3016
2732,0.0027866472335669563,460.57793515969075,2.0479999780654907,1.1,0.41999999999999993,-0.33899999999999997,45952.91968997068,38.908486291145806,28.357582565159834,646018382.6667,-5122048.0,46039.44034894677,13.154517017062453,3016
2748,0.008218540591351896,212.13203435596432,2.0479999780654907,0.09999999999999998,0.42399999999999993,-0.33899999999999997,45939.99244101918,38.64332500382185,28.495765890477582,646018382.6667,-5122048.0,46039.44034877409,14.103042774870342,3016
2752,0.005340589285220953,212.13203435596432,2.0479999780654907,0.6,0.42399999999999993,-0.33899999999999997,45947.8881023676,38.64332500382185,28.495765890477582,646018382.6667,-5122048.0,46039.44034877409,13.53161087280391,3016
2756,0.003126590060399373,212.13203435596432,2.0479999780654907,1.1,0.42399999999999993,-0.33899999999999997,45960.31893147275,38.64332500382185,28.495765890477582,646018382.6667,-5122048.0,46039.44034877409,12.579460823210443,3016
2760,0.005392325789143627,460.57793515969075,2.0479999780654907,0.09999999999999998,0.42399999999999993,-0.33899999999999997,45915.3473153663,38.64332500382185,28.495765890477582,646018382.6667,-5122048.0,46039.44034877409,15.753922267663565,3016
2761,0.0060517370489223165,460.57793515969075,1.0240000486373901,0.09999999999999998,0.42399999999999993,-0.33899999999999997,28235.633595356765,38.64332500382185,28.495765890477582,646018382.9226999,-2561024.0,28312.377046107173,12.388983069679904,3016
2762,0.006688692155139193,460.57793515969075,1.0240000486373901,0.09999999999999998,0.42399999999999993,-0.33899999999999997,28405.550089834327,38.64332500382185,28.495765890477582,646018383.1787,1024.0,28498.047831731663,13.601304488712529,3016
2763,0.006563351782505902,460.57793515969075,1.0240000486373901,0.09999999999999998,0.42399999999999993,-0.33899999999999997,28393.984350228766,38.64332500382185,28.495765890477582,646018383.4347,2561024.0,28483.492599568934,13.379704730685788,3016
2764,0.004289555642511257,460.57793515969075,2.0479999780654907,0.6,0.42399999999999993,-0.33899999999999997,45928.1827731873,38.64332500382185,28.495765890477582,646018382.6667,-5122048.0,46039.44034877409,14.91694175002334,3016
2766,0.005295128507212198,460.57793515969075,1.0240000486373901,0.6,0.42399999999999993,-0.33899999999999997,28415.768118672233,38.64332500382185,28.495765890477582,646018383.1787,1024.0,28498.047831731663,12.828071800502983,3016
2767,0.0052195968052384245,460.57793515969075,1.0240000486373901,0.6,0.42399999999999993,-0.33899999999999997,28403.206712163712,38.64332500382185,28.495765890477582,646018383.4347,2561024.0,28483.492599568934,12.671691868509251,3016
2768,0.0028795609737383076,460.57793515969075,2.0479999780654907,1.1,0.42399999999999993,-0.33899999999999997,45947.88808891883,38.64332500382185,28.495765890477582,646018382.6667,-5122048.0,46039.44034877409,13.531611866681914,3016
2784,0.007334750838238484,212.13203435596432,2.0479999780654907,0.09999999999999998,0.42799999999999994,-0.33899999999999997,45960.80808532513,38.38119824991727,28.634095650818438,646018382.6667,-5122048.0,46039.44034960324,12.540515482077184,3016
2796,0.0049246714176008335,460.57793515969075,2.0479999780654907,0.09999999999999998,0.42799999999999994,-0.33899999999999997,45937.02149672158,38.38119824991727,28.634095650818438,646018382.6667,-5122048.0,46039.44034960324,14.312152380523301,3016
2798,0.006188698446017229,460.57793515969075,1.0240000486373901,0.09999999999999998,0.42799999999999994,-0.33899999999999997,28419.636498130298,38.38119824991727,28.634095650818438,646018383.1787,1024.0,28498.047832155906,12.522885771706783,3016
2800,0.0038737049779700604,460.57793515969075,2.0479999780654907,0.6,0.42799999999999994,-0.33899999999999997,45949.614026456344,38.38119824991727,28.634095650818438,646018382.6667,-5122048.0,46039.44034960324,13.403456505461227,3016
2820,0.007650256486274351,212.13203435596432,2.0479999780654907,0.09999999999999998,0.43199999999999994,-0.33899999999999997,45953.900207004226,38.12206502104788,28.772559009500966,646018382.6667,-5122048.0,46039.44034930235,13.079766228654325,3016
2822,0.010298364461511412,212.13203435596432,1.0240000486373901,0.09999999999999998,0.43199999999999994,-0.33899999999999997,28422.344787630416,38.12206502104788,28.772559009500966,646018383.1787,1024.0,28498.047831646072,12.304718120758062,3016
2824,0.0049753385488166425,212.13203435596432,2.0479999780654907,0.6,0.43199999999999994,-0.33899999999999997,45960.67518688831,38.12206502104788,28.772559009500966,646018382.6667,-5122048.0,46039.44034930235,12.551108509931838,3016
2832,0.005083111281695636,460.57793515969075,2.0479999780654907,0.09999999999999998,0.43199999999999994,-0.33899999999999997,45930.326366877336,38.12206502104788,28.772559009500966,646018382.6667,-5122048.0,46039.44034930235,14.772540907035125,3016
2833,0.006218360557748179,460.57793515969075,1.0240000486373901,0.09999999999999998,0.43199999999999994,-0.33899999999999997,28232.051760967344,38.12206502104788,28.772559009500966,646018382.9226999,-2561024.0,28312.37704587572,12.674800582918571,3016
2834,0.006762565443896276,460.57793515969075,1.0240000486373901,0.09999999999999998,0.43199999999999994,-0.33899999999999997,28403.75968178368,38.12206502104788,28.772559009500966,646018383.1787,1024.0,28498.047831646072,13.732308608707697,3016
2835,0.006102737487846336,460.57793515969075,1.0240000486373901,0.09999999999999998,0.43199999999999994,-0.33899999999999997,28406.585484966858,38.12206502104788,28.772559009500966,646018383.4347,2561024.0,28483.492600016478,12.402186504775695,3016
2836,0.004025860103756104,460.57793515969075,2.0479999780654907,0.6,0.43199999999999994,-0.33899999999999997,45942.42948244887,38.12206502104788,28.772559009500966,646018382.6667,-5122048.0,46039.44034930235,13.929168449945696,3016
2838,0.00536976351860878,460.57793515969075,1.0240000486373901,0.6,0.43199999999999994,-0.33899999999999997,28413.526388259233,38.12206502104788,28.772559009500966,646018383.1787,1024.0,28498.047831646072,13.001649386661574,3016
2840,0.0026971752536890155,460.57793515969075,2.0479999780654907,1.1,0.43199999999999994,-0.33899999999999997,45960.01404663829,38.12206502104788,28.772559009500966,646018382.6667,-5122048.0,46039.44034930235,12.603674278880897,3016
2856,0.007812704172541079,212.13203435596432,2.0479999780654907,0.09999999999999998,0.43599999999999994,-0.33899999999999997,45950.183965175434,37.86588475018802,28.911143386914176,646018382.6667,-5122048.0,46039.440349314755,13.36086704816123,3016
2858,0.010478426104714035,212.13203435596432,1.0240000486373901,0.09999999999999998,0.43599999999999994,-0.33899999999999997,28419.38891979117,37.86588475018802,28.911143386914176,646018383.1787,1024.0,28498.047831690874,12.542640224426716,3016
2860,0.0050198481020659385,212.13203435596432,2.0479999780654907,0.6,0.43599999999999994,-0.33899999999999997,45959.29694411142,37.86588475018802,28.911143386914176,646018382.6667,-5122048.0,46039.440349314755,12.660442741337006,3016
2868,0.005202494437320121,460.57793515969075,2.0479999780654907,0.09999999999999998,0.43599999999999994,-0.33899999999999997,45924.71539539983,37.86588475018802,28.911143386914176,646018382.6667,-5122048.0,46039.440349314755,15.147604029345832,3016
2869,0.006328703370832879,460.57793515969075,1.0240000486373901,0.09999999999999998,0.43599999999999994,-0.33899999999999997,28228.819010475472,37.86588475018802,28.911143386914176,646018382.9226999,-2561024.0,28312.377045984627,12.927338125782521,3016
2870,0.0069039718027409745,460.57793515969075,1.0240000486373901,0.09999999999999998,0.43599999999999994,-0.33899999999999997,28399.080386008478,37.86588475018802,28.911143386914176,646018383.1787,1024.0,28498.047831690874,14.068933554637034,3016
2871,0.006413897227835409,460.57793515969075,1.0240000486373901,0.09999999999999998,0.43599999999999994,-0.33899999999999997,28397.99218250336,37.86588475018802,28.911143386914176,646018383.4347,2561024.0,28483.49259988712,13.07672874871684,3016
2872,0.0040849992669583415,460.57793515969075,2.0479999780654907,0.6,0.43599999999999994,-0.33899999999999997,45939.383239887255,37.86588475018802,28.911143386914176,646018382.6667,-5122048.0,46039.440349314755,14.146173293686184,3016
2874,0.005418737524358155,460.57793515969075,1.0240000486373901,0.6,0.43599999999999994,-0.33899999999999997,28411.55026049116,37.86588475018802,28.911143386914176,646018383.1787,1024.0,28498.047831690874,13.152761778403349,3016
2876,0.00269355792939379,460.57793515969075,2.0479999780654907,1.1,0.43599999999999994,-0.33899999999999997,45960.260308499775,37.86588475018802,28.911143386914176,646018382.6667,-5122048.0,46039.440349314755,12.584120216763608,3016
2892,0.007072325036125788,212.13203435596432,2.0479999780654907,0.09999999999999998,0.4019999999999999,-0.33599999999999997,45958.80949078535,39.88958243896878,27.65127821544219,646018382.6667,-5122048.0,46039.44034926255,12.698886445448496,3016
2904,0.004782409353931362,460.57793515969075,2.0479999780654907,0.09999999999999998,0.4019999999999999,-0.33599999999999997,45934.50348684764,39.88958243896878,27.65127821544219,646018382.6667,-5122048.0,46039.44034926255,14.487019183731794,3016
2905,0.005973517812900955,460.57793515969075,1.0240000486373901,0.09999999999999998,0.4019999999999999,-0.33599999999999997,28232.478002685137,39.88958243896878,27.65127821544219,646018382.9226999,-2561024.0,28312.377045871206,12.641126784117729,3016
2906,0.006241672893159563,460.57793515969075,1.0240000486373901,0.09999999999999998,0.4019999999999999,-0.33599999999999997,28410.95796826292,39.88958243896878,27.65127821544219,646018383.1787,1024.0,28498.047831799653,13.197716737127973,3016
2908,0.0037316076696829524,460.57793515969075,2.0479999780654907,0.6,0.4019999999999999,-0.33599999999999997,45947.92130388422,39.88958243896878,27.65127821544219,646018382.6667,-5122048.0,46039.44034926255,13.529157060092759,3016
2910,0.004853024610553064,460.57793515969075,1.0240000486373901,0.6,0.4019999999999999,-0.33599999999999997,28422.559603472928,39.88958243896878,27.65127821544219,646018383.1787,1024.0,28498.047831799653,12.28724772491588,3016
2928,0.007269799378541646,212.13203435596432,2.0479999780654907,0.09999999999999998,0.4059999999999999,-0.33599999999999997,45954.70867220306,39.6106882400266,27.789358183028614,646018382.6667,-5122048.0,46039.44034917706,13.01780910706553,3016
2932,0.004657444363514621,212.13203435596432,2.0479999780654907,0.6,0.4059999999999999,-0.33599999999999997,45963.55063023579,39.6106882400266,27.789358183028614,646018382.6667,-5122048.0,46039.44034917706,12.319879783607252,3016
2940,0.004926715014651081,460.57793515969075,2.0479999780654907,0.09999999999999998,0.4059999999999999,-0.33599999999999997,45928.27884224012,39.6106882400266,27.789358183028614,646018382.6667,-5122048.0,46039.44034917706,14.91050012152083,3016
2941,0.005876449158089819,460.57793515969075,1.0240000486373901,0.09999999999999998,0.4059999999999999,-0.33599999999999997,28234.591645521865,39.6106882400266,27.789358183028614,646018382.9226999,-2561024.0,28312.377046099264,12.472802457940142,3016
2942,0.006249404891258401,460.57793515969075,1.0240000486373901,0.09999999999999998,0.4059999999999999,-0.33599999999999997,28410.799841262276,39.6106882400266,27.789358183028614,646018383.1787,1024.0,28498.04783180978,13.209692694949776,3016
2943,0.0060549893690413185,460.57793515969075,1.0240000486373901,0.09999999999999998,0.4059999999999999,-0.33599999999999997,28401.254768751933,39.6106882400266,27.789358183028614,646018383.4347,2561024.0,28483.492599818015,12.824806514414355,3016
2944,0.0038285055873959507,460.57793515969075,2.0479999780654907,0.6,0.4059999999999999,-0.33599999999999997,45943.587735501365,39.6106882400266,27.789358183028614,646018382.6667,-5122048.0,46039.44034917706,13.845765683102673,3016
2946,0.004853340701319034,460.57793515969075,1.0240000486373901,0.6,0.4059999999999999,-0.33599999999999997,28422.662381934937,39.6106882400266,27.789358183028614,646018383.1787,1024.0,28498.04783180978,12.278880231914,3016
2948,0.0025054871072758087,460.57793515969075,2.0479999780654907,1.1,0.4059999999999999,-0.33599999999999997,45964.03976929459,39.6106882400266,27.789358183028614,646018382.6667,-5122048.0,46039.44034917706,12.280112367764843,3016
2964,0.007774603329326343,212.13203435596432,2.0479999780654907,0.09999999999999998,0.4099999999999999,-0.33599999999999997,45944.44298442936,39.33503662151289,27.927640315523707,646018382.6667,-5122048.0,46039.44034867231,13.783857532849561,3016
2968,0.005059349264043731,212.13203435596432,2.0479999780654907,0.6,0.4099999999999999,-0.33599999999999997,45951.645030653475,39.33503662151289,27.927640315523707,646018382.6667,-5122048.0,46039.44034867231,13.25106169473482,3016
2972,0.0029718663518456885,212.13203435596432,2.0479999780654907,1.1,0.4099999999999999,-0.33599999999999997,45962.91016079002,39.33503662151289,27.927640315523707,646018382.6667,-5122048.0,46039.44034867231,12.371757181765778,3016
2976,0.005153024878502039,460.57793515969075,2.0479999780654907,0.09999999999999998,0.4099999999999999,-0.33599999999999997,45919.88884144773,39.33503662151289,27.927640315523707,646018382.6667,-5122048.0,46039.44034867231,15.46295620019511,3016
2977,0.005998643731459406,460.57793515969075,1.0240000486373901,0.09999999999999998,0.4099999999999999,-0.33599999999999997,28232.919976091827,39.33503662151289,27.927640315523707,646018382.9226999,-2561024.0,28312.377045916277,12.60611516879405,3016
2978,0.006407108577851546,460.57793515969075,1.0240000486373901,0.09999999999999998,0.4099999999999999,-0.33599999999999997,28407.447798449608,39.33503662151289,27.927640315523707,646018383.1787,1024.0,28498.047831672004,13.461057404408892,3016
2979,0.006286100036071134,460.57793515969075,1.0240000486373901,0.09999999999999998,0.4099999999999999,-0.33599999999999997,28395.55457835901,39.33503662151289,27.927640315523707,646018383.4347,2561024.0,28483.492599535402,13.261826508923482,3016
2980,0.0040816243952743435,460.57793515969075,2.0479999780654907,0.6,0.4099999999999999,-0.33599999999999997,45932.47306302038,39.33503662151289,27.927640315523707,646018382.6667,-5122048.0,46039.44034867231,14.626502360573555,3016
2982,0.005022646144586034,460.57793515969075,1.0240000486373901,0.6,0.4099999999999999,-0.33599999999999997,28418.421557263577,39.33503662151289,27.927640315523707,646018383.1787,1024.0,28498.047831672004,12.61953045152053,3016
2983,0.004934363446981015,460.57793515969075,1.0240000486373901,0.6,0.4099999999999999,-0.33599999999999997,28406.041434901126,39.33503662151289,27.927640315523707,646018383.4347,2561024.0,28483.492599535402,12.44597642889269,3016
2984,0.0027388439601506507,460.57793515969075,2.0479999780654907,1.1,0.4099999999999999,-0.33599999999999997,45951.004198271454,39.33503662151289,27.927640315523707,646018382.6667,-5122048.0,46039.44034867231,13.299334599960684,3016
3000,0.007839049719445206,212.13203435596432,2.0479999780654907,0.09999999999999998,0.4139999999999999,-0.33599999999999997,45942.349043958,39.06258390051848,28.066110556291566,646018382.6667,-5122048.0,46039.44034864614,13.934942029885853,3016
3002,0.010117665669832535,212.13203435596432,1.0240000486373901,0.09999999999999998,0.4139999999999999,-0.33599999999999997,28419.812329331653,39.06258390051848,28.066110556291566,646018383.1787,1024.0,28498.04783147404,12.508837047654461,3016
3003,0.009870326066365015,212.13203435596432,1.0240000486373901,0.09999999999999998,0.4139999999999999,-0.33599999999999997,28408.123438614795,39.06258390051848,28.066110556291566,646018383.4347,2561024.0,28483.492599392688,12.277553565584052,3016
3004,0.0050830324373313295,212.13203435596432,2.0479999780654907,0.6,0.4139999999999999,-0.33599999999999997,45950.354645019375,39.06258390051848,28.066110556291566,646018382.6667,-5122048.0,46039.44034864614,13.348086276823548,3016
3008,0.002969224571281701,212.13203435596432,2.0479999780654907,1.1,0.4139999999999999,-0.33599999999999997,45962.827194182246,39.06258390051848,28.066110556291566,646018382.6667,-5122048.0,46039.44034864614,12.37846149276169,3016
3012,0.005193404179877891,460.57793515969075,2.0479999780654907,0.09999999999999998,0.4139999999999999,-0.33599999999999997,45917.78297972747,39.06258390051848,28.066110556291566,646018382.6667,-5122048.0,46039.44034864614,15.598549222198185,3016
3013,0.0061801509974134744,460.57793515969075,1.0240000486373901,0.09999999999999998,0.4139999999999999,-0.33599999999999997,28227.618330974303,39.06258390051848,28.066110556291566,646018382.9226999,-2561024.0,28312.377045777615,13.019885929094203,3016
3014,0.006702831434077279,460.57793515969075,1.0240000486373901,0.09999999999999998,0.4139999999999999,-0.33599999999999997,28399.595729564542,39.06258390051848,28.066110556291566,646018383.1787,1024.0,28498.04783147404,14.03225583500367,3016
3015,0.006564030087900315,460.57793515969075,1.0240000486373901,0.09999999999999998,0.4139999999999999,-0.33599999999999997,28388.16618882636,39.06258390051848,28.066110556291566,646018383.4347,2561024.0,28483.492599392688,13.80770875752594,3016
3016,0.004102687466908669,460.57793515969075,2.0479999780654907,0.6,0.4139999999999999,-0.33599999999999997,45930.96013491783,39.06258390051848,28.066110556291566,646018382.6667,-5122048.0,46039.44034864614,14.729576621770997,3016
3018,0.005274566904068027,460.57793515969075,1.0240000486373901,0.6,0.4139999999999999,-0.33599999999999997,28411.008638425934,39.06258390051848,28.066110556291566,646018383.1787,1024.0,28498.04783147404,13.19387684102785,3016
3019,0.00514790840003629,460.57793515969075,1.0240000486373901,0.6,0.4139999999999999,-0.33599999999999997,28399.675521116093,39.06258390051848,28.066110556291566,646018383.4347,2561024.0,28483.492599392688,12.947360987984815,3016
3020,0.00273933336806329,460.57793515969075,2.0479999780654907,1.1,0.4139999999999999,-0.33599999999999997,45950.70224725074,39.06258390051848,28.066110556291566,646018382.6667,-5122048.0,46039.44034864614,13.322019471191297,3016
3036,0.00784308342036729,212.13203435596432,2.0479999780654907,0.09999999999999998,0.4179999999999999,-0.33599999999999997,45942.44152147412,38.79328682336367,28.204755125990985,646018382.6667,-5122048.0,46039.440348740376,13.928304079553941,3016
3040,0.005065094181329856,212.13203435596432,2.0479999780654907,0.6,0.4179999999999999,-0.33599999999999997,45951.168581497295,38.79328682336367,28.204755125990985,646018382.6667,-5122048.0,46039.440348740376,13.286968596567151,3016
3048,0.005176400398435596,460.57793515969075,2.0479999780654907,0.09999999999999998,0.4179999999999999,-0.33599999999999997,45918.79531607631,38.79328682336367,28.204755125990985,646018382.6667,-5122048.0,46039.440348740376,15.53351426201183,3016
3049,0.006266159056430963,460.57793515969075,1.0240000486373901,0.09999999999999998,0.4179999999999999,-0.33599999999999997,28225.162109276644,38.79328682336367,28.204755125990985,646018382.9226999,-2561024.0,28312.37704577574,13.207190200727377,3016
3050,0.006453618684453639,460.57793515969075,1.0240000486373901,0.09999999999999998,0.4179999999999999,-0.33599999999999997,28406.643302458022,38.79328682336367,28.204755125990985,646018383.1787,1024.0,28498.047831751825,13.52069001891565,3016
3051,0.006366412714083061,460.57793515969075,1.0240000486373901,0.09999999999999998,0.4179999999999999,-0.33599999999999997,28393.715324667806,38.79328682336367,28.204755125990985,646018383.4347,2561024.0,28483.492599619527,13.399796636644957,3016
3052,0.004084106673751585,460.57793515969075,2.0479999780654907,0.6,0.4179999999999999,-0.33599999999999997,45932.11190852757,38.79328682336367,28.204755125990985,646018382.6667,-5122048.0,46039.440348740376,14.651173346377737,3016
3053,0.004908657331066997,460.57793515969075,1.0240000486373901,0.6,0.4179999999999999,-0.33599999999999997,28235.998099339813,38.79328682336367,28.204755125990985,646018382.9226999,-2561024.0,28312.37704577574,12.359526401600117,3016
3054,0.0050302698747698455,460.57793515969075,1.0240000486373901,0.6,0.4179999999999999,-0.33599999999999997,28418.729812706628,38.79328682336367,28.204755125990985,646018383.1787,1024.0,28498.047831751825,12.595079915998683,3016
3055,0.0049624016988568205,460.57793515969075,1.0240000486373901,0.6,0.4179999999999999,-0.33599999999999997,28405.639130289506,38.79328682336367,28.204755125990985,646018383.4347,2561024.0,28483.492599619527,12.478258638930413,3016
3056,0.0027117798060091467,460.57793515969075,2.0479999780654907,1.1,0.4179999999999999,-0.33599999999999997,45952.70808688375,38.79328682336367,28.204755125990985,646018382.6667,-5122048.0,46039.440348740376,13.170593142043753,3016
3072,0.00784519347296804,212.13203435596432,2.0479999780654907,0.09999999999999998,0.42199999999999993,-0.33599999999999997,45944.00456037859,38.52710257474422,28.34356051860833,646018382.6667,-5122048.0,46039.44034883635,13.815627995698357,3016
3076,0.00505959413779125,212.13203435596432,2.0479999780654907,0.6,0.42199999999999993,-0.33599999999999997,45952.73934002488,38.52710257474422,28.34356051860833,646018382.6667,-5122048.0,46039.44034883635,13.168219986883317,3016
3084,0.005195402318301901,460.57793515969075,2.0479999780654907,0.09999999999999998,0.42199999999999993,-0.33599999999999997,45919.52285144713,38.52710257474422,28.34356051860833,646018382.6667,-5122048.0,46039.44034883635,15.486606948536032,3016
3085,0.006067830940270084,460.57793515969075,1.0240000486373901,0.09999999999999998,0.42199999999999993,-0.33599999999999997,28231.747247576368,38.52710257474422,28.34356051860833,646018382.9226999,-2561024.0,28312.377045973684,12.698802966997821,3016
3086,0.006502642946223672,460.57793515969075,1.0240000486373901,0.09999999999999998,0.42199999999999993,-0.33599999999999997,28406.553502386054,38.52710257474422,28.34356051860833,646018383.1787,1024.0,28498.047831704207,13.52733006310951,3016
3087,0.006518113066786737,460.57793515969075,1.0240000486373901,0.09999999999999998,0.42199999999999993,-0.33599999999999997,28391.65344668067,38.52710257474422,28.34356051860833,646018383.4347,2561024.0,28483.4925994262,13.55279696192129,3016
3088,0.004092473156817708,460.57793515969075,2.0479999780654907,0.6,0.42199999999999993,-0.33599999999999997,45933.25634669644,38.52710257474422,28.34356051860833,646018382.6667,-5122048.0,46039.44034883635,14.57285161798549,3016
3090,0.00509838924712114,460.57793515969075,1.0240000486373901,0.6,0.42199999999999993,-0.33599999999999997,28417.620775841493,38.52710257474422,28.34356051860833,646018383.1787,1024.0,28498.047831704207,12.682827434189432,3016
3091,0.005164573790439738,460.57793515969075,1.0240000486373901,0.6,0.42199999999999993,-0.33599999999999997,28401.205000588456,38.52710257474422,28.34356051860833,646018383.4347,2561024.0,28483.4925994262,12.828686514039187,3016
3092,0.002711936996665003,460.57793515969075,2.0479999780654907,1.1,0.42199999999999993,-0.33599999999999997,45953.88661764991,38.52710257474422,28.34356051860833,646018382.6667,-5122048.0,46039.44034883635,13.080805111799991,3016
3108,0.0073146760325252585,212.13203435596432,2.0479999780654907,0.09999999999999998,0.42599999999999993,-0.33599999999999997,45957.3671627802,38.263988785880656,28.482513497487858,646018382.6667,-5122048.0,46039.44034933124,12.811962109765922,3016
3120,0.004916719226892634,460.57793515969075,2.0479999780654907,0.09999999999999998,0.42599999999999993,-0.33599999999999997,45933.22475518284,38.263988785880656,28.482513497487858,646018382.6667,-5122048.0,46039.44034933124,14.57501932406277,3016
3122,0.006150931722735944,460.57793515969075,1.0240000486373901,0.09999999999999998,0.42599999999999993,-0.33599999999999997,28417.29501190159,38.263988785880656,28.482513497487858,646018383.1787,1024.0,28498.047831999458,12.708486935734465,3016
3123,0.006089172643887179,460.57793515969075,1.0240000486373901,0.09999999999999998,0.42599999999999993,-0.33599999999999997,28403.813712881976,38.263988785880656,28.482513497487858,646018383.4347,2561024.0,28483.492599815967,12.62369889802436,3016
3124,0.0038566142619019857,460.57793515969075,2.0479999780654907,0.6,0.42599999999999993,-0.33599999999999997,45946.23472996688,38.263988785880656,28.482513497487858,646018382.6667,-5122048.0,46039.44034933124,13.653250115951032,3016
3144,0.007317267399385491,212.13203435596432,2.0479999780654907,0.09999999999999998,0.42999999999999994,-0.33599999999999997,45958.41878459934,38.00390354172466,28.62160109136441,646018382.6667,-5122048.0,46039.440349454795,12.729616243662537,3016
3156,0.004948184742103996,460.57793515969075,2.0479999780654907,0.09999999999999998,0.42999999999999994,-0.33599999999999997,45933.091732401146,38.00390354172466,28.62160109136441,646018382.6667,-5122048.0,46039.440349454795,14.584143242141371,3016
3158,0.006353245288417398,460.57793515969075,1.0240000486373901,0.09999999999999998,0.42999999999999994,-0.33599999999999997,28412.851270599785,38.00390354172466,28.62160109136441,646018383.1787,1024.0,28498.047832017026,13.05347167746883,3016
3159,0.006088725104313094,460.57793515969075,1.0240000486373901,0.09999999999999998,0.42999999999999994,-0.33599999999999997,28404.587563729645,38.00390354172466,28.62160109136441,646018383.4347,2561024.0,28483.492600011898,12.562247910485821,3016
3160,0.003862758286040997,460.57793515969075,2.0479999780654907,0.6,0.42999999999999994,-0.33599999999999997,45947.19050904445,38.00390354172466,28.62160109136441,646018382.6667,-5122048.0,46039.440349454795,13.583065958048369,3016
3180,0.007674599924698279,212.13203435596432,2.0479999780654907,0.09999999999999998,0.43399999999999994,-0.33599999999999997,45949.676279543135,37.74680538727467,28.760810590402723,646018382.6667,-5122048.0,46039.44034915432,13.398811112272972,3016
3182,0.010091958368187178,212.13203435596432,1.0240000486373901,0.09999999999999998,0.43399999999999994,-0.33599999999999997,28421.973511489654,37.74680538727467,28.760810590402723,646018383.1787,1024.0,28498.047831740045,12.334854701243211,3016
3184,0.0049229652726369075,212.13203435596432,2.0479999780654907,0.6,0.43399999999999994,-0.33599999999999997,45958.86934860728,37.74680538727467,28.760810590402723,646018382.6667,-5122048.0,46039.44034915432,12.694171934162476,3016
3192,0.0051478167774897466,460.57793515969075,2.0479999780654907,0.09999999999999998,0.43399999999999994,-0.33599999999999997,45923.591442795056,37.74680538727467,28.760810590402723,646018382.6667,-5122048.0,46039.44034915432,15.221623195918642,3016
3193,0.006074429434475324,460.57793515969075,1.0240000486373901,0.09999999999999998,0.43399999999999994,-0.33599999999999997,28232.987098545942,37.74680538727467,28.760810590402723,646018382.9226999,-2561024.0,28312.37704608643,12.60078946260804,3016
3194,0.006744454899142087,460.57793515969075,1.0240000486373901,0.09999999999999998,0.43399999999999994,-0.33599999999999997,28400.606103746395,37.74680538727467,28.760810590402723,646018383.1787,1024.0,28498.047831740045,13.960066475031535,3016
3195,0.00615834819113543,460.57793515969075,1.0240000486373901,0.09999999999999998,0.43399999999999994,-0.33599999999999997,28402.259476258394,37.74680538727467,28.760810590402723,646018383.4347,2561024.0,28483.492599936726,12.746224827636773,3016
3196,0.004022288488454475,460.57793515969075,2.0479999780654907,0.6,0.43399999999999994,-0.33599999999999997,45938.69322371033,37.74680538727467,28.760810590402723,646018382.6667,-5122048.0,46039.44034915432,14.194867061299863,3016
3198,0.0052241695550759425,460.57793515969075,1.0240000486373901,0.6,0.43399999999999994,-0.33599999999999997,28414.528145042237,37.74680538727467,28.760810590402723,646018383.1787,1024.0,28498.047831740045,12.924371295951508,3016
3200,0.002641304094183363,460.57793515969075,2.0479999780654907,1.1,0.43399999999999994,-0.33599999999999997,45959.90607822638,37.74680538727467,28.760810590402723,646018382.6667,-5122048.0,46039.44034915432,12.612237781452029,3016
3216,0.007476859541578497,212.13203435596432,2.0479999780654907,0.09999999999999998,0.43799999999999994,-0.33599999999999997,45955.177283686186,37.49265333305034,28.90012954224749,646018382.6667,-5122048.0,46039.44034938932,12.981761490886603,3016
3220,0.004796935769564199,212.13203435596432,2.0479999780654907,0.6,0.43799999999999994,-0.33599999999999997,45963.74664890665,37.49265333305034,28.90012954224749,646018382.6667,-5122048.0,46039.44034938932,12.303958751773239,3016
3228,0.005032593976067787,460.57793515969075,2.0479999780654907,0.09999999999999998,0.43799999999999994,-0.33599999999999997,45929.73910181994,37.49265333305034,28.90012954224749,646018382.6667,-5122048.0,46039.44034938932,14.812241394831323,3016
3230,0.006384529239243913,460.57793515969075,1.0240000486373901,0.09999999999999998,0.43799999999999994,-0.33599999999999997,28411.914251964452,37.49265333305034,28.90012954224749,646018383.1787,1024.0,28498.047831942476,13.125058474385895,3016
3231,0.0061498883214057675,460.57793515969075,1.0240000486373901,0.09999999999999998,0.43799999999999994,-0.33599999999999997,28402.99803356887,37.49265333305034,28.90012954224749,646018383.4347,2561024.0,28483.492599973448,12.688149305913546,3016
3232,0.0039292381287466364,460.57793515969075,2.0479999780654907,0.6,0.43799999999999994,-0.33599999999999997,45944.264787624015,37.49265333305034,28.90012954224749,646018382.6667,-5122048.0,46039.44034938932,13.796779462273319,3016
3252,0.007655048164800356,212.13203435596432,2.0479999780654907,0.09999999999999998,0.3999999999999999,-0.33299999999999996,45948.46216952541,39.77738128912133,27.495623916566508,646018382.6667,-5122048.0,46039.440348952565,13.489120017788768,3016
3256,0.004960829967474909,212.13203435596432,2.0479999780654907,0.6,0.3999999999999999,-0.33299999999999996,45956.09744731522,39.77738128912133,27.495623916566508,646018382.6667,-5122048.0,46039.440348952565,12.91068562372645,3016
3264,0.005077554033329207,460.57793515969075,2.0479999780654907,0.09999999999999998,0.3999999999999999,-0.33299999999999996,45924.45963804588,39.77738128912133,27.495623916566508,646018382.6667,-5122048.0,46039.440348952565,15.164478949616592,3016
3265,0.006361242726132556,460.57793515969075,1.0240000486373901,0.09999999999999998,0.3999999999999999,-0.33299999999999996,28223.59200268445,39.77738128912133,27.495623916566508,646018382.9226999,-2561024.0,28312.377045721107,13.325542618344375,3016
3266,0.006486700115573014,460.57793515969075,1.0240000486373901,0.09999999999999998,0.3999999999999999,-0.33299999999999996,28406.564269151695,39.77738128912133,27.495623916566508,646018383.1787,1024.0,28498.047831726435,13.526534114453714,3016
3267,0.006077400248193152,460.57793515969075,1.0240000486373901,0.09999999999999998,0.3999999999999999,-0.33299999999999996,28402.78810665149,39.77738128912133,27.495623916566508,646018383.4347,2561024.0,28483.492599881498,12.704683642657827,3016
3268,0.004009881937274519,460.57793515969075,2.0479999780654907,0.6,0.3999999999999999,-0.33299999999999996,45937.3050079401,39.77738128912133,27.495623916566508,646018382.6667,-5122048.0,46039.440348952565,14.292329482100865,3016
3269,0.00500650345771846,460.57793515969075,1.0240000486373901,0.6,0.3999999999999999,-0.33299999999999996,28233.912634593657,39.77738128912133,27.495623916566508,646018382.9226999,-2561024.0,28312.377045721107,12.52712346290641,3016
3270,0.005082089436752023,460.57793515969075,1.0240000486373901,0.6,0.3999999999999999,-0.33299999999999996,28417.980210739814,39.77738128912133,27.495623916566508,646018383.1787,1024.0,28498.047831726435,12.654455419860744,3016
3272,0.002673506852237067,460.57793515969075,2.0479999780654907,1.1,0.3999999999999999,-0.33299999999999996,45956.28716430428,39.77738128912133,27.495623916566508,646018382.6667,-5122048.0,46039.440348952565,12.89598268053141,3016
3288,0.007718950164957045,212.13203435596432,2.0479999780654907,0.09999999999999998,0.4039999999999999,-0.33299999999999996,45946.83336692475,39.49730623859601,27.634323037420213,646018382.6667,-5122048.0,46039.440348984186,13.609333713259794,3016
3292,0.004962025748626834,212.13203435596432,2.0479999780654907,0.6,0.4039999999999999,-0.33299999999999996,45955.907886454814,39.49730623859601,27.634323037420213,646018382.6667,-5122048.0,46039.440348984186,12.92535976515721,3016
3300,0.0051323191823300475,460.57793515969075,2.0479999780654907,0.09999999999999998,0.4039999999999999,-0.33299999999999996,45921.92271111786,39.49730623859601,27.634323037420213,646018382.6667,-5122048.0,46039.440348984186,15.33086024111652,3016
3301,0.006132761363842663,460.57793515969075,1.0240000486373901,0.09999999999999998,0.4039999999999999,-0.33299999999999996,28229.948635068853,39.49730623859601,27.634323037420213,646018382.9226999,-2561024.0,28312.377045990735,12.839658166935946,3016
3302,0.006581437756991818,460.57793515969075,1.0240000486373901,0.09999999999999998,0.4039999999999999,-0.33299999999999996,28403.84380966148,39.49730623859601,27.634323037420213,646018383.1787,1024.0,28498.04783168133,13.726180970674292,3016
3303,0.006302271769500077,460.57793515969075,1.0240000486373901,0.09999999999999998,0.4039999999999999,-0.33299999999999996,28396.194824325165,39.49730623859601,27.634323037420213,646018383.4347,2561024.0,28483.492599798385,13.213460975325132,3016
3304,0.004027410160596569,460.57793515969075,2.0479999780654907,0.6,0.4039999999999999,-0.33299999999999996,45936.274800357765,39.49730623859601,27.634323037420213,646018382.6667,-5122048.0,46039.440348984186,14.364229782791751,3016
3306,0.005145292342280927,460.57793515969075,1.0240000486373901,0.6,0.4039999999999999,-0.33299999999999996,28415.75111029197,39.49730623859601,27.634323037420213,646018383.1787,1024.0,28498.04783168133,12.829397599993598,3016
3308,0.0026564993862224448,460.57793515969075,2.0479999780654907,1.1,0.4039999999999999,-0.33299999999999996,45957.18972240552,39.49730623859601,27.634323037420213,646018382.6667,-5122048.0,46039.440348984186,12.82580419144664,3016
3324,0.007594204776235432,212.13203435596432,2.0479999780654907,0.09999999999999998,0.4079999999999999,-0.33299999999999996,45951.07251416048,39.2205141748441,27.7732260506231,646018382.6667,-5122048.0,46039.44034912567,13.2941968516484,3016
3328,0.004903799378035108,212.13203435596432,2.0479999780654907,0.6,0.4079999999999999,-0.33299999999999996,45959.197923590094,39.2205141748441,27.7732260506231,646018382.6667,-5122048.0,46039.44034912567,12.668261564679876,3016
3336,0.005070705916672239,460.57793515969075,2.0479999780654907,0.09999999999999998,0.4079999999999999,-0.33299999999999996,45925.934903072586,39.2205141748441,27.7732260506231,646018382.6667,-5122048.0,46039.44034912567,15.066880636222015,3016
3337,0.0060778908602831735,460.57793515969075,1.0240000486373901,0.09999999999999998,0.4079999999999999,-0.33299999999999996,28232.130348998417,39.2205141748441,27.7732260506231,646018382.9226999,-2561024.0,28312.377045977268,12.668598736944123,3016
3338,0.00646107978721613,460.57793515969075,1.0240000486373901,0.09999999999999998,0.4079999999999999,-0.33299999999999996,28407.912203832497,39.2205141748441,27.7732260506231,646018383.1787,1024.0,28498.047831820724,13.426513172691374,3016
3339,0.0060960403576639345,460.57793515969075,1.0240000486373901,0.09999999999999998,0.4079999999999999,-0.33299999999999996,28402.593434903116,39.2205141748441,27.7732260506231,646018383.4347,2561024.0,28483.492599961235,12.7199972529965,3016
3340,0.003986397415254248,460.57793515969075,2.0479999780654907,0.6,0.4079999999999999,-0.33299999999999996,45939.794787733685,39.2205141748441,27.7732260506231,646018382.6667,-5122048.0,46039.44034912567,14.117050782084938,3016
3342,0.005050509302950238,460.57793515969075,1.0240000486373901,0.6,0.4079999999999999,-0.33299999999999996,28419.67581783618,39.2205141748441,27.7732260506231,646018383.1787,1024.0,28498.047831820724,12.519745523335745,3016
3344,0.0026453580110207134,460.57793515969075,2.0479999780654907,1.1,0.4079999999999999,-0.33299999999999996,45959.245585934455,39.2205141748441,27.7732260506231,646018382.6667,-5122048.0,46039.44034912567,12.664498662893187,3016
3360,0.007985310971204267,212.13203435596432,2.0479999780654907,0.09999999999999998,0.4119999999999999,-0.33299999999999996,45942.64326063028,38.94696040521355,27.91231874466924,646018382.6667,-5122048.0,46039.44034884272,13.913812433150216,3016
3362,0.010065832328451369,212.13203435596432,1.0240000486373901,0.09999999999999998,0.4119999999999999,-0.33299999999999996,28422.264438650902,38.94696040521355,27.91231874466924,646018383.1787,1024.0,28498.047831696527,12.311246325667065,3016
3364,0.005163598267618913,212.13203435596432,2.0479999780654907,0.6,0.4119999999999999,-0.33299999999999996,45951.28468568944,38.94696040521355,27.91231874466924,646018382.6667,-5122048.0,46039.44034884272,13.27822752879919,3016
3368,0.0030060956057724416,212.13203435596432,2.0479999780654907,1.1,0.4119999999999999,-0.33299999999999996,45964.211143735694,38.94696040521355,27.91231874466924,646018382.6667,-5122048.0,46039.44034884272,12.266148956133325,3016
3372,0.0052737397333352054,460.57793515969075,2.0479999780654907,0.09999999999999998,0.4119999999999999,-0.33299999999999996,45917.69293870837,38.94696040521355,27.91231874466924,646018382.6667,-5122048.0,46039.44034884272,15.60432056414805,3016
3373,0.006139170227565258,460.57793515969075,1.0240000486373901,0.09999999999999998,0.4119999999999999,-0.33299999999999996,28231.25342689554,38.94696040521355,27.91231874466924,646018382.9226999,-2561024.0,28312.37704593337,12.737630787381889,3016
3374,0.00668300650454994,460.57793515969075,1.0240000486373901,0.09999999999999998,0.4119999999999999,-0.33299999999999996,28401.840755643017,38.94696040521355,27.91231874466924,646018383.1787,1024.0,28498.047831696527,13.87134283719567,3016
3375,0.006496208477938435,460.57793515969075,1.0240000486373901,0.09999999999999998,0.4119999999999999,-0.33299999999999996,28392.55564329149,38.94696040521355,27.91231874466924,646018383.4347,2561024.0,28483.49259966008,13.486063648714586,3016
3376,0.004167312914345415,460.57793515969075,2.0479999780654907,0.6,0.4119999999999999,-0.33299999999999996,45931.4764125707,38.94696040521355,27.91231874466924,646018382.6667,-5122048.0,46039.44034884272,14.694484425934723,3016
3378,0.005222117491019677,460.57793515969075,1.0240000486373901,0.6,0.4119999999999999,-0.33299999999999996,28414.440003496085,38.94696040521355,27.91231874466924,646018383.1787,1024.0,28498.047831696527,12.931189287953515,3016
3379,0.005068916857779676,460.57793515969075,1.0240000486373901,0.6,0.4119999999999999,-0.33299999999999996,28404.73050674203,38.94696040521355,27.91231874466924,646018383.4347,2561024.0,28483.49259966008,12.550863947796458,3016
3380,0.002777388948739998,460.57793515969075,2.0479999780654907,1.1,0.4119999999999999,-0.33299999999999996,45951.85312163906,38.94696040521355,27.91231874466924,646018382.6667,-5122048.0,46039.44034884272,13.23534866965413,3016
3396,0.008209972729817487,212.13203435596432,2.0479999780654907,0.09999999999999998,0.4159999999999999,-0.33299999999999996,45937.053473696986,38.676600686057434,28.05158719032618,646018382.6667,-5122048.0,46039.440348683194,14.309917888388359,3016
3398,0.010179950999734644,212.13203435596432,1.0240000486373901,0.09999999999999998,0.4159999999999999,-0.33299999999999996,28420.70958024329,38.676600686057434,28.05158719032618,646018383.1787,1024.0,28498.047831658925,12.43690085315763,3016
3400,0.005302504349134207,212.13203435596432,2.0479999780654907,0.6,0.4159999999999999,-0.33299999999999996,45946.55101919466,38.676600686057434,28.05158719032618,646018382.6667,-5122048.0,46039.440348683194,13.630064525785247,3016
3404,0.0030806447723109006,212.13203435596432,2.0479999780654907,1.1,0.4159999999999999,-0.33299999999999996,45960.70507140317,38.676600686057434,28.05158719032618,646018382.6667,-5122048.0,46039.440348683194,12.548727208766813,3016
3408,0.005399302630390119,460.57793515969075,2.0479999780654907,0.09999999999999998,0.4159999999999999,-0.33299999999999996,45911.618480509525,38.676600686057434,28.05158719032618,646018382.6667,-5122048.0,46039.440348683194,15.988862884750054,3016
3409,0.006284365253838274,460.57793515969075,1.0240000486373901,0.09999999999999998,0.4159999999999999,-0.33299999999999996,28227.034087693988,38.676600686057434,28.05158719032618,646018382.9226999,-2561024.0,28312.37704589205,13.06468202430228,3016
3410,0.006745757918780465,460.57793515969075,1.0240000486373901,0.09999999999999998,0.4159999999999999,-0.33299999999999996,28400.080327228756,38.676600686057434,28.05158719032618,646018383.1787,1024.0,28498.047831658925,13.99767869542442,3016
3411,0.00651918295134521,460.57793515969075,1.0240000486373901,0.09999999999999998,0.4159999999999999,-0.33299999999999996,28391.85051280698,38.676600686057434,28.05158719032618,646018383.4347,2561024.0,28483.492599641744,13.538248545123048,3016
3412,0.004269745586799509,460.57793515969075,2.0479999780654907,0.6,0.4159999999999999,-0.33299999999999996,45926.05873099562,38.676600686057434,28.05158719032618,646018382.6667,-5122048.0,46039.440348683194,15.058659813381608,3016
3414,0.005279255453271159,460.57793515969075,1.0240000486373901,0.6,0.4159999999999999,-0.33299999999999996,28412.83089923532,38.676600686057434,28.05158719032618,646018383.1787,1024.0,28498.047831658925,13.05503216569041,3016
3415,0.0050948220599406156,460.57793515969075,1.0240000486373901,0.6,0.4159999999999999,-0.33299999999999996,28404.053016620514,38.676600686057434,28.05158719032618,646018383.4347,2561024.0,28483.492599641744,12.604727924174377,3016
3416,0.002844377069707626,460.57793515969075,2.0479999780654907,1.1,0.4159999999999999,-0.33299999999999996,45947.789674016945,38.676600686057434,28.05158719032618,646018382.6667,-5122048.0,46039.440348683194,13.538882868704416,3016
3432,0.007991603555366928,212.13203435596432,2.0479999780654907,0.09999999999999998,0.41999999999999993,-0.33299999999999996,45943.497210028225,38.409391231851124,28.191017736531144,646018382.6667,-5122048.0,46039.44034895359,13.852302258134994,3016
3436,0.005153172612356339,212.13203435596432,2.0479999780654907,0.6,0.41999999999999993,-0.33299999999999996,45952.495701440566,38.409391231851124,28.191017736531144,646018382.6667,-5122048.0,46039.44034895359,13.186709029399594,3016
3444,0.00527415932835635,460.57793515969075,2.0479999780654907,0.09999999999999998,0.41999999999999993,-0.33299999999999996,45918.718439804514,38.409391231851124,28.191017736531144,646018382.6667,-5122048.0,46039.44034895359,15.538462546151532,3016
3445,0.006166894299327283,460.57793515969075,1.0240000486373901,0.09999999999999998,0.41999999999999993,-0.33299999999999996,28230.76629637977,38.409391231851124,28.191017736531144,646018382.9226999,-2561024.0,28312.37704607396,12.775816975379017,3016
3446,0.006457351422580703,460.57793515969075,1.0240000486373901,0.09999999999999998,0.41999999999999993,-0.33299999999999996,28409.450423257014,38.409391231851124,28.191017736531144,646018383.1787,1024.0,28498.047831946995,13.31145436757235,3016
3447,0.006355739573050082,460.57793515969075,1.0240000486373901,0.09999999999999998,0.41999999999999993,-0.33299999999999996,28397.51126184837,38.409391231851124,28.191017736531144,646018383.4347,2561024.0,28483.492599772697,13.113454001469469,3016
3448,0.0041623880661879695,460.57793515969075,2.0479999780654907,0.6,0.41999999999999993,-0.33299999999999996,45932.710183682044,38.409391231851124,28.191017736531144,646018382.6667,-5122048.0,46039.44034895359,14.610281672270858,3016
3450,0.0050309185061405675,460.57793515969075,1.0240000486373901,0.6,0.41999999999999993,-0.33299999999999996,28421.672410974854,38.409391231851124,28.191017736531144,646018383.1787,1024.0,28498.047831946995,12.35924115568112,3016
3452,0.0027602149927019076,460.57793515969075,2.0479999780654907,1.1,0.41999999999999993,-0.33299999999999996,45953.746851515265,38.409391231851124,28.191017736531144,646018382.6667,-5122048.0,46039.44034895359,13.091485587077253,3016
3468,0.007783624707102152,212.13203435596432,2.0479999780654907,0.09999999999999998,0.42399999999999993,-0.33299999999999996,45949.93018541928,38.14528872328239,28.330597006287153,646018382.6667,-5122048.0,46039.44034916285,13.379847812554932,3016
3472,0.005039524375254064,212.13203435596432,2.0479999780654907,0.6,0.42399999999999993,-0.33299999999999996,45957.77745588901,38.14528872328239,28.330597006287153,646018382.6667,-5122048.0,46039.44034916285,12.779897751847514,3016
3480,0.005182709816083152,460.57793515969075,2.0479999780654907,0.09999999999999998,0.42399999999999993,-0.33299999999999996,45924.32666752963,38.14528872328239,28.330597006287153,646018382.6667,-5122048.0,46039.44034916285,15.173244981427972,3016
3481,0.006341561861831383,460.57793515969075,1.0240000486373901,0.09999999999999998,0.42399999999999993,-0.33299999999999996,28227.525182932062,38.14528872328239,28.330597006287153,646018382.9226999,-2561024.0,28312.37704587878,13.027038262530592,3016
3482,0.0066970675714814795,460.57793515969075,1.0240000486373901,0.09999999999999998,0.42399999999999993,-0.33299999999999996,28404.44764474831,38.14528872328239,28.330597006287153,646018383.1787,1024.0,28498.0478317117,13.682118765994616,3016
3483,0.006206846428408968,460.57793515969075,1.0240000486373901,0.09999999999999998,0.42399999999999993,-0.33299999999999996,28402.870195119533,38.14528872328239,28.330597006287153,646018383.4347,2561024.0,28483.492599889647,12.698220723401715,3016
3484,0.004089910411257246,460.57793515969075,2.0479999780654907,0.6,0.42399999999999993,-0.33299999999999996,45938.04148247828,38.14528872328239,28.330597006287153,646018382.6667,-5122048.0,46039.44034916285,14.240706912549596,3016
3485,0.0050132850478391815,460.57793515969075,1.0240000486373901,0.6,0.42399999999999993,-0.33299999999999996,28237.083281275645,38.14528872328239,28.330597006287153,646018382.9226999,-2561024.0,28312.37704587878,12.271411051964241,3016
3486,0.005293465705191491,460.57793515969075,1.0240000486373901,0.6,0.42399999999999993,-0.33299999999999996,28415.137168802998,38.14528872328239,28.330597006287153,646018383.1787,1024.0,28498.0478317117,12.877162956855338,3016
3488,0.002724353037184838,460.57793515969075,2.0479999780654907,1.1,0.42399999999999993,-0.33299999999999996,45957.41378892613,38.14528872328239,28.330597006287153,646018382.6667,-5122048.0,46039.44034916285,12.808322312989663,3016
3504,0.007255582549816028,212.13203435596432,2.0479999780654907,0.09999999999999998,0.42799999999999994,-0.33299999999999996,45962.46353921408,37.88425031437065,28.470311892564013,646018382.6667,-5122048.0,46039.44034979736,12.407804848826768,3016
3516,0.004940463143745918,460.57793515969075,2.0479999780654907,0.09999999999999998,0.42799999999999994,-0.33299999999999996,45935.95204946476,37.88425031437065,28.470311892564013,646018382.6667,-5122048.0,46039.44034979736,14.386681363858942,3016
3518,0.006545012898895802,460.57793515969075,1.0240000486373901,0.09999999999999998,0.42799999999999994,-0.33299999999999996,28409.616220888067,37.88425031437065,28.470311892564013,646018383.1787,1024.0,28498.047832011012,13.298993279413708,3016
3519,0.006142829361552775,460.57793515969075,1.0240000486373901,0.09999999999999998,0.42799999999999994,-0.33299999999999996,28404.96002820949,37.88425031437065,28.470311892564013,646018383.4347,2561024.0,28483.492600120415,12.532563338034574,3016
3520,0.0038352712472727113,460.57793515969075,2.0479999780654907,0.6,0.42799999999999994,-0.33299999999999996,45951.35361862371,37.88425031437065,28.470311892564013,646018382.6667,-5122048.0,46039.44034979736,13.273035159574547,3016
3522,0.005102134620072353,460.57793515969075,1.0240000486373901,0.6,0.42799999999999994,-0.33299999999999996,28422.033990469627,37.88425031437065,28.470311892564013,646018383.1787,1024.0,28498.047832011012,12.329950652081765,3016
3540,0.007502747018473881,212.13203435596432,2.0479999780654907,0.09999999999999998,0.43199999999999994,-0.33299999999999996,45956.99160268136,37.62623363866979,28.610149554208494,646018382.6667,-5122048.0,46039.440349624885,12.841241913734528,3016
3552,0.005076916638998231,460.57793515969075,2.0479999780654907,0.09999999999999998,0.43199999999999994,-0.33299999999999996,45929.71165498358,37.62623363866979,28.610149554208494,646018382.6667,-5122048.0,46039.440349624885,14.814094278173593,3016
3553,0.006049191571715353,460.57793515969075,1.0240000486373901,0.09999999999999998,0.43199999999999994,-0.33299999999999996,28235.688238110088,37.62623363866979,28.610149554208494,646018382.9226999,-2561024.0,28312.37704631423,12.384571708714073,3016
3554,0.006803703585374415,460.57793515969075,1.0240000486373901,0.09999999999999998,0.43199999999999994,-0.33299999999999996,28402.026396846846,37.62623363866979,28.610149554208494,646018383.1787,1024.0,28498.047831823667,13.857953310415011,3016
3555,0.0062406300473606575,460.57793515969075,1.0240000486373901,0.09999999999999998,0.43199999999999994,-0.33299999999999996,28402.43497580441,37.62623363866979,28.610149554208494,646018383.4347,2561024.0,28483.492600048317,12.732448644617074,3016
3556,0.003945354088018104,460.57793515969075,2.0479999780654907,0.6,0.43199999999999994,-0.33299999999999996,45945.966836003325,37.62623363866979,28.610149554208494,646018382.6667,-5122048.0,46039.440349624885,13.672857318173142,3016
3558,0.005320559811383359,460.57793515969075,1.0240000486373901,0.6,0.43199999999999994,-0.33299999999999996,28415.013842901062,37.62623363866979,28.610149554208494,646018383.1787,1024.0,28498.047831823667,12.886736508721299,3016
3576,0.007720362584168929,212.13203435596432,2.0479999780654907,0.09999999999999998,0.43599999999999994,-0.33299999999999996,45952.34594917361,37.3711968146067,28.750097411867863,646018382.6667,-5122048.0,46039.44034931996,13.198060474656902,3016
3580,0.004986146734147545,212.13203435596432,2.0479999780654907,0.6,0.43599999999999994,-0.33299999999999996,45960.33326676534,37.3711968146067,28.750097411867863,646018382.6667,-5122048.0,46039.44034931996,12.578321235730897,3016
3588,0.005142879164848657,460.57793515969075,2.0479999780654907,0.09999999999999998,0.43599999999999994,-0.33299999999999996,45927.402678633865,37.3711968146067,28.750097411867863,646018382.6667,-5122048.0,46039.44034931996,14.969146314074933,3016
3589,0.0059987815361794055,460.57793515969075,1.0240000486373901,0.09999999999999998,0.43599999999999994,-0.33299999999999996,28237.208245642883,37.3711968146067,28.750097411867863,646018382.9226999,-2561024.0,28312.377046273046,12.261223481379245,3016
3590,0.006452184721123462,460.57793515969075,1.0240000486373901,0.09999999999999998,0.43599999999999994,-0.33299999999999996,28411.32617318781,37.3711968146067,28.750097411867863,646018383.1787,1024.0,28498.047832035725,13.169788065714409,3016
3591,0.00604200633748301,460.57793515969075,1.0240000486373901,0.09999999999999998,0.43599999999999994,-0.33299999999999996,28407.408373418762,37.3711968146067,28.750097411867863,646018383.4347,2561024.0,28483.492600156253,12.33565780471314,3016
3592,0.0040516746692978575,460.57793515969075,2.0479999780654907,0.6,0.43599999999999994,-0.33299999999999996,45941.01988348629,37.3711968146067,28.750097411867863,646018382.6667,-5122048.0,46039.44034931996,14.03000112855787,3016
3596,0.0026885039026850357,460.57793515969075,2.0479999780654907,1.1,0.43599999999999994,-0.33299999999999996,45960.4043385093,37.3711968146067,28.750097411867863,646018382.6667,-5122048.0,46039.44034931996,12.57266962984825,3016
3612,0.007769646115607893,212.13203435596432,2.0479999780654907,0.09999999999999998,0.4019999999999999,-0.32999999999999996,45943.174769830635,39.38241940987317,27.478941066340177,646018382.6667,-5122048.0,46039.44034867026,13.875559724899196,3016
3614,0.010001968275847022,212.13203435596432,1.0240000486373901,0.09999999999999998,0.4019999999999999,-0.32999999999999996,28419.910630456143,39.38241940987317,27.478941066340177,646018383.1787,1024.0,28498.047831512933,12.500976046436552,3016
3616,0.005031152287749761,212.13203435596432,2.0479999780654907,0.6,0.4019999999999999,-0.32999999999999996,45951.276857329365,39.38241940987317,27.478941066340177,646018382.6667,-5122048.0,46039.44034867026,13.278817066357417,3016
3620,0.0029310065544660793,212.13203435596432,2.0479999780654907,1.1,0.4019999999999999,-0.32999999999999996,45963.94326332224,39.38241940987317,27.478941066340177,646018382.6667,-5122048.0,46039.44034867026,12.28796853414095,3016
3624,0.00513523836820115,460.57793515969075,2.0479999780654907,0.09999999999999998,0.4019999999999999,-0.32999999999999996,45919.527646691546,39.38241940987317,27.478941066340177,646018382.6667,-5122048.0,46039.44034867026,15.486297296559432,3016
3625,0.0060793258396914535,460.57793515969075,1.0240000486373901,0.09999999999999998,0.4019999999999999,-0.32999999999999996,28229.667639277806,39.38241940987317,27.478941066340177,646018382.9226999,-2561024.0,28312.377045907506,12.86152453091775,3016
3626,0.006634029865920265,460.57793515969075,1.0240000486373901,0.09999999999999998,0.4019999999999999,-0.32999999999999996,28400.111802804102,39.38241940987317,27.478941066340177,646018383.1787,1024.0,28498.047831512933,13.995429876129647,3016
3627,0.006393669248432552,460.57793515969075,1.0240000486373901,0.09999999999999998,0.4019999999999999,-0.32999999999999996,28392.280402150634,39.38241940987317,27.478941066340177,646018383.4347,2561024.0,28483.492599516136,13.506457519683035,3016
3628,0.004055786566056482,460.57793515969075,2.0479999780654907,0.6,0.4019999999999999,-0.32999999999999996,45932.40820487838,39.38241940987317,27.478941066340177,646018382.6667,-5122048.0,46039.44034867026,14.63093597770666,3016
3630,0.005181802943125092,460.57793515969075,1.0240000486373901,0.6,0.4019999999999999,-0.32999999999999996,28412.275898953387,39.38241940987317,27.478941066340177,646018383.1787,1024.0,28498.047831512933,13.097475524660945,3016
3631,0.004995128188770818,460.57793515969075,1.0240000486373901,0.6,0.4019999999999999,-0.32999999999999996,28403.87598290719,39.38241940987317,27.478941066340177,646018383.4347,2561024.0,28483.492599516136,12.618765122542385,3016
3632,0.0027035050947809966,460.57793515969075,2.0479999780654907,1.1,0.4019999999999999,-0.32999999999999996,45952.053985922365,39.38241940987317,27.478941066340177,646018382.6667,-5122048.0,46039.44034867026,13.22016359565139,3016
3648,0.00763995935907657,212.13203435596432,2.0479999780654907,0.09999999999999998,0.4059999999999999,-0.32999999999999996,45947.033005905105,39.10448298763066,27.61846810324164,646018382.6667,-5122048.0,46039.440348852935,13.594656519958887,3016
3652,0.0049397381902763484,212.13203435596432,2.0479999780654907,0.6,0.4059999999999999,-0.32999999999999996,45954.96792267211,39.10448298763066,27.61846810324164,646018382.6667,-5122048.0,46039.440348852935,12.997878763923163,3016
3660,0.005060726464114377,460.57793515969075,2.0479999780654907,0.09999999999999998,0.4059999999999999,-0.32999999999999996,45923.96007893019,39.10448298763066,27.61846810324164,646018382.6667,-5122048.0,46039.440348852935,15.197385954350432,3016
3661,0.00593615894155296,460.57793515969075,1.0240000486373901,0.09999999999999998,0.4059999999999999,-0.32999999999999996,28234.36111137233,39.10448298763066,27.61846810324164,646018382.9226999,-2561024.0,28312.377045993762,12.491271722401317,3016
3662,0.006347461916798168,460.57793515969075,1.0240000486373901,0.09999999999999998,0.4059999999999999,-0.32999999999999996,28409.098749320554,39.10448298763066,27.61846810324164,646018383.1787,1024.0,28498.0478317746,13.337847086696144,3016
3663,0.0061507394664930175,460.57793515969075,1.0240000486373901,0.09999999999999998,0.4059999999999999,-0.32999999999999996,28399.427603834905,39.10448298763066,27.61846810324164,646018383.4347,2561024.0,28483.492599845067,12.966494978224597,3016
3664,0.0039898003115594926,460.57793515969075,2.0479999780654907,0.6,0.4059999999999999,-0.32999999999999996,45936.603042594215,39.10448298763066,27.61846810324164,646018382.6667,-5122048.0,46039.440348852935,14.341360204577512,3016
3666,0.004945618771145357,460.57793515969075,1.0240000486373901,0.6,0.4059999999999999,-0.32999999999999996,28420.596679501297,39.10448298763066,27.61846810324164,646018383.1787,1024.0,28498.0478317746,12.445975435722263,3016
3668,0.0026504754971177955,460.57793515969075,2.0479999780654907,1.1,0.4059999999999999,-0.32999999999999996,45955.91033393913,39.10448298763066,27.61846810324164,646018382.6667,-5122048.0,46039.440348852935,12.925170398397512,3016
3684,0.007507623270449215,212.13203435596432,2.0479999780654907,0.09999999999999998,0.4099999999999999,-0.32999999999999996,45951.04134730322,38.829824904970394,27.75818638256185,646018382.6667,-5122048.0,46039.440349095006,13.2965410383144,3016
3688,0.004830378829993817,212.13203435596432,2.0479999780654907,0.6,0.4099999999999999,-0.32999999999999996,45959.68796216634,38.829824904970394,27.75818638256185,646018382.6667,-5122048.0,46039.440349095006,12.62951993772265,3016
3696,0.0050240838130924705,460.57793515969075,2.0479999780654907,0.09999999999999998,0.4099999999999999,-0.32999999999999996,45926.269575590944,38.829824904970394,27.75818638256185,646018382.6667,-5122048.0,46039.440349095006,15.044651774239362,3016
3697,0.005917850494669671,460.57793515969075,1.0240000486373901,0.09999999999999998,0.4099999999999999,-0.32999999999999996,28235.193652387636,38.829824904970394,27.75818638256185,646018382.9226999,-2561024.0,28312.3770461057,12.42444314390497,3016
3698,0.006533083961015132,460.57793515969075,1.0240000486373901,0.09999999999999998,0.4099999999999999,-0.32999999999999996,28404.29564670424,38.829824904970394,27.75818638256185,646018383.1787,1024.0,28498.04783173625,13.693223508875604,3016
3699,0.006281095908582358,460.57793515969075,1.0240000486373901,0.09999999999999998,0.4099999999999999,-0.32999999999999996,28396.46849390572,38.829824904970394,27.75818638256185,646018383.4347,2561024.0,28483.492599754,13.192733291345087,3016
3700,0.003933951431113145,460.57793515969075,2.0479999780654907,0.6,0.4099999999999999,-0.32999999999999996,45940.44068573489,38.829824904970394,27.75818638256185,646018382.6667,-5122048.0,46039.440349095006,14.071223355495325,3016
3702,0.005073448734916167,460.57793515969075,1.0240000486373901,0.6,0.4099999999999999,-0.32999999999999996,28417.1813763914,38.829824904970394,27.75818638256185,646018383.1787,1024.0,28498.04783173625,12.717425474116268,3016
3704,0.0025963306899592507,460.57793515969075,2.0479999780654907,1.1,0.4099999999999999,-0.32999999999999996,45960.42516499127,38.829824904970394,27.75818638256185,646018382.6667,-5122048.0,46039.440349095006,12.571013014370546,3016
3720,0.007499218888754748,212.13203435596432,2.0479999780654907,0.09999999999999998,0.4139999999999999,-0.32999999999999996,45951.53155845941,38.558399900664966,27.89808182370671,646018382.6667,-5122048.0,46039.44034917617,13.259622220618745,3016
3724,0.004799869686550336,212.13203435596432,2.0479999780654907,0.6,0.4139999999999999,-0.32999999999999996,45961.02050668032,38.558399900664966,27.89808182370671,646018382.6667,-5122048.0,46039.44034917617,12.523565186946744,3016
3732,0.005048899773450414,460.57793515969075,2.0479999780654907,0.09999999999999998,0.4139999999999999,-0.32999999999999996,45925.41231017321,38.558399900664966,27.89808182370671,646018382.6667,-5122048.0,46039.44034917617,15.101525684708708,3016
3733,0.0058883495060286315,460.57793515969075,1.0240000486373901,0.09999999999999998,0.4139999999999999,-0.32999999999999996,28236.42652227913,38.558399900664966,27.89808182370671,646018382.9226999,-2561024.0,28312.37704616071,12.32481430947988,3016
3734,0.006312627137155849,460.57793515969075,1.0240000486373901,0.09999999999999998,0.4139999999999999,-0.32999999999999996,28410.931216391855,38.558399900664966,27.89808182370671,646018383.1787,1024.0,28498.047831974865,13.199743602283384,3016
3735,0.0060667829170697,460.57793515969075,1.0240000486373901,0.09999999999999998,0.4139999999999999,-0.32999999999999996,28402.79011227465,38.558399900664966,27.89808182370671,646018383.4347,2561024.0,28483.49260000514,12.704525786544464,3016
3736,0.0039310697918607624,460.57793515969075,2.0479999780654907,0.6,0.4139999999999999,-0.32999999999999996,45940.92953282725,38.558399900664966,27.89808182370671,646018382.6667,-5122048.0,46039.44034917617,14.03643945941565,3016
3740,0.0025775840285945394,460.57793515969075,2.0479999780654907,1.1,0.4139999999999999,-0.32999999999999996,45961.93796690682,38.558399900664966,27.89808182370671,646018382.6667,-5122048.0,46039.44034917617,12.450090944996942,3016
3756,0.007881128587576622,212.13203435596432,2.0479999780654907,0.09999999999999998,0.4179999999999999,-0.32999999999999996,45942.67649845928,38.29016319224307,28.038140629198008,646018382.6667,-5122048.0,46039.44034872721,13.911423382812098,3016
3760,0.005106696818018249,212.13203435596432,2.0479999780654907,0.6,0.4179999999999999,-0.32999999999999996,45950.930452687855,38.29016319224307,28.038140629198008,646018382.6667,-5122048.0,46039.44034872721,13.304878506724636,3016
3764,0.0029836075944288053,212.13203435596432,2.0479999780654907,1.1,0.4179999999999999,-0.32999999999999996,45963.40772328897,38.29016319224307,28.038140629198008,646018382.6667,-5122048.0,46039.44034872721,12.331473994477548,3016
3768,0.005215176944215595,460.57793515969075,2.0479999780654907,0.09999999999999998,0.4179999999999999,-0.32999999999999996,45918.0822238239,38.29016319224307,28.038140629198008,646018382.6667,-5122048.0,46039.44034872721,15.579353317985227,3016
3769,0.006099401488315472,460.57793515969075,1.0240000486373901,0.09999999999999998,0.4179999999999999,-0.32999999999999996,28230.2713751905,38.29016319224307,28.038140629198008,646018382.9226999,-2561024.0,28312.377045968227,12.814497319655418,3016
3770,0.006537264441319153,460.57793515969075,1.0240000486373901,0.09999999999999998,0.4179999999999999,-0.32999999999999996,28404.415210679974,38.29016319224307,28.038140629198008,646018383.1787,1024.0,28498.047831702268,13.684489104259185,3016
3771,0.006291871015022239,460.57793515969075,1.0240000486373901,0.09999999999999998,0.4179999999999999,-0.32999999999999996,28396.99517608074,38.29016319224307,28.038140629198008,646018383.4347,2561024.0,28483.492599651698,13.152750554234352,3016
3772,0.004120778430109783,460.57793515969075,2.0479999780654907,0.6,0.4179999999999999,-0.32999999999999996,45931.46331714868,38.29016319224307,28.038140629198008,646018382.6667,-5122048.0,46039.44034872721,14.695375570466249,3016
3774,0.005100496447255949,460.57793515969075,1.0240000486373901,0.6,0.4179999999999999,-0.32999999999999996,28416.71274224843,38.29016319224307,28.038140629198008,646018383.1787,1024.0,28498.047831702268,12.75422200322999,3016
3775,0.004925415088455445,460.57793515969075,1.0240000486373901,0.6,0.4179999999999999,-0.32999999999999996,28407.768411226116,38.29016319224307,28.038140629198008,646018383.4347,2561024.0,28483.492599651698,12.30643639934663,3016
3776,0.002753008948731024,460.57793515969075,2.0479999780654907,1.1,0.4179999999999999,-0.32999999999999996,45951.251230171794,38.29016319224307,28.038140629198008,646018382.6667,-5122048.0,46039.44034872721,13.280746858171213,3016
3792,0.007641745585520055,212.13203435596432,2.0479999780654907,0.09999999999999998,0.42199999999999993,-0.32999999999999996,45949.29665848531,38.025070484003855,28.17834928043026,646018382.6667,-5122048.0,46039.44034896501,13.427113649604204,3016
3796,0.004955707982041278,212.13203435596432,2.0479999780654907,0.6,0.42199999999999993,-0.32999999999999996,45956.75294805869,38.025070484003855,28.17834928043026,646018382.6667,-5122048.0,46039.44034896501,12.859813443928154,3016
3804,0.0050936928266991305,460.57793515969075,2.0479999780654907,0.09999999999999998,0.42199999999999993,-0.32999999999999996,45924.44023813154,38.025070484003855,28.17834928043026,646018382.6667,-5122048.0,46039.44034896501,15.165758196243871,3016
3805,0.006104217082718732,460.57793515969075,1.0240000486373901,0.09999999999999998,0.42199999999999993,-0.32999999999999996,28231.08288167691,38.025070484003855,28.17834928043026,646018382.9226999,-2561024.0,28312.377045895362,12.751012839649434,3016
3806,0.00646111332096076,460.57793515969075,1.0240000486373901,0.09999999999999998,0.42199999999999993,-0.32999999999999996,28407.796203028713,38.025070484003855,28.17834928043026,646018383.1787,1024.0,28498.04783171587,13.435150068916817,3016
3807,0.006101418428455535,460.57793515969075,1.0240000486373901,0.09999999999999998,0.42199999999999993,-0.32999999999999996,28402.78736567276,38.025070484003855,28.17834928043026,646018383.4347,2561024.0,28483.492599849913,12.704741963310573,3016
3808,0.004018107629439755,460.57793515969075,2.0479999780654907,0.6,0.42199999999999993,-0.32999999999999996,45937.55963780333,38.025070484003855,28.17834928043026,646018382.6667,-5122048.0,46039.44034896501,14.27450252454894,3016
3810,0.005076485896979294,460.57793515969075,1.0240000486373901,0.6,0.42199999999999993,-0.32999999999999996,28418.540816507066,38.025070484003855,28.17834928043026,646018383.1787,1024.0,28498.04783171587,12.610076542892566,3016
3812,0.002680091056468904,460.57793515969075,2.0479999780654907,1.1,0.42199999999999993,-0.32999999999999996,45956.3783627073,38.025070484003855,28.17834928043026,646018382.6667,-5122048.0,46039.44034896501,12.888908895457968,3016
3828,0.00761424511963872,212.13203435596432,2.0479999780654907,0.09999999999999998,0.42599999999999993,-0.32999999999999996,45951.17509511742,37.763077974032,28.318694533435057,646018382.6667,-5122048.0,46039.44034912278,13.286478390104767,3016
3832,0.0049183020698414966,212.13203435596432,2.0479999780654907,0.6,0.42599999999999993,-0.32999999999999996,45959.194081698646,37.763077974032,28.318694533435057,646018382.6667,-5122048.0,46039.44034912278,12.668564829856015,3016
3840,0.005107850066363827,460.57793515969075,2.0479999780654907,0.09999999999999998,0.42599999999999993,-0.32999999999999996,45925.30354178196,37.763077974032,28.318694533435057,646018382.6667,-5122048.0,46039.44034912278,15.108726441418927,3016
3841,0.0061703342768385065,460.57793515969075,1.0240000486373901,0.09999999999999998,0.42599999999999993,-0.32999999999999996,28230.778753961677,37.763077974032,28.318694533435057,646018382.9226999,-2561024.0,28312.377045895577,12.774841833377064,3016
3842,0.006440076776241841,460.57793515969075,1.0240000486373901,0.09999999999999998,0.42599999999999993,-0.32999999999999996,28409.987524057444,37.763077974032,28.318694533435057,646018383.1787,1024.0,28498.04783180556,13.27104425040602,3016
3843,0.005969839812351025,460.57793515969075,1.0240000486373901,0.09999999999999998,0.42599999999999993,-0.32999999999999996,28407.66319362519,37.763077974032,28.318694533435057,646018383.4347,2561024.0,28483.492600037564,12.314983265305148,3016
3844,0.004009709618865723,460.57793515969075,2.0479999780654907,0.6,0.42599999999999993,-0.32999999999999996,45939.42647509792,37.763077974032,28.318694533435057,646018382.6667,-5122048.0,46039.44034912278,14.1431166314118,3016
3846,0.005055684596051804,460.57793515969075,1.0240000486373901,0.6,0.42599999999999993,-0.32999999999999996,28420.69654183292,37.763077974032,28.318694533435057,646018383.1787,1024.0,28498.04783180556,12.437949185668922,3016
3848,0.0026585252390493004,460.57793515969075,2.0479999780654907,1.1,0.42599999999999993,-0.32999999999999996,45958.96482489815,37.763077974032,28.318694533435057,646018382.6667,-5122048.0,46039.44034912278,12.686648432476716,3016
3876,0.004655017348682317,460.57793515969075,2.0479999780654907,0.09999999999999998,0.42999999999999994,-0.32999999999999996,45944.42568040075,37.504142360270144,28.459163414657443,646018382.6667,-5122048.0,46039.44035008998,13.785112962121575,3016
3878,0.006308363623208797,460.57793515969075,1.0240000486373901,0.09999999999999998,0.42999999999999994,-0.32999999999999996,28413.285527522443,37.504142360270144,28.459163414657443,646018383.1787,1024.0,28498.047831995194,13.020161632848616,3016
3880,0.003557614447220254,460.57793515969075,2.0479999780654907,0.6,0.42999999999999994,-0.32999999999999996,45960.50807824025,37.504142360270144,28.459163414657443,646018382.6667,-5122048.0,46039.44035008998,12.564415772309339,3016
3900,0.0071837879643244515,212.13203435596432,2.0479999780654907,0.09999999999999998,0.43399999999999994,-0.32999999999999996,45960.87890338011,37.24822084570329,28.599743216748408,646018382.6667,-5122048.0,46039.44034949552,12.534867060755845,3016
3912,0.004853294815180157,460.57793515969075,2.0479999780654907,0.09999999999999998,0.43399999999999994,-0.32999999999999996,45936.5201091576,37.24822084570329,28.599743216748408,646018382.6667,-5122048.0,46039.44034949552,14.347141899201858,3016
3914,0.006326818370664491,460.57793515969075,1.0240000486373901,0.09999999999999998,0.43399999999999994,-0.32999999999999996,28412.832813835394,37.24822084570329,28.599743216748408,646018383.1787,1024.0,28498.047831962816,13.054885532046828,3016
3916,0.003799067190281848,460.57793515969075,2.0479999780654907,0.6,0.43399999999999994,-0.32999999999999996,45949.70592773479,37.24822084570329,28.599743216748408,646018382.6667,-5122048.0,46039.44034949552,13.396598207062231,3016
3936,0.007348740073057887,212.13203435596432,2.0479999780654907,0.09999999999999998,0.43799999999999994,-0.32999999999999996,45956.47680429775,36.995271142707146,28.740421494377333,646018382.6667,-5122048.0,46039.440349295335,12.881268959041503,3016
3940,0.004754455590511529,212.13203435596432,2.0479999780654907,0.6,0.43799999999999994,-0.32999999999999996,45963.65599195131,36.995271142707146,28.740421494377333,646018382.6667,-5122048.0,46039.440349295335,12.311324652045037,3016
3948,0.004919616584127857,460.57793515969075,2.0479999780654907,0.09999999999999998,0.43799999999999994,-0.32999999999999996,45933.04450824205,36.995271142707146,28.740421494377333,646018382.6667,-5122048.0,46039.440349295335,14.587380920047769,3016
3950,0.00616021428093699,460.57793515969075,1.0240000486373901,0.09999999999999998,0.43799999999999994,-0.32999999999999996,28416.572706622545,36.995271142707146,28.740421494377333,646018383.1787,1024.0,28498.04783209227,12.765196862541975,3016
3952,0.0038679744534588856,460.57793515969075,2.0479999780654907,0.6,0.43799999999999994,-0.32999999999999996,45945.61816531312,36.995271142707146,28.740421494377333,646018382.6667,-5122048.0,46039.440349295335,13.698334496004577,3016
3956,0.0025652372126734853,460.57793515969075,2.0479999780654907,1.1,0.43799999999999994,-0.32999999999999996,45963.738378673355,36.995271142707146,28.740421494377333,646018382.6667,-5122048.0,46039.440349295335,12.30463088613225,3016
3972,0.007237733066369436,212.13203435596432,2.0479999780654907,0.09999999999999998,0.3999999999999999,-0.32699999999999996,45959.38538840661,39.26599853770454,27.32321536493531,646018382.6667,-5122048.0,46039.440349380195,12.653454941128343,3016
3984,0.0048604371731849816,460.57793515969075,2.0479999780654907,0.09999999999999998,0.3999999999999999,-0.32699999999999996,45935.63665424227,39.26599853770454,27.32321536493531,646018382.6667,-5122048.0,46039.440349380195,14.408587379609799,3016
3985,0.005990856994356945,460.57793515969075,1.0240000486373901,0.09999999999999998,0.3999999999999999,-0.32699999999999996,28235.17108103861,39.26599853770454,27.32321536493531,646018382.9226999,-2561024.0,28312.377046059522,12.426259696377837,3016
3986,0.006428383765834108,460.57793515969075,1.0240000486373901,0.09999999999999998,0.3999999999999999,-0.32699999999999996,28409.419711773968,39.26599853770454,27.32321536493531,646018383.1787,1024.0,28498.047831898835,13.313761311129742,3016
3987,0.0060574963333582315,460.57793515969075,1.0240000486373901,0.09999999999999998,0.3999999999999999,-0.32699999999999996,28404.196032864387,39.26599853770454,27.32321536493531,646018383.4347,2561024.0,28483.492599977904,12.59337660149311,3016
3988,0.0038264232302203075,460.57793515969075,2.0479999780654907,0.6,0.3999999999999999,-0.32699999999999996,45947.97949508188,39.26599853770454,27.32321536493531,646018382.6667,-5122048.0,46039.440349380195,13.52485521536637,3016
3990,0.005006294661496032,460.57793515969075,1.0240000486373901,0.6,0.3999999999999999,-0.32699999999999996,28421.543221625285,39.26599853770454,27.32321536493531,646018383.1787,1024.0,28498.047831898835,12.369689589763398,3016
4008,0.008018471850857675,212.13203435596432,2.0479999780654907,0.09999999999999998,0.4039999999999999,-0.32699999999999996,45941.54860104476,38.986914018335696,27.463369591778996,646018382.6667,-5122048.0,46039.44034870972,13.99226555386695,3016
4012,0.005218418866133226,212.13203435596432,2.0479999780654907,0.6,0.4039999999999999,-0.32699999999999996,45948.91865763169,38.986914018335696,27.463369591778996,646018382.6667,-5122048.0,46039.44034870972,13.455236235609474,3016
4016,0.0030597499509124665,212.13203435596432,2.0479999780654907,1.1,0.4039999999999999,-0.32699999999999996,45960.919227302475,38.986914018335696,27.463369591778996,646018382.6667,-5122048.0,46039.44034870972,12.531649644579748,3016
4020,0.005258373935662788,460.57793515969075,2.0479999780654907,0.09999999999999998,0.4039999999999999,-0.32699999999999996,45918.47401044482,38.986914018335696,27.463369591778996,646018382.6667,-5122048.0,46039.44034870972,15.55418517730205,3016
4021,0.005980227012480466,460.57793515969075,1.0240000486373901,0.09999999999999998,0.4039999999999999,-0.32699999999999996,28235.72463449548,38.986914018335696,27.463369591778996,646018382.9226999,-2561024.0,28312.377046104924,12.381632494097396,3016
4022,0.006543447463135744,460.57793515969075,1.0240000486373901,0.09999999999999998,0.4039999999999999,-0.32699999999999996,28406.100542066873,38.986914018335696,27.463369591778996,646018383.1787,1024.0,28498.0478318282,13.560773559154125,3016
4023,0.006525742074851629,460.57793515969075,1.0240000486373901,0.09999999999999998,0.4039999999999999,-0.32699999999999996,28391.11002489529,38.986914018335696,27.463369591778996,646018383.4347,2561024.0,28483.492599585716,13.592834486627565,3016
4024,0.00418325279032409,460.57793515969075,2.0479999780654907,0.6,0.4039999999999999,-0.32699999999999996,45930.342813878226,38.986914018335696,27.463369591778996,646018382.6667,-5122048.0,46039.44034870972,14.77142747546742,3016
4026,0.005097929876815138,460.57793515969075,1.0240000486373901,0.6,0.4039999999999999,-0.32699999999999996,28418.551693984635,38.986914018335696,27.463369591778996,646018383.1787,1024.0,28498.0478318282,12.609213920270012,3016
4027,0.005102412142033113,460.57793515969075,1.0240000486373901,0.6,0.4039999999999999,-0.32699999999999996,28403.03721350567,38.986914018335696,27.463369591778996,646018383.4347,2561024.0,28483.492599585716,12.68506098369608,3016
4028,0.002812223186885853,460.57793515969075,2.0479999780654907,1.1,0.4039999999999999,-0.32699999999999996,45949.073530737405,38.986914018335696,27.463369591778996,646018382.6667,-5122048.0,46039.44034870972,13.443721060206302,3016
4044,0.008025096534924604,212.13203435596432,2.0479999780654907,0.09999999999999998,0.4079999999999999,-0.32699999999999996,45943.654529220235,38.711148544572595,27.603716610411503,646018382.6667,-5122048.0,46039.4403488218,13.840940690687601,3016
4047,0.010224264889200328,212.13203435596432,1.0240000486373901,0.09999999999999998,0.4079999999999999,-0.32699999999999996,28406.699612207765,38.711148544572595,27.603716610411503,646018383.4347,2561024.0,28483.49259949985,12.392980859509397,3016
4048,0.0052371336687409295,212.13203435596432,2.0479999780654907,0.6,0.4079999999999999,-0.32699999999999996,45950.467044491954,38.711148544572595,27.603716610411503,646018382.6667,-5122048.0,46039.4403488218,13.33966298898495,3016
4052,0.003084910112446095,212.13203435596432,2.0479999780654907,1.1,0.4079999999999999,-0.32699999999999996,45961.5824313194,38.711148544572595,27.603716610411503,646018382.6667,-5122048.0,46039.4403488218,12.478615107647064,3016
4056,0.005273598017830479,460.57793515969075,2.0479999780654907,0.09999999999999998,0.4079999999999999,-0.32699999999999996,45920.07196534175,38.711148544572595,27.603716610411503,646018382.6667,-5122048.0,46039.4403488218,15.451108923313823,3016
4057,0.006050106662660266,460.57793515969075,1.0240000486373901,0.09999999999999998,0.4079999999999999,-0.32699999999999996,28235.03432218128,38.711148544572595,27.603716610411503,646018382.9226999,-2561024.0,28312.377046110843,12.437260464391937,3016
4058,0.00672716474160102,460.57793515969075,1.0240000486373901,0.09999999999999998,0.4079999999999999,-0.32699999999999996,28402.969280343452,38.711148544572595,27.603716610411503,646018383.1787,1024.0,28498.047831754317,13.789746292870275,3016
4059,0.006734066907975494,460.57793515969075,1.0240000486373901,0.09999999999999998,0.4079999999999999,-0.32699999999999996,28387.444999901145,38.711148544572595,27.603716610411503,646018383.4347,2561024.0,28483.49259949985,13.859841239978438,3016
4060,0.004202025043939452,460.57793515969075,2.0479999780654907,0.6,0.4079999999999999,-0.32699999999999996,45931.78004872164,38.711148544572595,27.603716610411503,646018382.6667,-5122048.0,46039.4403488218,14.673806602253148,3016
4062,0.005267604438026175,460.57793515969075,1.0240000486373901,0.6,0.4079999999999999,-0.32699999999999996,28415.067449223105,38.711148544572595,27.603716610411503,646018383.1787,1024.0,28498.047831754317,12.882576025874013,3016
4063,0.0052969422623174315,460.57793515969075,1.0240000486373901,0.6,0.4079999999999999,-0.32699999999999996,28398.870240121367,38.711148544572595,27.603716610411503,646018383.4347,2561024.0,28483.49259949985,13.00940885501579,3016
4064,0.002835035385225678,460.57793515969075,2.0479999780654907,1.1,0.4079999999999999,-0.32699999999999996,45949.79789218737,38.711148544572595,27.603716610411503,646018382.6667,-5122048.0,46039.4403488218,13.389731635430826,3016
4080,0.007676617659930116,212.13203435596432,2.0479999780654907,0.09999999999999998,0.4119999999999999,-0.32699999999999996,45951.879995727795,38.4386558091144,27.744242187409505,646018382.6667,-5122048.0,46039.44034933039,13.233318072395567,3016
4084,0.004925456694703895,212.13203435596432,2.0479999780654907,0.6,0.4119999999999999,-0.32699999999999996,45961.0224617701,38.4386558091144,27.744242187409505,646018382.6667,-5122048.0,46039.44034933039,12.523409085411876,3016
4092,0.005148092254515189,460.57793515969075,2.0479999780654907,0.09999999999999998,0.4119999999999999,-0.32699999999999996,45925.623374954484,38.4386558091144,27.744242187409505,646018382.6667,-5122048.0,46039.44034933039,15.087542833470684,3016
4094,0.006534258755873023,460.57793515969075,1.0240000486373901,0.09999999999999998,0.4119999999999999,-0.32699999999999996,28408.493441571034,38.4386558091144,27.744242187409505,646018383.1787,1024.0,28498.047831995,13.383152873965653,3016
4095,0.006262142798609781,460.57793515969075,1.0240000486373901,0.09999999999999998,0.4119999999999999,-0.32699999999999996,28400.981661183603,38.4386558091144,27.744242187409505,646018383.4347,2561024.0,28483.49260003526,12.846084138885091,3016
4096,0.00402529675409121,460.57793515969075,2.0479999780654907,0.6,0.4119999999999999,-0.32699999999999996,45940.83526111825,38.4386558091144,27.744242187409505,646018382.6667,-5122048.0,46039.44034933039,14.043154076783585,3016
4098,0.005066239880580095,460.57793515969075,1.0240000486373901,0.6,0.4119999999999999,-0.32699999999999996,28421.5510187943,38.4386558091144,27.744242187409505,646018383.1787,1024.0,28498.047831995,12.369059236716556,3016
4100,0.0026484395546079544,460.57793515969075,2.0479999780654907,1.1,0.4119999999999999,-0.32699999999999996,45961.64536913405,38.4386558091144,27.744242187409505,646018382.6667,-5122048.0,46039.44034933039,12.47357047491539,3016
4116,0.007405868238950117,212.13203435596432,2.0479999780654907,0.09999999999999998,0.4159999999999999,-0.32699999999999996,45957.46729649084,38.16939000497916,27.884932377518254,646018382.6667,-5122048.0,46039.44034942973,12.804144090011699,3016
4128,0.004945022008115923,460.57793515969075,2.0479999780654907,0.09999999999999998,0.4159999999999999,-0.32699999999999996,45934.06274493331,38.16939000497916,27.884932377518254,646018382.6667,-5122048.0,46039.44034942973,14.517410547092613,3016
4129,0.006002570588077969,460.57793515969075,1.0240000486373901,0.09999999999999998,0.4159999999999999,-0.32699999999999996,28236.19983327121,38.16939000497916,27.884932377518254,646018382.9226999,-2561024.0,28312.37704616293,12.343193500202306,3016
4130,0.00623188807223531,460.57793515969075,1.0240000486373901,0.09999999999999998,0.4159999999999999,-0.32699999999999996,28416.36358994304,38.16939000497916,27.884932377518254,646018383.1787,1024.0,28498.04783212146,12.781568149364176,3016
4132,0.0038970240077026356,460.57793515969075,2.0479999780654907,0.6,0.4159999999999999,-0.32699999999999996,45946.62709645143,38.16939000497916,27.884932377518254,646018382.6667,-5122048.0,46039.44034942973,13.624481860114614,3016
4136,0.0025964326542359064,460.57793515969075,2.0479999780654907,1.1,0.4159999999999999,-0.32699999999999996,45964.2976248395,38.16939000497916,27.884932377518254,646018382.6667,-5122048.0,46039.44034942973,12.259096589082779,3016
4152,0.007677540247137588,212.13203435596432,2.0479999780654907,0.09999999999999998,0.41999999999999993,-0.32699999999999996,45950.348726173674,37.903305833424646,28.025773519263904,646018382.6667,-5122048.0,46039.4403491266,13.34852972824534,3016
4156,0.00497530566861092,212.13203435596432,2.0479999780654907,0.6,0.41999999999999993,-0.32699999999999996,45957.96215741105,37.903305833424646,28.025773519263904,646018382.6667,-5122048.0,46039.4403491266,12.765437063849301,3016
4164,0.005090848394604602,460.57793515969075,2.0479999780654907,0.09999999999999998,0.41999999999999993,-0.32699999999999996,45926.732223250176,37.903305833424646,28.025773519263904,646018382.6667,-5122048.0,46039.4403491266,15.013868647115762,3016
4165,0.005987193009136854,460.57793515969075,1.0240000486373901,0.09999999999999998,0.41999999999999993,-0.32699999999999996,28235.761667836516,37.903305833424646,28.025773519263904,646018382.9226999,-2561024.0,28312.37704614178,12.378641145559156,3016
4166,0.0064958053602555115,460.57793515969075,1.0240000486373901,0.09999999999999998,0.41999999999999993,-0.32699999999999996,28408.645575519353,37.903305833424646,28.025773519263904,646018383.1787,1024.0,28498.04783186128,13.371780460501704,3016
4167,0.0061426151548238765,460.57793515969075,1.0240000486373901,0.09999999999999998,0.41999999999999993,-0.32699999999999996,28403.032925757943,37.903305833424646,28.025773519263904,646018383.4347,2561024.0,28483.49259997981,12.6853990257987,3016
4168,0.00402216391085514,460.57793515969075,2.0479999780654907,0.6,0.41999999999999993,-0.32699999999999996,45939.43143277473,37.903305833424646,28.025773519263904,646018382.6667,-5122048.0,46039.4403491266,14.14276609096477,3016
4170,0.0050867108504493285,460.57793515969075,1.0240000486373901,0.6,0.41999999999999993,-0.32699999999999996,28420.042399818332,37.903305833424646,28.025773519263904,646018383.1787,1024.0,28498.04783186128,12.490430900729413,3016
4172,0.002681240058522904,460.57793515969075,2.0479999780654907,1.1,0.41999999999999993,-0.32699999999999996,45958.256444260114,37.903305833424646,28.025773519263904,646018382.6667,-5122048.0,46039.4403491266,12.742362800241109,3016
4188,0.007911249124300832,212.13203435596432,2.0479999780654907,0.09999999999999998,0.42399999999999993,-0.32699999999999996,45947.08829565094,37.64035851084072,28.16675223057614,646018382.6667,-5122048.0,46039.44034900024,13.590588901831977,3016
4192,0.00515593859219711,212.13203435596432,2.0479999780654907,0.6,0.42399999999999993,-0.32699999999999996,45953.962253680846,37.64035851084072,28.16675223057614,646018382.6667,-5122048.0,46039.44034900024,13.075021630528287,3016
4200,0.005216609979395696,460.57793515969075,2.0479999780654907,0.09999999999999998,0.42399999999999993,-0.32699999999999996,45923.483220181064,37.64035851084072,28.16675223057614,646018382.6667,-5122048.0,46039.44034900024,15.228731320709075,3016
4201,0.006142806274372592,460.57793515969075,1.0240000486373901,0.09999999999999998,0.42399999999999993,-0.32699999999999996,28233.677515879266,37.64035851084072,28.16675223057614,646018382.9226999,-2561024.0,28312.37704592728,12.545878211429608,3016
4202,0.006587793132241174,460.57793515969075,1.0240000486373901,0.09999999999999998,0.42399999999999993,-0.32699999999999996,28408.179080541984,37.64035851084072,28.16675223057614,646018383.1787,1024.0,28498.047831697866,13.40662158456648,3016
4203,0.0062328178179331594,460.57793515969075,1.0240000486373901,0.09999999999999998,0.42399999999999993,-0.32699999999999996,28402.339462759286,37.64035851084072,28.16675223057614,646018383.4347,2561024.0,28483.492599853464,12.739947966469684,3016
4204,0.004148237067089258,460.57793515969075,2.0479999780654907,0.6,0.42399999999999993,-0.32699999999999996,45935.38873640941,37.64035851084072,28.16675223057614,646018382.6667,-5122048.0,46039.44034900024,14.425783347244977,3016
4206,0.005248020665221827,460.57793515969075,1.0240000486373901,0.6,0.42399999999999993,-0.32699999999999996,28416.878013396657,37.64035851084072,28.16675223057614,646018383.1787,1024.0,28498.047831697866,12.741257261448618,3016
4208,0.002789273001290475,460.57793515969075,2.0479999780654907,1.1,0.42399999999999993,-0.32699999999999996,45953.48025191086,37.64035851084072,28.16675223057614,646018382.6667,-5122048.0,46039.44034900024,13.11183412718247,3016
4224,0.007792415956745705,212.13203435596432,2.0479999780654907,0.09999999999999998,0.42799999999999994,-0.32699999999999996,45950.317906932,37.38050377467235,28.307855404425858,646018382.6667,-5122048.0,46039.44034924634,13.350838349282474,3016
4228,0.005030924782659217,212.13203435596432,2.0479999780654907,0.6,0.42799999999999994,-0.32699999999999996,45958.48352631241,37.38050377467235,28.307855404425858,646018382.6667,-5122048.0,46039.44034924634,12.724529298479176,3016
4236,0.005176081473328742,460.57793515969075,2.0479999780654907,0.09999999999999998,0.42799999999999994,-0.32699999999999996,45925.9010971749,37.38050377467235,28.307855404425858,646018382.6667,-5122048.0,46039.44034924634,15.069124199596848,3016
4237,0.006163885948488602,460.57793515969075,1.0240000486373901,0.09999999999999998,0.42799999999999994,-0.32699999999999996,28233.276999462243,37.38050377467235,28.307855404425858,646018382.9226999,-2561024.0,28312.377046023175,12.577761848670235,3016
4238,0.006523822385662577,460.57793515969075,1.0240000486373901,0.09999999999999998,0.42799999999999994,-0.32699999999999996,28410.275992551957,37.38050377467235,28.307855404425858,646018383.1787,1024.0,28498.047831908152,13.249289743695352,3016
4239,0.006323695026413939,460.57793515969075,1.0240000486373901,0.09999999999999998,0.42799999999999994,-0.32699999999999996,28400.913541382262,37.38050377467235,28.307855404425858,646018383.4347,2561024.0,28483.492599855213,12.851385798656201,3016
4240,0.004078953882599123,460.57793515969075,2.0479999780654907,0.6,0.42799999999999994,-0.32699999999999996,45939.37242622846,37.38050377467235,28.307855404425858,646018382.6667,-5122048.0,46039.44034924634,14.146937691096216,3016
4242,0.005127169472062357,460.57793515969075,1.0240000486373901,0.6,0.42799999999999994,-0.32699999999999996,28420.94708466309,37.38050377467235,28.307855404425858,646018383.1787,1024.0,28498.047831908152,12.417789436535147,3016
4244,0.0027062873382320248,460.57793515969075,2.0479999780654907,1.1,0.42799999999999994,-0.32699999999999996,45959.02236639262,37.38050377467235,28.307855404425858,646018382.6667,-5122048.0,46039.44034924634,12.682112036543144,3016
4272,0.004756730792382501,460.57793515969075,2.0479999780654907,0.09999999999999998,0.43199999999999994,-0.32699999999999996,45943.22629687493,37.123697888430314,28.449070204481846,646018382.6667,-5122048.0,46039.44034998809,13.871845811798734,3016
4274,0.00617230468449524,460.57793515969075,1.0240000486373901,0.09999999999999998,0.43199999999999994,-0.32699999999999996,28419.05302869966,37.123697888430314,28.449070204481846,646018383.1787,1024.0,28498.047832237706,12.569391674861908,3016
4276,0.0036886313048064704,460.57793515969075,2.0479999780654907,0.6,0.43199999999999994,-0.32699999999999996,45957.43394384382,37.123697888430314,28.449070204481846,646018382.6667,-5122048.0,46039.44034998809,12.806748700920785,3016
4296,0.0075127045104473955,212.13203435596432,2.0479999780654907,0.09999999999999998,0.43599999999999994,-0.32699999999999996,45956.22628872053,36.86989764584402,28.5903840607906,646018382.6667,-5122048.0,46039.44034947379,12.900702364853146,3016
4300,0.004838257091840915,212.13203435596432,2.0479999780654907,0.6,0.43599999999999994,-0.32699999999999996,45964.31817962546,36.86989764584402,28.5903840607906,646018382.6667,-5122048.0,46039.44034947379,12.25741978136794,3016
4308,0.005033850637153561,460.57793515969075,2.0479999780654907,0.09999999999999998,0.43599999999999994,-0.32699999999999996,45931.38559039005,36.86989764584402,28.5903840607906,646018382.6667,-5122048.0,46039.44034947379,14.700663868257447,3016
4309,0.005992063236354643,460.57793515969075,1.0240000486373901,0.09999999999999998,0.43599999999999994,-0.32699999999999996,28237.25143591917,36.86989764584402,28.5903840607906,646018382.9226999,-2561024.0,28312.37704619287,12.257700459196974,3016
4310,0.006219710950591835,460.57793515969075,1.0240000486373901,0.09999999999999998,0.43599999999999994,-0.32699999999999996,28417.33180695333,36.86989764584402,28.5903840607906,646018383.1787,1024.0,28498.04783220459,12.705591308652938,3016
4312,0.003948503876435128,460.57793515969075,2.0479999780654907,0.6,0.43599999999999994,-0.32699999999999996,45945.25672627287,36.86989764584402,28.5903840607906,646018382.6667,-5122048.0,46039.44034947379,13.724694765343434,3016
4332,0.007113384983596953,212.13203435596432,2.0479999780654907,0.09999999999999998,0.4019999999999999,-0.32399999999999995,45959.788781670315,38.8677775023207,27.3079337320175,646018382.6667,-5122048.0,46039.440349281394,12.621534582694718,3016
4344,0.004805987396233971,460.57793515969075,2.0479999780654907,0.09999999999999998,0.4019999999999999,-0.32399999999999995,45935.9698623312,38.8677775023207,27.3079337320175,646018382.6667,-5122048.0,46039.440349281394,14.38544312492283,3016
4346,0.006128676839656003,460.57793515969075,1.0240000486373901,0.09999999999999998,0.4019999999999999,-0.32399999999999995,28415.89979235167,38.8677775023207,27.3079337320175,646018383.1787,1024.0,28498.04783202708,12.817803218602812,3016
4348,0.003769810312574318,460.57793515969075,2.0479999780654907,0.6,0.4019999999999999,-0.32399999999999995,45948.284175297114,38.8677775023207,27.3079337320175,646018382.6667,-5122048.0,46039.440349281394,13.502308986560783,3016
4368,0.007465191192495236,212.13203435596432,2.0479999780654907,0.09999999999999998,0.4059999999999999,-0.32399999999999995,45953.91386096804,38.59090175753,27.448912666361032,646018382.6667,-5122048.0,46039.44034902005,13.078722265727007,3016
4372,0.004882464960028451,212.13203435596432,2.0479999780654907,0.6,0.4059999999999999,-0.32399999999999995,45959.39037134479,38.59090175753,27.448912666361032,646018382.6667,-5122048.0,46039.44034902005,12.653061105934974,3016
4380,0.004991890081635419,460.57793515969075,2.0479999780654907,0.09999999999999998,0.4059999999999999,-0.32399999999999995,45930.09086152687,38.59090175753,27.448912666361032,646018382.6667,-5122048.0,46039.44034902005,14.788474396852331,3016
4382,0.00621053288845101,460.57793515969075,1.0240000486373901,0.09999999999999998,0.4059999999999999,-0.32399999999999995,28415.062688315025,38.59090175753,27.448912666361032,646018383.1787,1024.0,28498.047832065124,12.882945606506173,3016
4383,0.006226169036230039,460.57793515969075,1.0240000486373901,0.09999999999999998,0.4059999999999999,-0.32399999999999995,28399.706852781295,38.59090175753,27.448912666361032,646018383.4347,2561024.0,28483.49259976926,12.944940864134038,3016
4384,0.0039544065515354125,460.57793515969075,2.0479999780654907,0.6,0.4059999999999999,-0.32399999999999995,45941.37430752887,38.59090175753,27.448912666361032,646018382.6667,-5122048.0,46039.44034902005,14.004716454907346,3016
4388,0.0026619840894227687,460.57793515969075,2.0479999780654907,1.1,0.4059999999999999,-0.32399999999999995,45957.55424499179,38.59090175753,27.448912666361032,646018382.6667,-5122048.0,46039.44034902005,12.797351603223008,3016
4404,0.007534208544039163,212.13203435596432,2.0479999780654907,0.09999999999999998,0.4099999999999999,-0.32399999999999995,45952.222343552676,38.31733905400584,27.59007154067971,646018382.6667,-5122048.0,46039.44034909336,13.207422575255638,3016
4408,0.004878639059586094,212.13203435596432,2.0479999780654907,0.6,0.4099999999999999,-0.32399999999999995,45959.6479907752,38.31733905400584,27.59007154067971,646018382.6667,-5122048.0,46039.44034909336,12.632684458828365,3016
4416,0.005055524313872272,460.57793515969075,2.0479999780654907,0.09999999999999998,0.4099999999999999,-0.32399999999999995,45926.8268311056,38.31733905400584,27.59007154067971,646018382.6667,-5122048.0,46039.44034909336,15.007565957726799,3016
4417,0.005926108370204439,460.57793515969075,1.0240000486373901,0.09999999999999998,0.4099999999999999,-0.32399999999999995,28236.416878642412,38.31733905400584,27.59007154067971,646018382.9226999,-2561024.0,28312.377046143694,12.325596740221695,3016
4418,0.006451356394806883,460.57793515969075,1.0240000486373901,0.09999999999999998,0.4099999999999999,-0.32399999999999995,28408.16427732206,38.31733905400584,27.59007154067971,646018383.1787,1024.0,28498.04783193729,13.407725729237566,3016
4419,0.0061236707657159025,460.57793515969075,1.0240000486373901,0.09999999999999998,0.4099999999999999,-0.32399999999999995,28402.369899909987,38.31733905400584,27.59007154067971,646018383.4347,2561024.0,28483.49259996043,12.73755863974287,3016
4420,0.0039734255653835196,460.57793515969075,2.0479999780654907,0.6,0.4099999999999999,-0.32399999999999995,45940.32383164355,38.31733905400584,27.59007154067971,646018382.6667,-5122048.0,46039.44034909336,14.079525379060842,3016
4422,0.004969295657179032,460.57793515969075,1.0240000486373901,0.6,0.4099999999999999,-0.32399999999999995,28421.85761181692,38.31733905400584,27.59007154067971,646018383.1787,1024.0,28498.04783193729,12.344247252900455,3016
4424,0.0026419401773868628,460.57793515969075,2.0479999780654907,1.1,0.4099999999999999,-0.32399999999999995,45959.04683725214,38.31733905400584,27.59007154067971,646018382.6667,-5122048.0,46039.44034909336,12.680182320551953,3016
4452,0.004586892377029056,460.57793515969075,2.0479999780654907,0.09999999999999998,0.4139999999999999,-0.32399999999999995,45946.54582044069,38.04704253182609,27.731396260587744,646018382.6667,-5122048.0,46039.44034990214,13.630446028025144,3016
4456,0.003548521698964553,460.57793515969075,2.0479999780654907,0.6,0.4139999999999999,-0.32399999999999995,45959.99911634943,38.04704253182609,27.731396260587744,646018382.6667,-5122048.0,46039.44034990214,12.604858868921609,3016
4488,0.004566500818463576,460.57793515969075,2.0479999780654907,0.09999999999999998,0.4179999999999999,-0.32399999999999995,45946.73536157988,37.77996586173156,27.87287302049189,646018382.6667,-5122048.0,46039.44034985344,13.616533205890487,3016
4490,0.005922412727828606,460.57793515969075,1.0240000486373901,0.09999999999999998,0.4179999999999999,-0.32399999999999995,28421.82463032057,37.77996586173156,27.87287302049189,646018383.1787,1024.0,28498.04783222989,12.346918798576493,3016
4492,0.003539289668878182,460.57793515969075,2.0479999780654907,0.6,0.4179999999999999,-0.32399999999999995,45959.768838160606,37.77996586173156,27.87287302049189,646018382.6667,-5122048.0,46039.44034985344,12.6231146467765,3016
4512,0.007523751807119787,212.13203435596432,2.0479999780654907,0.09999999999999998,0.42199999999999993,-0.32399999999999995,45953.436101752064,37.51606325187559,28.014488299067114,646018382.6667,-5122048.0,46039.44034926239,13.115200914231204,3016
4516,0.004849425844719128,212.13203435596432,2.0479999780654907,0.6,0.42199999999999993,-0.32399999999999995,45961.44936404328,37.51606325187559,28.014488299067114,646018382.6667,-5122048.0,46039.44034926239,12.489274215831134,3016
4524,0.00502822286783153,460.57793515969075,2.0479999780654907,0.09999999999999998,0.42199999999999993,-0.32399999999999995,45929.435823683445,37.51606325187559,28.014488299067114,646018382.6667,-5122048.0,46039.44034926239,14.832702085523366,3016
4526,0.006335346691981743,460.57793515969075,1.0240000486373901,0.09999999999999998,0.42199999999999993,-0.32399999999999995,28413.04869954933,37.51606325187559,28.014488299067114,646018383.1787,1024.0,28498.047831892123,13.038338263965468,3016
4528,0.003945681938701622,460.57793515969075,2.0479999780654907,0.6,0.42199999999999993,-0.32399999999999995,45942.80136692314,37.51606325187559,28.014488299067114,646018382.6667,-5122048.0,46039.44034926239,13.90244455764905,3016
4532,0.002605320191002444,460.57793515969075,2.0479999780654907,1.1,0.42199999999999993,-0.32399999999999995,45962.164274311894,37.51606325187559,28.014488299067114,646018382.6667,-5122048.0,46039.44034926239,12.431900494332792,3016
4548,0.0077475493017687995,212.13203435596432,2.0479999780654907,0.09999999999999998,0.42599999999999993,-0.32399999999999995,45948.59736526861,37.255289453577085,28.156228854750395,646018382.6667,-5122048.0,46039.44034899863,13.479093718052482,3016
4552,0.005035060712870249,212.13203435596432,2.0479999780654907,0.6,0.42599999999999993,-0.32399999999999995,45955.65030388748,37.255289453577085,28.156228854750395,646018382.6667,-5122048.0,46039.44034899863,12.945272890993769,3016
4560,0.005125388046065086,460.57793515969075,2.0479999780654907,0.09999999999999998,0.42599999999999993,-0.32399999999999995,45925.64882838664,37.255289453577085,28.156228854750395,646018382.6667,-5122048.0,46039.44034899863,15.085855667610433,3016
4561,0.006001431509746489,460.57793515969075,1.0240000486373901,0.09999999999999998,0.42599999999999993,-0.32399999999999995,28235.661811875463,37.255289453577085,28.156228854750395,646018382.9226999,-2561024.0,28312.37704595899,12.386705299112215,3016
4562,0.006355484327742831,460.57793515969075,1.0240000486373901,0.09999999999999998,0.42599999999999993,-0.32399999999999995,28412.559987949982,37.255289453577085,28.156228854750395,646018383.1787,1024.0,28498.047831838925,13.075767196531356,3016
4563,0.006214738563277782,460.57793515969075,1.0240000486373901,0.09999999999999998,0.42599999999999993,-0.32399999999999995,28402.033006501508,37.255289453577085,28.156228854750395,646018383.4347,2561024.0,28483.492599792284,12.763980044702041,3016
4564,0.004059754466102251,460.57793515969075,2.0479999780654907,0.6,0.42599999999999993,-0.32399999999999995,45937.53334241385,37.255289453577085,28.156228854750395,646018382.6667,-5122048.0,46039.44034899863,14.276344531060973,3016
4566,0.0049990909242182595,460.57793515969075,1.0240000486373901,0.6,0.42599999999999993,-0.32399999999999995,28422.357419491047,37.255289453577085,28.156228854750395,646018383.1787,1024.0,28498.047831838925,12.303691506850942,3016
4568,0.002715589051439902,460.57793515969075,2.0479999780654907,1.1,0.42599999999999993,-0.32399999999999995,45955.77644765608,37.255289453577085,28.156228854750395,646018382.6667,-5122048.0,46039.44034899863,12.93552483222478,3016
4584,0.007710661846030252,212.13203435596432,2.0479999780654907,0.09999999999999998,0.42999999999999994,-0.32399999999999995,45949.1888186606,36.99759976613659,28.298081721256878,646018382.6667,-5122048.0,46039.44034910471,13.43514275652561,3016
4588,0.004967504500272518,212.13203435596432,2.0479999780654907,0.6,0.42999999999999994,-0.32399999999999995,45957.63404824333,36.99759976613659,28.298081721256878,646018382.6667,-5122048.0,46039.44034910471,12.791114170499974,3016
4596,0.0051386148839450705,460.57793515969075,2.0479999780654907,0.09999999999999998,0.42999999999999994,-0.32399999999999995,45924.54106676765,36.99759976613659,28.298081721256878,646018382.6667,-5122048.0,46039.44034910471,15.159108307355318,3016
4598,0.0063186028814311915,460.57793515969075,1.0240000486373901,0.09999999999999998,0.42999999999999994,-0.32399999999999995,28413.675381407113,36.99759976613659,28.298081721256878,646018383.1787,1024.0,28498.04783204966,12.990184805655847,3016
4599,0.0062345552896474685,460.57793515969075,1.0240000486373901,0.09999999999999998,0.42999999999999994,-0.32399999999999995,28400.83171502569,36.99759976613659,28.298081721256878,646018383.4347,2561024.0,28483.49259994296,12.857751352182065,3016
4600,0.004035770890032546,460.57793515969075,2.0479999780654907,0.6,0.42999999999999994,-0.32399999999999995,45938.35839404158,36.99759976613659,28.298081721256878,646018382.6667,-5122048.0,46039.44034910471,14.21843557239227,3016
4604,0.00266640033167732,460.57793515969075,2.0479999780654907,1.1,0.42999999999999994,-0.32399999999999995,45958.54582530065,36.99759976613659,28.298081721256878,646018382.6667,-5122048.0,46039.44034910471,12.71963236922054,3016
4620,0.00733353719243208,212.13203435596432,2.0479999780654907,0.09999999999999998,0.43399999999999994,-0.32399999999999995,45957.90458944097,36.742950040772214,28.44003420312221,646018382.6667,-5122048.0,46039.44034947907,12.769945969979338,3016
4632,0.004991093420770998,460.57793515969075,2.0479999780654907,0.09999999999999998,0.43399999999999994,-0.32399999999999995,45930.88526390135,36.742950040772214,28.44003420312221,646018382.6667,-5122048.0,46039.44034947907,14.734658840822767,3016
4634,0.006139305147462676,460.57793515969075,1.0240000486373901,0.09999999999999998,0.43399999999999994,-0.32399999999999995,28418.1698826594,36.742950040772214,28.44003420312221,646018383.1787,1024.0,28498.047832197648,12.639458021469732,3016
4636,0.0038718734191597174,460.57793515969075,2.0479999780654907,0.6,0.43399999999999994,-0.32399999999999995,45946.4823495279,36.742950040772214,28.44003420312221,646018382.6667,-5122048.0,46039.44034947907,13.635101756215079,3016
4656,0.007661565375733001,212.13203435596432,2.0479999780654907,0.09999999999999998,0.43799999999999994,-0.32399999999999995,45950.25262523526,36.49129668372969,28.582073871274577,646018382.6667,-5122048.0,46039.44034911527,13.355727152050388,3016
4660,0.004946440148674416,212.13203435596432,2.0479999780654907,0.6,0.43799999999999994,-0.32399999999999995,45958.44628299561,36.49129668372969,28.582073871274577,646018382.6667,-5122048.0,46039.44034911527,12.727455843149462,3016
4668,0.005125433038633717,460.57793515969075,2.0479999780654907,0.09999999999999998,0.43799999999999994,-0.32399999999999995,45924.78231286329,36.49129668372969,28.582073871274577,646018382.6667,-5122048.0,46039.44034911527,15.143185678844572,3016
4669,0.00614796185254553,460.57793515969075,1.0240000486373901,0.09999999999999998,0.43799999999999994,-0.32399999999999995,28231.260147793342,36.49129668372969,28.582073871274577,646018382.9226999,-2561024.0,28312.377045948724,12.737103136536339,3016
4670,0.006334793961978787,460.57793515969075,1.0240000486373901,0.09999999999999998,0.43799999999999994,-0.32399999999999995,28412.4409506818,36.49129668372969,28.582073871274577,646018383.1787,1024.0,28498.047831965872,13.084867693948707,3016
4672,0.004026038871638874,460.57793515969075,2.0479999780654907,0.6,0.43799999999999994,-0.32399999999999995,45938.82041732727,36.49129668372969,28.582073871274577,646018382.6667,-5122048.0,46039.44034911527,14.185903692609918,3016
4676,0.002668187126184823,460.57793515969075,2.0479999780654907,1.1,0.43799999999999994,-0.32399999999999995,45958.58646828956,36.49129668372969,28.582073871274577,646018382.6667,-5122048.0,46039.44034911527,12.71643667272457,3016
4692,0.007574143607779235,212.13203435596432,2.0479999780654907,0.09999999999999998,0.3999999999999999,-0.321,45951.078934068166,38.747042930156695,27.152163839425306,646018382.6667,-5122048.0,46039.44034908778,13.293713929494299,3016
4696,0.004900035519315158,212.13203435596432,2.0479999780654907,0.6,0.3999999999999999,-0.321,45958.874515996526,38.747042930156695,27.152163839425306,646018382.6667,-5122048.0,46039.44034908778,12.693764854546158,3016
4704,0.005055478972252817,460.57793515969075,2.0479999780654907,0.09999999999999998,0.3999999999999999,-0.321,45926.25328887928,38.747042930156695,27.152163839425306,646018382.6667,-5122048.0,46039.44034908778,15.045734293048225,3016
4705,0.006116135163745065,460.57793515969075,1.0240000486373901,0.09999999999999998,0.3999999999999999,-0.321,28231.175020157534,38.747042930156695,27.152163839425306,646018382.9226999,-2561024.0,28312.377045930898,12.743784820324286,3016
4706,0.006290675860968357,460.57793515969075,1.0240000486373901,0.09999999999999998,0.3999999999999999,-0.321,28412.215295881128,38.747042930156695,27.152163839425306,646018383.1787,1024.0,28498.047831977263,13.10210182345835,3016
4707,0.0060253660539165855,460.57793515969075,1.0240000486373901,0.09999999999999998,0.3999999999999999,-0.321,28404.464365361993,38.747042930156695,27.152163839425306,646018383.4347,2561024.0,28483.492600008518,12.572051117182482,3016
4708,0.003978642620092611,460.57793515969075,2.0479999780654907,0.6,0.3999999999999999,-0.321,45939.732649351885,38.747042930156695,27.152163839425306,646018382.6667,-5122048.0,46039.44034908778,14.121451748024798,3016
4712,0.002646839055896835,460.57793515969075,2.0479999780654907,1.1,0.3999999999999999,-0.321,45958.69861694474,38.747042930156695,27.152163839425306,646018382.6667,-5122048.0,46039.44034908778,12.707614421522262,3016
4728,0.007734030570436882,212.13203435596432,2.0479999780654907,0.09999999999999998,0.4039999999999999,-0.321,45948.04735620307,38.46905424499946,27.2937778885565,646018382.6667,-5122048.0,46039.440349062395,13.51983674896468,3016
4732,0.00497539227989368,212.13203435596432,2.0479999780654907,0.6,0.4039999999999999,-0.321,45957.04855275658,38.46905424499946,27.2937778885565,646018382.6667,-5122048.0,46039.440349062395,12.836806168655194,3016
4740,0.005176653632520715,460.57793515969075,2.0479999780654907,0.09999999999999998,0.4039999999999999,-0.321,45921.44838427755,38.46905424499946,27.2937778885565,646018382.6667,-5122048.0,46039.440349062395,15.361768438877323,3016
4741,0.005965043513077207,460.57793515969075,1.0240000486373901,0.09999999999999998,0.4039999999999999,-0.321,28235.61660448029,38.46905424499946,27.2937778885565,646018382.9226999,-2561024.0,28312.377046206326,12.390354452237212,3016
4742,0.006404549166395128,460.57793515969075,1.0240000486373901,0.09999999999999998,0.4039999999999999,-0.321,28409.97993016352,38.46905424499946,27.2937778885565,646018383.1787,1024.0,28498.047831971726,13.271616465842028,3016
4743,0.006189570733247196,460.57793515969075,1.0240000486373901,0.09999999999999998,0.4039999999999999,-0.321,28400.869037284687,38.46905424499946,27.2937778885565,646018383.4347,2561024.0,28483.492599925026,12.854848318073575,3016
4744,0.0040556348802752535,460.57793515969075,2.0479999780654907,0.6,0.4039999999999999,-0.321,45936.56405961499,38.46905424499946,27.2937778885565,646018382.6667,-5122048.0,46039.440349062395,14.34407818212141,3016
4746,0.004955968052977169,460.57793515969075,1.0240000486373901,0.6,0.4039999999999999,-0.321,28422.88010575071,38.46905424499946,27.2937778885565,646018383.1787,1024.0,28498.047831971726,12.261135854480543,3016
4748,0.0026778168165198764,460.57793515969075,2.0479999780654907,1.1,0.4039999999999999,-0.321,45957.50966772972,38.46905424499946,27.2937778885565,646018382.6667,-5122048.0,46039.440349062395,12.800834451915751,3016
4764,0.007639601647539192,212.13203435596432,2.0479999780654907,0.09999999999999998,0.4079999999999999,-0.321,45952.13403555402,38.19441955813522,27.435573243030802,646018382.6667,-5122048.0,46039.44034918257,13.214107130529031,3016
4768,0.004943886525655113,212.13203435596432,2.0479999780654907,0.6,0.4079999999999999,-0.321,45959.77822734774,38.19441955813522,27.435573243030802,646018382.6667,-5122048.0,46039.44034918257,12.622370762644396,3016
4776,0.005125383967892998,460.57793515969075,2.0479999780654907,0.09999999999999998,0.4079999999999999,-0.321,45925.74423493997,38.19441955813522,27.435573243030802,646018382.6667,-5122048.0,46039.44034918257,15.079530114867687,3016
4778,0.006264381295073131,460.57793515969075,1.0240000486373901,0.09999999999999998,0.4079999999999999,-0.321,28415.0571110115,38.19441955813522,27.435573243030802,646018383.1787,1024.0,28498.04783216655,12.883378528557559,3016
4779,0.006030805333832026,460.57793515969075,1.0240000486373901,0.09999999999999998,0.4079999999999999,-0.321,28406.62925580525,38.19441955813522,27.435573243030802,646018383.4347,2561024.0,28483.492600108977,12.398656725930339,3016
4780,0.00403016393057002,460.57793515969075,2.0479999780654907,0.6,0.4079999999999999,-0.321,45939.81391957336,38.19441955813522,27.435573243030802,646018382.6667,-5122048.0,46039.44034918257,14.115695491842562,3016
4784,0.002680859631431088,460.57793515969075,2.0479999780654907,1.1,0.4079999999999999,-0.321,45958.85268249769,38.19441955813522,27.435573243030802,646018382.6667,-5122048.0,46039.44034918257,12.695484763086862,3016
4800,0.007255245323159235,212.13203435596432,2.0479999780654907,0.09999999999999998,0.4119999999999999,-0.321,45960.07307053196,37.92309092737778,27.57753565798488,646018382.6667,-5122048.0,46039.44034955595,12.598990358278265,3016
4812,0.004914493641400812,460.57793515969075,2.0479999780654907,0.09999999999999998,0.4119999999999999,-0.321,45934.47744922438,37.92309092737778,27.57753565798488,646018382.6667,-5122048.0,46039.44034955595,14.488816399662968,3016
4814,0.006256440359659114,460.57793515969075,1.0240000486373901,0.09999999999999998,0.4119999999999999,-0.321,28415.08214328145,37.92309092737778,27.57753565798488,646018383.1787,1024.0,28498.047832174037,12.88143539304446,3016
4816,0.0038323032636149563,460.57793515969075,2.0479999780654907,0.6,0.4119999999999999,-0.321,45948.811784983016,37.92309092737778,27.57753565798488,646018382.6667,-5122048.0,46039.44034955595,13.463176785063526,3016
4848,0.004731024002700572,460.57793515969075,2.0479999780654907,0.09999999999999998,0.4159999999999999,-0.321,45941.50848514193,37.65502096462581,27.719651182465302,646018382.6667,-5122048.0,46039.44034983933,13.995132346455238,3016
4850,0.006020346115213802,460.57793515969075,1.0240000486373901,0.09999999999999998,0.4159999999999999,-0.321,28420.39645844746,37.65502096462581,27.719651182465302,646018383.1787,1024.0,28498.047832264525,12.462052304260737,3016
4852,0.0036641662949594054,460.57793515969075,2.0479999780654907,0.6,0.4159999999999999,-0.321,45955.91630690398,37.65502096462581,27.719651182465302,646018382.6667,-5122048.0,46039.44034983933,12.924708347606977,3016
4872,0.007869547285918934,212.13203435596432,2.0479999780654907,0.09999999999999998,0.41999999999999993,-0.321,45944.997969505996,37.39016284244806,27.861906154751843,646018382.6667,-5122048.0,46039.440348995624,13.743535170372168,3016
4874,0.01012124114436711,212.13203435596432,1.0240000486373901,0.09999999999999998,0.41999999999999993,-0.321,28421.355800497513,37.39016284244806,27.861906154751843,646018383.1787,1024.0,28498.047831677686,12.384831947198412,3016
4876,0.005054064211502619,212.13203435596432,2.0479999780654907,0.6,0.41999999999999993,-0.321,45954.50390441286,37.39016284244806,27.861906154751843,646018382.6667,-5122048.0,46039.440348995624,13.033529420902601,3016
4884,0.005227181124412614,460.57793515969075,2.0479999780654907,0.09999999999999998,0.41999999999999993,-0.321,45919.4780493163,37.39016284244806,27.861906154751843,646018382.6667,-5122048.0,46039.440348995624,15.489499648428025,3016
4885,0.00616383478925866,460.57793515969075,1.0240000486373901,0.09999999999999998,0.41999999999999993,-0.321,28230.602180836177,37.39016284244806,27.861906154751843,646018382.9226999,-2561024.0,28312.37704596984,12.788656312033911,3016
4886,0.00671152301444218,460.57793515969075,1.0240000486373901,0.09999999999999998,0.41999999999999993,-0.321,28400.98171508476,37.39016284244806,27.861906154751843,646018383.1787,1024.0,28498.047831677686,13.933134363302957,3016
4887,0.006176995656821729,460.57793515969075,1.0240000486373901,0.09999999999999998,0.41999999999999993,-0.321,28401.094634316138,37.39016284244806,27.861906154751843,646018383.4347,2561024.0,28483.492599943926,12.837286755992322,3016
4888,0.00410226952660766,460.57793515969075,2.0479999780654907,0.6,0.41999999999999993,-0.321,45934.34600996616,37.39016284244806,27.861906154751843,646018382.6667,-5122048.0,46039.440348995624,14.497885296101863,3016
4890,0.005241681020035645,460.57793515969075,1.0240000486373901,0.6,0.41999999999999993,-0.321,28413.711649325975,37.39016284244806,27.861906154751843,646018383.1787,1024.0,28498.047831677686,12.98739252904228,3016
4892,0.0027045639683566528,460.57793515969075,2.0479999780654907,1.1,0.41999999999999993,-0.321,45955.91804570691,37.39016284244806,27.861906154751843,646018382.6667,-5122048.0,46039.440348995624,12.924573748384525,3016
4908,0.007954605050204077,212.13203435596432,2.0479999780654907,0.09999999999999998,0.42399999999999993,-0.321,45945.55945316662,37.12847029964427,28.00428719770211,646018382.6667,-5122048.0,46039.44034904305,13.702619886461678,3016
4912,0.005135896157400186,212.13203435596432,2.0479999780654907,0.6,0.42399999999999993,-0.321,45954.102680862336,37.12847029964427,28.00428719770211,646018382.6667,-5122048.0,46039.44034904305,13.064277108260761,3016
4920,0.005260495530606722,460.57793515969075,2.0479999780654907,0.09999999999999998,0.42399999999999993,-0.321,45920.93905806406,37.12847029964427,28.00428719770211,646018382.6667,-5122048.0,46039.44034904305,15.39488817620885,3016
4921,0.006239929359861971,460.57793515969075,1.0240000486373901,0.09999999999999998,0.42399999999999993,-0.321,28230.924379994198,37.12847029964427,28.00428719770211,646018382.9226999,-2561024.0,28312.37704596946,12.763437309382045,3016
4922,0.006571570440033736,460.57793515969075,1.0240000486373901,0.09999999999999998,0.42399999999999993,-0.321,28408.350959522075,37.12847029964427,28.00428719770211,646018383.1787,1024.0,28498.047831855616,13.393795006161715,3016
4923,0.0060698232406637175,460.57793515969075,1.0240000486373901,0.09999999999999998,0.42399999999999993,-0.321,28406.46185059758,37.12847029964427,28.00428719770211,646018383.4347,2561024.0,28483.492600088983,12.41215126329045,3016
4924,0.004151850794759678,460.57793515969075,2.0479999780654907,0.6,0.42399999999999993,-0.321,45934.591725229686,37.12847029964427,28.00428719770211,646018382.6667,-5122048.0,46039.44034904305,14.480927029259059,3016
4926,0.005162629699430113,460.57793515969075,1.0240000486373901,0.6,0.42399999999999993,-0.321,28419.289040802512,37.12847029964427,28.00428719770211,646018383.1787,1024.0,28498.047831855616,12.550600866341323,3016
4928,0.0027571773059711225,460.57793515969075,2.0479999780654907,1.1,0.42399999999999993,-0.321,45954.96069864403,37.12847029964427,28.00428719770211,646018382.6667,-5122048.0,46039.44034904305,12.998434551823687,3016
4932,0.015637342662760498,97.70333436489459,2.0479999780654907,0.09999999999999998,0.42799999999999994,-0.321,45959.293299902376,36.86989764584403,28.146781214122036,646018382.6667,-5122048.0,46039.44034849593,12.660730515539534,3016
4936,0.007946606639567887,97.70333436489459,2.0479999780654907,0.6,0.42799999999999994,-0.321,45963.8129016802,36.86989764584403,28.146781214122036,646018382.6667,-5122048.0,46039.44034849593,12.298572829050963,3016
4944,0.008623607414484752,212.13203435596432,2.0479999780654907,0.09999999999999998,0.42799999999999994,-0.321,45930.41036389564,36.86989764584403,28.146781214122036,646018382.6667,-5122048.0,46039.44034849593,14.766853733974363,3016
4948,0.005611851614652076,212.13203435596432,2.0479999780654907,0.6,0.42799999999999994,-0.321,45938.9910908111,36.86989764584403,28.146781214122036,646018382.6667,-5122048.0,46039.44034849593,14.173867339920688,3016
4952,0.0032873365565339817,212.13203435596432,2.0479999780654907,1.1,0.42799999999999994,-0.321,45952.84119757075,36.86989764584403,28.146781214122036,646018382.6667,-5122048.0,46039.44034849593,13.160482584250738,3016
4956,0.0055896836991901335,460.57793515969075,2.0479999780654907,0.09999999999999998,0.42799999999999994,-0.321,45906.574328369745,36.86989764584403,28.146781214122036,646018382.6667,-5122048.0,46039.44034849593,16.30128952728515,3016
4957,0.006344063487081556,460.57793515969075,1.0240000486373901,0.09999999999999998,0.42799999999999994,-0.321,28228.40960589521,36.86989764584403,28.146781214122036,646018382.9226999,-2561024.0,28312.377045924546,12.958969097064552,3016
4958,0.006713138396976354,460.57793515969075,1.0240000486373901,0.09999999999999998,0.42799999999999994,-0.321,28404.576804608892,36.86989764584403,28.146781214122036,646018383.1787,1024.0,28498.047831812015,13.672675466281097,3016
4959,0.006628100451123749,460.57793515969075,1.0240000486373901,0.09999999999999998,0.42799999999999994,-0.321,28391.63911972437,36.86989764584403,28.146781214122036,646018383.4347,2561024.0,28483.49259965563,13.553854059363482,3016
4960,0.004469954345421994,460.57793515969075,2.0479999780654907,0.6,0.42799999999999994,-0.321,45919.18204655363,36.86989764584403,28.146781214122036,646018382.6667,-5122048.0,46039.44034849593,15.508597740756812,3016
4962,0.005269059720352414,460.57793515969075,1.0240000486373901,0.6,0.42799999999999994,-0.321,28416.298325805867,36.86989764584403,28.146781214122036,646018383.1787,1024.0,28498.047831812015,12.786673219109675,3016
4963,0.005212698786286698,460.57793515969075,1.0240000486373901,0.6,0.42799999999999994,-0.321,28402.939148830643,36.86989764584403,28.146781214122036,646018383.4347,2561024.0,28483.49259965563,12.692789356558906,3016
4964,0.0030144042753009154,460.57793515969075,2.0479999780654907,1.1,0.42799999999999994,-0.321,45939.92409920259,36.86989764584403,28.146781214122036,646018382.6667,-5122048.0,46039.44034849593,14.107887814506112,3016
4968,0.01536390503040852,97.70333436489459,2.0479999780654907,0.09999999999999998,0.43199999999999994,-0.321,45961.360862974725,36.61439976520287,28.28937538216596,646018382.6667,-5122048.0,46039.44034851357,12.496358312632116,3016
4980,0.008654459411507633,212.13203435596432,2.0479999780654907,0.09999999999999998,0.43199999999999994,-0.321,45928.71533359529,36.61439976520287,28.28937538216596,646018382.6667,-5122048.0,46039.44034851357,14.881197190970898,3016
4982,0.010625378553338907,212.13203435596432,1.0240000486373901,0.09999999999999998,0.43199999999999994,-0.321,28416.00155287095,36.61439976520287,28.28937538216596,646018383.1787,1024.0,28498.04783157823,12.809861725036919,3016
4983,0.01052483877812649,212.13203435596432,1.0240000486373901,0.09999999999999998,0.43199999999999994,-0.321,28402.67468411429,36.61439976520287,28.28937538216596,646018383.4347,2561024.0,28483.492599494424,12.713608093703035,3016
4984,0.0055812305995225076,212.13203435596432,2.0479999780654907,0.6,0.43199999999999994,-0.321,45939.25185385939,36.61439976520287,28.28937538216596,646018382.6667,-5122048.0,46039.44034851357,14.155457933545149,3016
4988,0.0032348345162628396,212.13203435596432,2.0479999780654907,1.1,0.43199999999999994,-0.321,45954.904384820475,36.61439976520287,28.28937538216596,646018382.6667,-5122048.0,46039.44034851357,13.002766143639995,3016
4992,0.005647535993087791,460.57793515969075,2.0479999780654907,0.09999999999999998,0.43199999999999994,-0.321,45902.63288277296,36.61439976520287,28.28937538216596,646018382.6667,-5122048.0,46039.44034851357,16.54130984780894,3016
4993,0.006430469477379782,460.57793515969075,1.0240000486373901,0.09999999999999998,0.43199999999999994,-0.321,28225.168671434047,36.61439976520287,28.28937538216596,646018382.9226999,-2561024.0,28312.377045853653,13.20669333479097,3016
4994,0.006981245370735539,460.57793515969075,1.0240000486373901,0.09999999999999998,0.43199999999999994,-0.321,28395.54542545436,36.61439976520287,28.28937538216596,646018383.1787,1024.0,28498.04783157823,14.317989113270954,3016
4995,0.0069314058272505474,460.57793515969075,1.0240000486373901,0.09999999999999998,0.43199999999999994,-0.321,28381.695742431177,36.61439976520287,28.28937538216596,646018383.4347,2561024.0,28483.492599494424,14.268626918049785,3016
4996,0.004477231912543017,460.57793515969075,2.0479999780654907,0.6,0.43199999999999994,-0.321,45917.76220686411,36.61439976520287,28.28937538216596,646018382.6667,-5122048.0,46039.44034851357,15.599880874510754,3016
4997,0.005073910513764891,460.57793515969075,1.0240000486373901,0.6,0.43199999999999994,-0.321,28235.355028224603,36.61439976520287,28.28937538216596,646018382.9226999,-2561024.0,28312.377045853653,12.41144775028679,3016
4998,0.005482747201217043,460.57793515969075,1.0240000486373901,0.6,0.43199999999999994,-0.321,28408.2552010543,36.61439976520287,28.28937538216596,646018383.1787,1024.0,28498.04783157823,13.400942543263941,3016
4999,0.005422524485614078,460.57793515969075,1.0240000486373901,0.6,0.43199999999999994,-0.321,28395.326716135507,36.61439976520287,28.28937538216596,646018383.4347,2561024.0,28483.492599494424,13.278997203020806,3016
5000,0.0029834076308797304,460.57793515969075,2.0479999780654907,1.1,0.43199999999999994,-0.321,45941.172268695445,36.61439976520287,28.28937538216596,646018382.6667,-5122048.0,46039.44034851357,14.019135481057635,3016
5016,0.008222422475290583,212.13203435596432,2.0479999780654907,0.09999999999999998,0.43599999999999994,-0.321,45941.50157579146,36.36193211925238,28.43205715076987,646018382.6667,-5122048.0,46039.440348860604,13.995625964503702,3016
5020,0.005352233166931651,212.13203435596432,2.0479999780654907,0.6,0.43599999999999994,-0.321,45948.97866361658,36.36193211925238,28.43205715076987,646018382.6667,-5122048.0,46039.440348860604,13.450775832198163,3016
5024,0.0031397366377299073,212.13203435596432,2.0479999780654907,1.1,0.43599999999999994,-0.321,45960.95262219164,36.36193211925238,28.43205715076987,646018382.6667,-5122048.0,46039.440348860604,12.528984529399459,3016
5028,0.005406132542175344,460.57793515969075,2.0479999780654907,0.09999999999999998,0.43599999999999994,-0.321,45916.55229936157,36.36193211925238,28.43205715076987,646018382.6667,-5122048.0,46039.440348860604,15.677247813250714,3016
5029,0.006350892395719793,460.57793515969075,1.0240000486373901,0.09999999999999998,0.43599999999999994,-0.321,28229.36220373482,36.36193211925238,28.43205715076987,646018382.9226999,-2561024.0,28312.377045863974,12.885250647864975,3016
5030,0.006555734133025784,460.57793515969075,1.0240000486373901,0.09999999999999998,0.43599999999999994,-0.321,28409.81764355199,36.36193211925238,28.43205715076987,646018383.1787,1024.0,28498.047831903034,13.283838929394205,3016
5031,0.006258266137479165,460.57793515969075,1.0240000486373901,0.09999999999999998,0.43599999999999994,-0.321,28402.51923932493,36.36193211925238,28.43205715076987,646018383.4347,2561024.0,28483.49260003575,12.725828909019432,3016
5032,0.004302783008977817,460.57793515969075,2.0479999780654907,0.6,0.43599999999999994,-0.321,45929.25176332297,36.36193211925238,28.43205715076987,646018382.6667,-5122048.0,46039.440348860604,14.845105963759996,3016
5033,0.005066470128449566,460.57793515969075,1.0240000486373901,0.6,0.43599999999999994,-0.321,28237.307039172007,36.36193211925238,28.43205715076987,646018382.9226999,-2561024.0,28312.377045863974,12.253163403135302,3016
5034,0.005161393194299142,460.57793515969075,1.0240000486373901,0.6,0.43599999999999994,-0.321,28420.416384672637,36.36193211925238,28.43205715076987,646018383.1787,1024.0,28498.047831903034,12.46045322052104,3016
5036,0.0028920246109782155,460.57793515969075,2.0479999780654907,1.1,0.43599999999999994,-0.321,45948.586129491196,36.36193211925238,28.43205715076987,646018382.6667,-5122048.0,46039.440348860604,13.479927252727174,3016
